595.7	474.6	154.91	74.1
599.3	475.4	154.3	78.7
604.7	477.6	156.9	79.8
605.2	473.1	161.3	83.7
611.21	469.9	164.24	87.7
617.23	474.7	167.17	89.2
620.8	474	167.3	91.7
619.7	470.4	174.48	104.53
629.4	474.1	170.86	110.05
631	483.2	175.34	104.27
632.8	487	177.2	95.9
653.3	487.8	165.2	99.4
657.1	491.3	165.94	99
664.69	498	162.89	97.3
672.29	499.9	159.83	98.3
682.8	501.8	157.8	101.59
683.5	500.55	160.98	108.02
684.2	499.3	164.17	114.46
690	502.78	162.25	116.16
701.81	498.4	154.32	125.73
707.7	500.4	152.32	128.91
722	513.21	141.9	121.29
725.73	515.66	140.77	124.33
729.46	518.12	139.63	127.36
733.19	520.57	138.5	130.4
736.92	523.03	137.37	133.43
740.65	525.48	136.23	136.47
744.38	527.94	135.1	139.5
748.11	530.39	133.97	142.54
751.84	532.85	132.84	145.57
755.57	535.3	131.7	148.61
759.3	535	130.57	154.4
763.84	535.45	126.39	159.21
768.38	535.9	122.22	164.02
776.4	539.74	114.56	165.44
780.44	540.6	110.88	174.3
784.49	540.5	107.19	175.2
788.53	552.6	103.52	168.36
792.57	552.2	99.84	174.02
796.62	556.5	96.15	174.98
800.66	561.05	92.48	175.69
804.7	565.6	88.8	176.4
805.78	567.4	88.95	179.79
806.86	570.1	89.1	182.29
807.94	581	89.25	176.58
809.02	584.8	89.4	177.98
810.1	587.4	89.55	180.57
811.18	593.18	89.7	179.98
812.26	598.96	89.85	179.4
813.34	604.74	90	178.81
814.42	610.52	90.15	178.22
815.5	616.3	90.3	177.64
815.5	616.8	91.38	181.11
815.5	616.7	92.46	185.17
815.51	622.3	93.53	183.54
815.51	627.9	94.61	181.91
815.51	633.5	95.69	180.28
815.51	637	96.77	180.74
815.51	640.5	97.85	181.21
815.52	644	98.92	181.68
815.52	647.5	100	182.15
815.52	651	101.08	182.61
815.31	660.43	102.09	174.85
815.09	669.85	103.11	167.09
814.88	679.28	104.11	159.32
814.66	688.7	105.13	151.56
814.45	695	106.14	146.92
814.23	698.9	107.16	144.68
814.02	701.83	108.16	143.41
813.81	704.75	109.17	142.16
813.59	707.68	110.19	140.89
813.38	710.6	111.2	139.63
812.87	719.45	111.71	132.95
812.36	728.3	112.22	126.26
811.86	732.85	112.73	123.88
811.35	737.4	113.24	121.5
810.84	741.95	113.75	119.11
810.33	746.5	114.26	116.73
809.82	751.05	114.77	114.35
809.32	755.6	115.28	111.97
808.81	765.7	115.79	104.03
808.3	771.4	116.3	100.5
810.18	781.4	113.99	94.76
812.06	785.5	111.68	94.92
815.41	790.59	109.37	100
817.08	792.69	107.06	101.32
818.75	794.8	104.75	102.62
819.56	792.44	103.3	108.4
820.38	790.09	101.84	114.16
821.19	787.73	100.39	119.94
822	785.38	98.94	125.7
827.1	783.02	93.2	131.48
830.85	786.12	89.38	132.88
831.87	787.01	88.29	133.17
832.9	787.9	87.19	133.46
836.62	791.63	83.4	130.9
840.33	795.37	79.62	128.34
844.05	799.1	75.83	125.79
847.77	802.84	72.04	123.23
851.48	806.57	68.26	120.67
855.2	810.3	64.47	118.12
860.2	814.04	59.4	115.56
858.84	812.6	61.63	119.16
857.47	811.95	63.87	121.97
856.11	811.3	66.1	124.78
852.8	812.65	70.28	125.59
849.5	814	74.45	126.4
848.91	816.36	75.91	126.2
848.33	818.72	77.36	126
847.74	821.08	78.82	125.8
847.15	823.44	80.28	125.6
846.57	825.8	81.73	125.4
847	831.37	83.39	120.33
847.43	836.93	85.05	115.27
847.87	842.5	86.7	110.2
848.3	848.5	88.36	104.7
848.73	846.9	90.02	106.8
849.17	848.26	91.67	105.94
849.6	849.63	93.33	105.07
850.03	850.99	94.99	104.21
850.47	852.35	96.64	103.35
850.9	853.71	98.3	102.49
850.04	860.01	101.4	96.84
849.18	866.3	104.5	91.2
848.32	870	107.6	88.15
847.46	874.4	110.7	84.4
846.6	878.8	113.8	80.65
841.3	885.32	121.33	74.78
841.55	890.87	123.32	69.88
841.8	896.41	125.3	64.99
842.05	901.96	127.28	60.09
842.3	907.5	129.27	55.2
844.18	907.86	127.92	53.26
847.5	908.22	127	51.32
848.89	908.58	127.51	49.38
850.29	908.94	128.76	47.44
851.68	909.3	130.02	45.5
855.49	908.14	127.79	48.25
859.29	906.98	125.57	50.99
863.1	905.82	123.34	53.74
862.4	904.66	125.62	56.49
861.6	903.5	128	59.24
865.13	902.34	125.05	57.95
868.65	901.18	122.11	56.66
872.18	900.02	119.16	55.37
875.7	898.86	116.22	54.09
871.9	897.7	120.6	52.8
873.63	893.9	124.67	59.05
878.3	892.5	120.9	62.91
879.05	891.1	121.05	66.76
879.81	889.7	121.19	70.61
880.56	888.3	121.34	74.46
883.89	886.56	119.87	76.2
887.22	884.82	118.4	77.94
890.55	883.08	116.93	79.68
893.87	881.34	115.47	81.42
897.2	879.6	114	83.16
900.96	879.32	112.12	83.44
904.72	879.04	110.24	83.72
908.48	878.76	108.36	84
912.24	878.48	106.48	84.28
916	878.2	104.6	84.56
916	876.46	105.46	86.3
916	874.72	106.32	88.04
916	872.98	107.18	89.78
916	871.24	108.04	91.52
916	869.5	108.9	93.26
918.16	868.64	108.62	94.12
920.32	867.78	108.34	94.98
922.48	866.92	108.06	95.84
924.64	866.06	107.78	96.7
926.8	865.2	107.5	97.56
927.67	864.55	108.22	98.29
928.53	863.9	108.95	99.01
929.4	863.25	109.67	99.73
930.26	862.6	110.4	100.45
931.13	861.95	111.12	101.17
931.99	861.3	111.85	101.9
932.86	860.65	112.57	102.62
933.73	860	113.29	103.34
934.59	859.35	114.02	104.06
935.46	858.7	114.74	104.79
937.19	858.7	115.15	104.78
938.91	858.7	115.57	104.78
940.64	858.7	115.98	104.78
942.37	858.7	116.39	104.78
944.1	858.7	116.8	104.78
948.14	858.42	115.82	100.59
952.18	858.14	114.84	96.39
956.22	857.86	113.86	92.19
960.26	857.58	112.88	88
964.3	857.3	111.9	83.8
967.9	857.3	111.48	83.8
971.5	857.3	111.06	83.8
975.1	857.3	110.64	83.8
978.7	857.3	110.22	83.8
982.3	857.3	109.8	83.8
980.42	855.86	113.7	80.2
978.54	854.41	117.6	76.61
976.66	852.97	121.5	73.01
974.78	851.53	125.4	69.41
972.9	850.09	129.3	65.81
972.9	849.23	131.6	65.23
972.9	848.37	133.9	64.65
972.9	847.51	136.2	64.07
972.9	846.66	138.5	63.48
972.9	845.8	140.8	62.9
973.19	845.8	143.11	62.9
973.48	845.8	145.42	62.9
973.76	845.8	147.74	62.9
974.05	845.8	150.05	62.9
974.34	845.8	152.36	62.9
976.51	845.94	151.63	62.9
978.67	846.09	150.91	62.9
980.83	846.23	150.19	62.9
983	846.38	149.46	62.9
985.16	846.52	148.74	62.9
984.3	846.52	151.04	62.9
986.5	846.52	150.28	62.9
988.7	846.52	149.52	62.9
990.9	846.52	148.76	62.9
993.1	846.52	148	62.9
993.82	843.86	149.3	65.42
994.54	841.2	150.6	67.93
995.26	841.77	151.9	67.22
995.99	842.34	153.19	66.5
996.71	842.91	154.49	65.79
1002.04	840.17	151.32	65.65
1007.38	837.43	148.14	65.51
1012.72	834.69	144.96	65.37
1018.06	831.94	141.78	65.24
1023.4	829.2	138.6	65.1
1025.56	828.62	137.16	65.68
1027.72	828.04	135.72	66.26
1029.88	827.46	134.28	66.84
1032.04	826.88	132.84	67.42
1034.2	826.3	131.4	68
1038.82	825.23	126.34	69.07
1043.44	824.15	121.28	70.15
1048.06	823.08	116.22	71.22
1052.68	822	111.16	72.3
1057.3	821.4	106.1	72.9
1060.01	819.92	103.57	71.68
1062.71	818.44	101.04	70.45
1065.42	816.96	98.51	69.22
1068.12	815.48	95.98	68
1071.44	813.3	93.38	68.45
1074.76	812.4	90.78	67.62
1078.08	811.5	88.18	66.78
1081.39	810.6	85.6	65.95
1084.71	809.7	83	65.12
1086.88	806.5	80.69	72.4
1089.04	805.14	78.38	71.66
1091.21	803.77	76.07	70.93
1093.37	802.41	73.77	70.19
1095.53	801.04	71.47	69.46
1101.31	799.78	66.27	70.72
1107.08	798.52	61.08	71.98
1112.85	797.26	55.89	73.24
1118.63	796	50.69	74.5
1124.4	800.3	45.5	70.2
1125.12	799.3	49.28	72.2
1125.84	798.3	48.16	74.2
1126.56	797.3	47.04	76.2
1127.28	796.3	45.92	78.2
1128	795.3	44.8	80.2
1125.7	791.4	47.1	84.1
1123.4	787.5	49.4	88
1121.1	783.6	51.7	91.9
1118.8	779.7	54	95.8
1116.5	775.8	56.3	99.7
1113.62	775.8	59.18	93.06
1110.74	775.8	62.06	86.42
1107.86	775.8	64.94	79.78
1104.98	775.8	67.82	73.14
1102.1	775.8	70.7	66.5
1099.94	772.4	72.86	67.6
1097.78	773.25	75.02	64.45
1095.62	774.1	77.18	61.3
1093.46	774.95	79.34	58.15
1091.3	775.8	81.5	55
1088.28	771.95	84.52	57.41
1085.26	768.1	87.54	59.82
1082.24	765.87	90.56	60.61
1079.22	763.63	93.58	61.41
1076.2	761.4	96.6	62.2
1072.88	757.8	91.85	65.22
1069.56	754.2	87.11	68.24
1066.24	750.6	82.36	71.26
1062.92	752.75	83.73	68.53
1059.6	754.9	85.1	65.8
1055.84	753.46	82.96	65.8
1053.8	752.02	83	65.8
1049.47	750.58	84.43	65.8
1045.13	749.14	86.87	65.8
1040.8	747.7	89.3	65.8
1037.48	745.68	90.32	66.38
1034.16	743.66	93.34	66.96
1030.84	741.64	95.46	67.54
1027.52	739.62	97.58	68.12
1024.2	737.6	101.7	68.7
1019.87	736.3	101.73	68.7
1015.54	735	103.46	68.7
1011.21	733.71	105.19	68.69
1006.89	732.41	106.91	68.7
1002.56	731.11	110.44	68.7
999.63	730.96	111.21	67.69
996.7	730.82	111.97	66.66
992.87	730.67	113.64	65.65
989.03	730.53	115.31	64.63
985.2	730.39	116.98	63.61
981.74	728.29	117.85	63.55
978.27	726.2	118.73	63.48
974.81	725.87	118.39	61.65
971.35	725.53	118.05	59.83
967.89	725.2	117.71	58
964.86	723.92	118.82	57.26
961.83	722.64	119.93	56.52
958.8	721.36	121.04	55.78
955.77	720.08	122.15	55.04
952.74	718.8	123.26	54.3
948.84	716.06	122.51	56.02
944.95	713.32	121.75	57.74
941.05	710.58	123.85	59.46
937.16	707.84	120.04	61.18
933.26	705.1	121.54	53.5
930.66	706.1	124.74	50.7
928.07	703.4	126.83	51.6
925.47	702	120.53	53.2
922.87	698.5	116.03	52.1
918.2	699.9	119.5	47.8
912.41	695.8	124.49	53.2
903.1	696.2	133.8	50.6
893.3	694.7	123.4	47.9
890.2	689.06	123.05	52.74
886.9	683.42	122.9	56.48
881	686.4	128.08	54.4
877.11	682.05	131.25	56.75
873.23	677.69	134.41	57.71
869.34	673.34	137.58	61.06
865.45	668.99	140.75	64.41
860.98	664.95	147.62	67.15
856.51	660.91	150.57	69.89
852.03	656.88	153.52	72.62
847.56	652.84	156.47	75.36
843.09	648.8	159.41	78.1
839.29	645.04	161.34	79.4
835.5	641.28	163.26	80.7
831.7	637.52	165.19	82
829.1	633.76	162.59	83.29
826.5	630	160	84.59
820.6	624.23	169.4	84.16
819.8	618.46	162.87	83.74
815.2	612.69	160.15	83.31
814.72	606.92	153.3	82.88
814.23	601.14	146.47	82.46
813.09	594.94	139.81	86.78
811.94	588.73	133.16	91.11
810.79	582.52	126.51	95.44
809.65	576.31	119.85	99.77
808.5	570.1	113.2	104.1
803.16	564.91	112.04	108.29
797.82	559.71	110.88	112.49
792.49	554.52	109.71	116.68
787.15	549.32	108.55	120.88
781.81	544.13	107.39	125.07
778.06	538.07	108.68	126.09
774.31	532.01	109.97	127.11
770.56	525.95	111.26	128.13
766.8	519.89	112.56	129.15
763.05	513.83	113.85	130.17
758.29	509.07	118.41	126.41
753.53	504.3	117.27	122.66
748.77	499.53	116.13	118.91
744.01	494.77	114.99	115.15
739.25	490	113.84	111.4
733.2	485.67	112.1	111.43
727.15	481.34	110.36	111.56
721.1	477.02	108.62	111.58
715.05	472.69	106.88	102.81
709	468.36	105.14	94.04
704.38	464.47	107.89	90.71
699.77	460.58	110.63	87.38
695.15	456.68	113.39	84.06
690.53	452.79	116.14	80.73
685.92	448.9	118.88	77.4
680.72	445.14	125.58	78.42
674.1	441.38	128.05	79.44
669.38	437.62	122.02	80.46
664.66	433.86	123.84	81.48
659.95	430.1	129.75	82.5
655.43	426.49	128.49	82.5
650.92	422.89	127.22	82.5
646.4	419.28	125.96	82.5
641	415.67	125.58	82.5
639.75	412.06	121.05	82.5
633.9	408.75	123	82.5
629.77	405.43	123.23	82.5
625.64	402.11	123.46	82.5
621.51	398.79	123.69	82.5
617.39	395.47	123.91	82.5
611.72	392.61	122.38	80.33
609.53	390.62	121.27	78.16
607.34	388.63	117.86	75.99
605.15	386.64	119.95	73.82
602.96	384.65	125.24	71.65
599.5	381.77	117.6	71.64
596.03	378.88	114.17	71.65
592.57	376	113.23	71.64
589.11	373.11	113.69	71.65
585.65	370.22	115.15	71.65
580.74	369.21	108.86	71.65
575.84	368.2	106.86	71.65
570.93	367.19	104.87	71.65
566.03	366.18	102.87	71.65
561.12	365.17	100.88	71.65
557.66	364.17	100.44	67.17
554.2	363.16	98.6	62.69
545.9	362.15	106.5	58.22
543.8	361.13	107.4	53.75
538.6	360.12	116.2	49.28
531.6	359.84	122.34	50.44
528.34	359.55	121.43	51.61
525.08	359.27	120.52	52.77
521.82	358.98	125.88	53.94
518.56	358.7	131.24	55.1
514.95	359.57	137.05	55.1
511.35	360.43	137.75	55.1
507.74	361.3	145.36	55.1
504.13	362.16	148.47	55.1
500.52	363.03	148.98	55.1
498.94	361.72	149.96	56.84
497.35	360.42	151.25	58.57
495.76	359.11	141.44	60.32
491.4	357.81	131.5	62.05
492.59	356.5	132.91	63.79
489.49	361.72	150.31	65.81
487.05	356.5	119.45	67.84
486	356.5	118.6	69.86
484.95	356.5	118.55	71.88
483.9	356.5	117	73.9
482.32	355.2	118.38	77.22
480.74	353.9	118.66	80.54
479.16	352.6	119.04	83.86
477.58	351.3	117.42	87.18
476	350	119.4	90.5
473.84	346.5	118.74	96.02
471.68	345.6	121.22	98.94
469.52	347.07	121.85	99.49
467.36	348.53	122.47	100.05
465.2	350	123.1	100.6
464.48	350	119.62	103.34
463.76	350	118.79	106.08
463.04	350	117.96	108.82
462.32	350	109.43	111.56
461.6	350	100.9	114.3
460.6	351.74	99.74	114.44
459.6	353.48	98.58	114.58
458.6	355.22	97.42	114.72
457.6	356.96	96.26	114.86
456.6	358.7	95.1	115
455.44	360.58	92.94	115
454.28	362.46	90.78	115
453.12	364.34	88.62	115
451.96	366.22	86.46	115
450.8	368.1	84.3	115
449.64	367.75	82.86	117.09
448.48	367.4	81.42	119.18
447.32	373.17	79.98	115.15
446.16	378.93	78.54	111.13
445	384.7	77.1	107.1
445	386.28	76.24	106.38
445	387.86	75.38	105.66
445	389.44	74.52	104.94
445	391.02	73.66	104.22
445	392.6	72.8	103.5
445	392.6	72.36	105.52
445	392.6	71.92	107.54
445	392.6	71.48	109.56
445	392.6	71.04	111.58
445	392.6	70.6	113.6
444.14	392.6	70.3	114.46
443.28	392.6	70	115.32
442.42	392.6	69.7	116.18
441.56	392.6	69.4	117.04
440.7	392.6	69.1	117.9
439.4	392.16	64.62	121.08
438.1	391.72	60.14	124.26
436.8	391.28	55.66	127.44
435.5	390.84	51.18	130.62
434.2	390.4	46.7	133.8
434.2	391.84	46.7	134.38
434.2	393.28	46.7	134.96
434.2	394.72	46.7	135.54
434.2	396.16	46.7	136.12
434.2	397.6	46.7	136.7
434.2	397.6	45.4	139.16
434.2	397.6	44.1	141.62
434.2	397.6	42.8	144.08
434.2	397.6	41.5	146.54
434.2	397.6	40.2	149
434.2	402.2	40.2	146.86
434.2	406.8	40.2	144.72
434.2	411.4	40.2	142.58
434.2	416	40.2	140.44
434.2	420.6	40.2	138.3
434.2	422.5	40.2	138.86
434.2	424.4	40.2	139.42
434.2	426.3	40.2	139.98
434.2	428.2	40.2	140.54
434.2	430.1	40.2	141.1
434.2	431.68	40.2	142.54
434.2	433.26	40.2	143.98
434.2	434.84	40.2	145.42
434.2	436.42	40.2	146.86
434.2	438	40.2	148.3
434.2	438	39.04	150.76
434.2	438	37.88	153.22
434.2	438	36.72	155.68
434.2	438	35.56	158.14
434.2	438	34.4	160.6
432.46	439.59	36.72	160.6
430.72	441.17	39.04	160.6
428.98	442.76	41.36	160.6
427.24	444.35	43.68	160.6
425.5	445.94	46	160.6
425.34	447.09	47.32	162.18
425.19	448.24	48.63	163.76
425.03	449.4	49.95	165.33
424.88	450.55	51.26	166.92
424.72	451.71	52.58	168.49
424.72	451.71	51.86	169.49
424.72	451.71	51.14	170.49
424.72	451.71	50.42	171.49
424.72	451.71	49.7	172.49
424.72	451.71	48.98	173.49
423.28	456.47	50.42	170.89
421.83	461.22	51.87	168.3
420.39	465.98	53.31	165.7
418.94	470.74	54.76	163.1
417.5	475.5	56.2	160.5
416.5	481.71	58.5	155.59
415.5	487.91	60.8	150.69
414.5	494.12	63.1	145.78
413.5	500.33	65.4	140.86
412.5	506.54	67.7	135.95
412.22	507.26	68.7	136.95
411.94	507.98	69.7	137.96
411.66	508.7	70.7	138.96
411.38	509.42	71.7	139.96
411.1	510.14	72.7	140.96
409.08	511.87	75.73	140.09
407.06	513.61	78.76	139.21
405.04	515.34	81.79	138.34
403.02	517.07	84.82	137.47
401	518.8	87.85	136.6
398.12	515.3	91.6	140.1
395.24	517.4	95.35	138
392.36	519.5	99.1	135.9
389.48	521.6	102.85	133.8
386.6	523.7	106.6	131.7
386.16	529.4	109.64	126
385.72	535.1	112.68	120.3
385.28	541.4	115.72	114
384.84	542	118.76	113.4
384.4	542.6	121.8	112.8
385.84	544.1	122.38	111.88
387.28	543.36	122.96	113.2
388.73	542.63	123.53	114.51
390.17	541.89	124.11	115.83
391.61	541.16	124.69	117.14
391.61	545.21	124.69	114.39
391.61	549.26	124.69	111.64
391.61	553.3	124.69	108.9
391.61	557.35	124.69	106.15
391.61	561.4	124.69	103.4
390.33	564.72	128.57	103.4
389.05	568.04	132.45	103.4
387.76	571.36	136.34	103.4
386.48	574.68	140.22	103.4
385.2	578	144.1	103.4
385.2	578	144.1	104.98
385.2	578	144.1	106.56
385.2	578	144.1	108.14
385.2	578	144.1	109.72
385.2	578	144.1	111.3
385.2	578	145.54	112.88
385.2	578	146.98	114.46
385.2	578	148.42	116.04
385.2	578	149.86	117.62
385.2	578	151.3	119.2
387.22	578.86	149	120.36
389.24	579.72	146.7	121.52
391.26	580.58	144.4	122.68
393.28	581.44	142.1	123.84
395.3	582.3	139.8	125
397.5	582.3	137.6	125
397.5	585.2	137.6	122.1
397.5	587.72	137.6	120.78
397.5	590.23	137.6	119.47
397.5	592.75	137.6	118.15
397.5	595.27	137.6	116.83
397.5	597.78	137.6	115.52
397.5	600.3	137.6	114.2
399.66	600.3	136.02	117.8
401.82	600.3	134.44	121.4
403.98	600.3	132.86	125
406.14	600.3	131.28	128.6
408.3	600.3	129.7	132.2
408.3	606.08	128.26	129.02
408.3	611.86	126.82	125.84
408.3	617.64	125.38	122.66
408.3	623.42	123.94	119.48
408.3	629.2	122.5	116.3
408.3	632.8	121.2	115.44
408.3	636.4	119.9	114.58
408.3	640	118.6	113.72
408.3	643.6	117.3	112.86
408.3	647.2	116	112
408.3	647.2	111.82	115.02
408.3	647.2	107.64	118.04
408.3	647.2	103.46	121.06
408.3	647.2	99.28	124.08
408.3	647.2	95.1	127.1
408.3	651.96	95.1	124.5
408.3	656.72	95.1	121.9
408.3	661.48	95.1	119.3
408.3	666.24	95.1	116.7
408.3	671	95.1	114.1
408.3	676.2	94.03	107.87
408.3	681.4	92.95	101.63
408.3	686.6	91.88	95.4
408.3	691.8	90.8	89.7
408.3	697	76.3	103.2
408.3	702.2	74.43	100.46
408.3	707.4	72.57	97.72
408.3	712.6	70.7	94.98
408.3	717.8	73.5	92.24
408.3	723	76.3	89.5
408.3	725.65	76.3	88.42
408.3	728.3	76.3	87.33
408.3	730.95	76.3	86.25
408.3	733.6	76.3	85.17
408.3	736.25	76.3	84.08
408.3	738.9	76.3	83
408.3	739.76	76.3	84.02
408.3	740.62	76.3	85.04
408.3	741.48	76.3	86.06
408.3	742.34	76.3	87.08
408.3	743.2	76.3	88.1
409.17	745.08	76.3	89.54
410.03	746.95	76.3	90.99
410.9	748.83	76.3	92.43
411.76	750.7	76.3	93.88
412.63	752.58	76.3	95.32
416.38	754.74	71.12	93.16
420.14	756.91	65.94	90.99
423.89	759.07	60.76	88.83
427.65	761.24	55.58	86.66
431.4	763.4	50.4	84.5
431.4	764.7	50.4	85.08
431.4	766	50.4	85.66
431.4	767.3	50.4	86.24
431.4	768.6	50.4	86.82
431.4	769.9	50.4	87.4
434.29	770.77	50.4	87.4
437.17	771.63	50.4	87.4
440.06	772.5	50.4	87.4
442.94	773.36	50.4	87.4
445.83	774.23	50.4	87.4
445.83	774.23	52.41	87.4
445.83	774.23	54.43	87.4
445.83	774.23	56.44	87.4
445.83	774.23	58.46	87.4
445.83	774.23	60.47	87.4
449.15	774.08	61.77	87.4
452.46	773.94	63.08	87.4
455.78	773.8	64.38	87.4
459.1	773.65	65.68	87.4
462.42	773.51	66.98	87.4
461.12	773.51	71.16	87.4
459.81	773.51	75.35	87.4
458.51	773.51	79.53	87.4
457.2	773.51	83.72	87.4
455.9	773.51	87.9	87.4
456.62	770.77	89.48	87.4
457.34	768.02	91.06	87.4
458.06	765.28	92.64	87.4
458.79	762.54	94.21	87.4
459.51	759.8	95.79	87.4
455.9	753.5	102	93.7
455.6	753.28	104.9	93.92
452.15	753.05	110.95	94.15
448.7	752.83	117	94.37
445.5	752.6	122.8	94.6
450.3	754.48	120.02	90.26
455.1	756.36	117.24	85.92
459.9	758.24	114.46	81.58
464.7	760.12	111.68	77.24
469.5	762	108.9	72.9
470.5	759.7	111.36	75.2
471.5	757.4	113.82	77.5
472.5	755.1	116.28	79.8
473.5	752.8	118.74	82.1
474.5	750.5	121.2	84.4
475.9	750.5	119.8	84.4
483.1	750.5	116.2	89.4
491.8	750.5	110.4	89.4
490.4	748.3	111.8	91.6
494	748.3	113.2	91.6
493.7	747.25	114.8	93.81
493.4	746.2	116.4	96.02
493.1	745.15	118	98.23
492.8	744.1	119.6	100.44
496.9	748.3	116.8	97.4
499.08	747.14	116.06	99.42
501.26	745.98	115.32	101.44
503.44	744.82	114.58	103.46
505.62	743.66	113.84	105.48
507.8	742.5	113.1	107.5
515.6	745.6	108.82	105.12
516.5	748.7	111.44	102.74
517.4	751.8	114.06	100.36
520.7	754.9	114.28	97.98
524	758	114.5	95.6
524.8	759.22	113.7	94.38
525.6	760.44	112.9	93.16
526.4	761.66	112.1	91.94
527.2	762.88	111.3	90.72
528	764.1	110.5	89.5
529.43	764.3	109.68	89.5
530.86	764.51	108.86	89.5
532.29	764.71	108.04	89.5
533.72	764.91	107.22	89.5
535.15	765.12	106.4	89.5
533.52	765.12	107.21	89.5
531.9	765.12	108.01	89.5
530.27	765.12	108.82	89.5
528.64	765.12	109.63	89.5
527.01	765.12	110.44	89.5
529.05	768.37	110.23	87.27
531.09	771.63	110.02	85.02
533.12	774.89	109.82	82.78
535.16	778.14	109.62	80.55
537.2	781.4	109.41	78.31
537.81	782.15	109.41	78.03
538.42	782.89	109.41	77.77
539.03	783.64	109.41	77.49
539.64	784.39	109.41	77.22
540.25	785.13	109.41	76.95
540.86	785.88	109.41	76.68
541.48	786.63	109.4	76.4
542.09	787.37	109.4	76.14
542.7	788.12	109.4	75.86
543.31	788.87	109.41	75.59
543.92	789.61	109.41	75.32
544.53	790.36	109.41	75.05
545.14	791.11	109.41	74.77
545.75	791.85	109.41	74.51
546.36	792.6	109.41	74.23
546.36	794.44	109.41	72.39
546.36	796.28	109.41	70.55
546.36	798.12	109.41	68.71
546.36	799.96	109.41	66.87
546.36	801.8	109.41	65.03
547.79	802.41	110.43	63.4
549.21	803.02	111.45	61.76
550.64	803.63	112.47	60.12
552.06	804.24	113.49	58.49
553.49	804.85	114.51	56.85
555.12	806.69	113.49	53.39
556.75	808.52	112.47	49.94
558.37	810.35	111.45	46.49
560	812.18	110.43	43.04
561.63	814.01	109.41	39.59
561.63	814.01	110.22	39.59
561.63	814.01	111.04	39.59
561.63	814.01	111.86	39.59
561.63	814.01	112.67	39.59
561.63	814.01	113.49	39.59
561.63	814.01	114.31	39.59
561.63	814.01	115.12	39.59
561.63	814.01	115.94	39.59
561.63	814.01	116.75	39.59
561.63	814.01	117.57	39.59
562.14	813.2	117.57	39.59
562.65	812.39	117.57	39.58
563.16	811.57	117.57	39.59
563.67	810.76	117.57	39.58
564.18	809.94	117.56	39.59
564.68	809.13	117.57	39.58
565.19	808.31	117.57	39.59
565.7	807.5	117.57	39.59
566.21	806.69	117.57	39.58
566.72	805.87	117.57	39.59
567.33	804.45	117.57	39.58
567.94	803.02	117.57	39.59
568.55	801.6	117.57	39.58
569.16	800.17	117.57	39.59
569.77	798.75	117.57	39.58
570.56	798.26	118.06	39.58
571.35	797.77	118.55	39.58
572.13	797.27	119.04	39.59
572.92	796.78	119.53	39.59
573.7	796.29	120.03	39.59
572.22	795.21	121.02	40.67
570.74	794.14	122.02	41.74
569.26	793.06	123.01	42.82
567.78	791.98	124.01	43.9
566.3	790.9	125	44.98
564.34	790.9	126.18	44.98
562.38	790.9	127.36	44.98
560.42	790.9	128.54	44.98
558.46	790.9	129.72	44.98
556.5	790.9	130.9	44.98
558.86	791.68	127.36	44.2
561.22	792.46	123.82	43.42
563.58	793.24	120.28	42.64
565.94	794.02	116.74	41.86
568.3	794.8	113.2	41.08
565.74	795.48	114.78	40.4
563.18	796.16	116.36	39.72
560.62	796.84	117.94	39.04
558.06	797.52	119.52	38.36
555.5	798.2	121.1	37.68
555.4	798.88	121.2	37
555.3	799.56	121.3	36.32
555.2	800.24	121.4	35.64
555.1	800.92	121.5	34.96
555	801.6	121.6	34.28
552.34	801.4	122.98	34.28
549.68	801.21	124.36	34.28
547.02	801.01	125.74	34.28
544.36	800.82	127.12	34.27
541.7	800.62	128.5	34.28
540.62	799.16	129.18	35.74
539.54	797.69	129.86	37.21
538.46	796.23	130.54	38.67
537.38	794.76	131.22	40.14
536.3	793.3	131.9	41.6
536.3	793.3	131.02	41.6
536.3	793.3	130.14	41.6
536.3	793.3	129.26	41.6
536.3	793.3	128.38	41.6
536.3	793.3	127.5	41.6
537.31	793.3	126.92	41.6
538.33	793.3	126.32	41.6
539.34	793.3	125.74	41.6
540.35	793.3	125.16	41.6
541.37	793.3	124.56	41.6
542.38	793.3	123.98	41.6
543.39	793.3	123.4	41.6
544.41	793.3	122.8	41.6
545.42	793.3	122.22	41.6
546.43	793.3	121.64	41.6
547.45	793.3	121.04	41.6
548.46	793.3	120.46	41.6
549.47	793.3	119.88	41.6
550.49	793.3	119.28	41.6
551.5	793.3	118.7	41.6
559.46	793.3	110.74	41.6
567.42	793.3	102.78	41.6
575.38	793.3	94.82	41.6
583.34	793.3	86.86	41.6
591.3	793.3	78.9	41.6
591.5	791.43	78.9	41.6
591.69	789.57	78.9	41.6
591.89	787.7	78.9	41.6
592.09	785.84	78.89	41.6
592.28	783.97	78.9	41.6
603.18	781.72	71.04	43.85
614.09	779.46	63.18	46.11
624.99	777.21	55.32	48.36
635.9	774.95	47.46	50.62
646.8	772.7	39.6	52.87
646.8	770.44	38.92	52.48
646.8	768.18	38.24	52.08
646.8	765.92	37.56	51.69
646.8	763.66	36.88	51.29
646.8	761.4	36.2	50.9
647.88	761.4	35.12	50.9
648.96	761.4	34.04	50.9
650.04	761.4	32.96	50.9
651.12	761.4	31.88	50.9
652.2	761.4	30.8	50.9
652.2	762.18	32.28	50.8
652.2	762.96	33.76	50.7
652.2	763.74	35.24	50.6
652.2	764.52	36.72	50.5
652.2	765.3	38.2	50.4
652.2	765.3	39.02	51.82
652.2	765.3	39.84	53.24
652.2	765.3	40.66	54.66
652.2	765.3	41.48	56.08
652.2	765.3	42.3	57.5
653.02	765.3	42.78	58.68
653.84	765.3	43.26	59.86
654.66	765.3	43.74	61.04
655.48	765.3	44.22	62.22
656.3	765.3	44.7	63.4
656.3	765.3	45.4	63.4
656.3	765.3	46.1	63.4
656.3	765.3	46.8	63.4
656.3	765.3	47.5	63.4
656.3	765.3	48.2	63.4
656.3	763.42	48.8	61.5
656.3	761.54	49.4	59.6
656.3	759.66	50	57.7
656.3	757.78	50.6	55.8
656.3	755.9	51.2	53.9
656.54	754.6	51.44	52.84
656.78	753.3	51.68	51.78
657.02	752	51.92	50.72
657.26	750.7	52.16	49.66
657.5	749.4	52.4	48.6
657.5	748.1	53.94	49.9
657.5	746.8	55.48	51.2
657.5	745.5	57.02	52.5
657.5	744.2	58.56	53.8
657.5	742.9	60.1	55.1
657.5	741.26	60.1	53.08
657.5	739.62	60.1	51.06
657.5	737.98	60.1	49.04
657.5	736.34	60.1	47.02
657.5	734.7	60.1	45
657.5	734.7	63.86	45
657.5	734.7	67.62	45
657.5	734.7	71.38	45
657.5	734.7	75.14	45
657.5	734.7	78.9	45
657.5	733.16	81.02	44.78
657.5	731.62	83.14	44.56
657.5	730.08	85.26	44.34
657.5	728.54	87.38	44.12
657.5	727	89.5	43.9
657.5	725.46	89.5	43.8
657.5	723.92	89.5	43.7
657.5	722.38	89.5	43.6
657.5	720.84	89.5	43.5
657.5	719.3	89.5	43.4
657.5	717.42	89.5	44.34
657.5	715.54	89.5	45.28
657.5	713.66	89.5	46.22
657.5	711.78	89.5	47.16
657.5	709.9	89.5	48.1
657.5	707.9	87.74	48.56
657.5	705.9	85.98	49.02
657.5	703.9	84.22	49.48
657.5	701.9	82.46	49.94
657.5	699.9	80.7	50.4
656.8	696.96	81.4	51.22
656.1	694.02	82.1	52.04
655.4	691.08	82.8	52.86
654.7	688.14	83.5	53.68
654	685.2	84.2	54.5
654	682.7	84.2	55.12
654	680.2	84.2	55.74
654	680.3	84.2	53.76
654	680.4	84.2	51.78
654	680.5	84.2	49.8
654	678.62	84.78	51.32
654	676.74	85.36	52.84
654	674.86	85.94	54.36
654	672.98	86.52	55.88
654	671.1	87.1	57.4
654	668.5	87.92	57.88
654	665.9	88.74	58.36
654	663.3	89.56	58.84
654	660.7	90.38	59.32
654	658.1	91.2	59.8
654	656.1	91.2	61.22
654	654.1	91.2	62.64
654	652.1	91.2	64.06
654	650.1	91.2	65.48
654	648.1	91.2	66.9
654	646.1	92.92	65.72
654	644.1	94.64	64.54
654	642.1	96.36	63.36
654	640.1	98.08	62.18
654	638.1	99.8	61
654	636.34	102.05	61.22
654	634.58	104.3	61.44
654	632.82	103.67	61.66
654	631.06	103.03	61.88
654	629.3	102.4	62.1
653.88	627.3	103.89	63.52
653.76	625.29	105.37	64.95
653.65	623.29	106.85	66.37
653.53	621.29	104.67	67.79
653.41	619.29	94.8	69.21
655.06	616.93	94.8	69.21
656.71	614.57	94.8	69.22
658.36	612.22	94.8	69.21
660.01	609.86	94.8	69.22
661.66	607.5	94.8	69.22
663.19	604.91	93.86	69.22
664.72	602.32	92.91	69.21
666.25	599.73	91.97	69.21
667.78	597.14	91.03	69.21
669.32	594.54	90.08	69.22
670.49	593.02	90.09	69.21
671.67	591.49	90.09	69.21
672.85	589.96	90.08	69.2
674.03	588.43	90.08	69.2
675.21	586.9	90.08	69.2
677.21	583.95	74.29	69.2
679.21	581.01	71.09	69.2
681.21	578.06	70.16	69.2
683.22	575.12	69.21	69.2
685.22	572.17	68.28	69.2
687.46	570.28	61.84	66.14
689.7	568.38	61.1	64.98
691.94	566.49	60.36	63.81
694.17	564.59	59.63	58.86
696.41	562.7	58.89	53.9
698.06	560.82	57.36	53.9
699.71	558.93	55.83	53.9
701.36	557.05	54.3	53.9
703.01	555.16	52.77	53.9
704.66	553.28	51.24	53.9
706.9	550.21	52.78	54.97
709.14	547.15	54.32	56.04
711.37	544.09	55.87	57.1
713.61	541.02	57.41	58.18
715.85	537.96	58.95	59.24
719.03	535.85	60.13	58.87
722.21	533.74	61.31	58.5
725.39	531.62	62.49	58.14
728.58	529.51	63.66	57.77
731.76	527.4	64.84	57.4
731.99	524.57	68.61	58.23
732.23	521.74	72.37	59.06
732.46	518.92	76.14	59.88
732.7	516.09	79.9	60.71
732.94	513.26	83.66	61.54
737.06	512.32	84.96	61.54
741.18	511.38	86.26	61.54
745.31	510.43	87.55	61.54
749.43	509.49	88.85	61.54
753.55	508.55	90.15	61.54
756.85	506.08	91.21	62.47
760.15	503.6	92.27	63.41
763.45	501.13	93.33	64.35
766.75	498.65	94.39	65.29
770.05	496.18	95.45	66.22
773.82	495.94	96.16	65.16
777.59	495.71	96.87	64.09
781.36	495.47	97.58	63.03
785.13	495.24	98.29	61.96
788.9	495	99	60.9
793.38	491.82	99.72	63.5
797.85	488.64	100.45	66.1
802.33	485.46	101.17	68.7
806.81	482.28	101.89	71.3
811.28	479.1	102.62	73.9
814.58	478.4	104.04	73.54
817.88	477.7	105.46	73.18
821.18	477	106.88	72.82
824.48	476.3	108.3	72.46
827.78	475.6	109.72	72.1
832.02	475.24	109.36	70.82
836.26	474.88	109	69.54
840.5	474.52	108.64	68.26
844.74	474.16	108.28	66.98
848.98	473.8	107.92	65.7
850.99	472.04	110.27	65.22
852.99	470.28	112.63	64.74
854.99	468.52	114.99	64.26
857	466.76	117.34	63.78
859	465	119.7	63.3
864.77	463.82	118.65	62.48
870.54	462.64	117.6	61.65
876.32	461.46	116.54	60.83
882.09	460.28	115.49	60.01
887.86	459.1	114.44	59.19
892.22	459.46	113.5	57.29
896.58	459.82	112.56	55.4
900.94	460.18	111.62	53.51
905.3	460.54	110.68	51.62
909.66	460.9	109.74	49.73
913.79	458.66	109.85	50.56
917.91	456.42	109.97	51.4
922.04	454.18	110.08	52.23
926.17	451.95	110.19	53.06
930.3	449.71	110.3	53.89
932.66	448.88	112.06	53.9
935.01	448.06	113.83	53.89
937.37	447.23	115.59	53.9
939.72	446.41	117.36	53.89
942.08	445.58	119.12	53.9
948.44	446.41	116.54	52.59
954.8	447.23	113.96	51.3
961.17	448.05	111.37	50
967.53	448.88	108.79	48.7
973.89	449.7	106.21	47.4
976.49	448.4	106.43	48
979.09	447.1	106.65	48.6
981.7	445.8	106.86	49.2
984.3	444.5	107.08	49.8
986.9	443.2	107.3	50.4
989.14	440.49	106.7	53.11
991.38	437.78	106.1	55.82
993.61	435.07	105.51	58.53
995.85	432.36	104.91	61.24
998.09	429.65	104.31	63.95
1004.22	431.3	98.76	59.82
1010.34	432.95	93.22	55.69
1016.47	434.6	87.67	51.56
1022.6	436.25	82.12	47.43
1028.72	437.9	76.58	43.3
1031.79	437.42	75.05	43.66
1034.85	436.94	73.53	44.02
1037.91	436.46	72.01	44.38
1040.98	435.98	70.48	44.74
1044.04	435.5	68.96	45.1
1050.33	433.61	62.91	46.89
1056.62	431.73	56.86	48.67
1062.92	429.84	50.8	50.46
1069.21	427.96	44.75	52.24
1075.5	426.07	38.7	54.03
1078.74	424.31	36.4	55.59
1081.98	422.54	34.11	57.16
1085.22	420.77	31.81	58.73
1088.46	419.01	29.51	60.29
1091.7	417.24	27.21	54.02
1091.11	416.53	29.1	55.2
1090.52	415.82	30.99	56.38
1089.93	415.12	32.88	57.55
1089.34	414.41	34.76	58.72
1088.75	413.7	36.65	59.9
1087.7	412.64	40.16	61.2
1086.65	411.58	43.67	62.5
1085.6	410.52	47.18	63.8
1084.54	409.46	50.7	65.1
1083.49	408.4	54.21	66.4
1082.55	407.82	58.57	66.28
1081.6	407.24	62.94	66.16
1080.66	406.66	67.3	66.04
1079.72	406.08	71.66	65.92
1078.78	405.5	76.02	65.8
1078.19	404.92	73.55	66.38
1077.6	404.34	71.08	66.96
1077.01	403.76	68.61	67.54
1076.42	403.18	66.14	68.12
1075.83	402.6	63.67	68.7
1074.54	401.78	65.44	68.11
1073.24	400.96	67.22	67.51
1071.94	400.14	69	66.92
1070.65	399.32	70.77	66.33
1069.35	398.5	72.55	65.73
1067.82	396.85	75.04	66.56
1066.29	395.2	77.53	67.38
1064.76	393.55	80.02	68.2
1063.23	391.9	82.51	69.03
1061.7	390.25	85	69.85
1061.35	389.07	85	69.85
1060.99	387.9	85	69.84
1060.64	386.72	85	69.84
1060.29	385.54	85	69.84
1059.93	384.36	85	69.84
1059.58	383.42	81.35	69.84
1059.23	382.48	77.69	69.83
1058.87	381.53	74.04	69.84
1058.52	380.59	70.39	69.84
1058.17	379.65	66.73	69.84
1058.05	378.94	66.73	70.65
1057.93	378.24	66.73	71.45
1057.81	377.53	66.74	72.26
1057.69	376.82	66.74	73.08
1057.58	376.12	66.73	73.88
1058.48	374.64	66.16	73.89
1059.39	373.17	65.57	73.88
1060.29	371.7	65	73.88
1061.2	370.22	64.42	73.89
1062.1	368.75	63.85	73.89
1061.85	367.36	61.23	73.47
1061.61	365.97	58.6	73.05
1061.36	364.58	55.98	72.63
1061.12	363.19	53.35	72.22
1060.87	361.8	50.73	71.8
1061.52	360.41	50.48	72.45
1062.16	359.02	50.24	73.1
1062.81	357.63	49.99	73.75
1063.45	356.23	49.75	74.41
1064.1	354.84	49.5	75.06
1065.5	353.78	49.74	75.06
1066.9	352.72	49.98	75.05
1068.3	351.65	50.22	75.06
1069.7	350.59	50.46	75.06
1071.1	349.53	50.7	75.05
1072.5	347.64	47.82	73.91
1073.9	345.76	44.94	72.75
1075.3	343.88	42.06	71.59
1076.7	342	39.18	70.44
1078.1	340.12	36.3	69.28
1078.92	339.71	33.92	67.65
1079.74	339.3	31.54	66.02
1080.56	338.89	29.16	64.39
1081.38	338.48	26.78	62.76
1082.2	338.07	24.4	61.13
1083.02	338.15	25.38	61.13
1083.84	338.24	26.36	61.12
1084.66	338.32	27.34	61.13
1085.48	338.4	28.32	61.13
1086.3	338.48	29.3	61.13
1088.34	338.56	29.06	61.13
1090.39	338.65	28.81	61.12
1092.43	338.73	28.57	61.12
1094.47	338.81	28.33	61.13
1096.52	338.89	27.98	61.13
1097.34	335.7	27.26	64.07
1098.16	336.19	26.54	56.81
1098.97	336.68	25.84	56.47
1099.79	337.17	25.12	56.13
1100.61	337.66	24.4	55.24
1101.59	337.5	24.74	54.05
1102.57	337.34	25.08	52.86
1103.55	337.17	25.41	52.13
1104.54	337.01	25.74	52.49
1105.52	336.85	26.08	53.45
1106.25	337.43	26.09	53.22
1106.99	338.02	26.08	52.98
1107.73	338.61	26.08	52.74
1108.46	339.2	26.09	52.5
1109.2	341	26.08	51.7
1110.59	340.75	26.08	51.1
1111.98	340.5	26.08	50.5
1113.37	340.25	26.08	49.9
1114.76	340	26.09	49.3
1116.15	343.9	26.09	44.1
1116.97	344.2	27.47	46.54
1117.78	345.7	28.87	47.78
1118.59	347.2	30.27	49.02
1119.4	347.3	31.67	51.66
1120.6	348.1	32.68	51.1
1121.51	351.6	35.13	48.25
1122.42	356	37.59	44.51
1123.33	361.6	40.04	39.56
1124.24	359.9	42.5	41.92
1125.15	362.4	44.95	40.07
1125.15	362.7	47.73	39.77
1125.15	364.5	50.51	37.97
1125.15	365	53.29	37.47
1125.15	366	56.07	33
1125.15	370.2	58.85	32.27
1125.15	369.7	60.73	34.66
1125.15	371.3	62.61	34.95
1125.15	372.4	64.49	35.73
1125.15	372.3	66.37	37.72
1125.15	372.4	68.25	39.5
1127.04	373.14	69.56	38.76
1128.93	373.88	70.87	38.02
1130.82	374.62	72.18	37.28
1132.71	375.36	73.49	36.54
1134.6	376.1	74.8	35.8
1135.4	376.35	76.54	35.8
1136.2	376.59	78.27	35.8
1139.89	376.84	77.12	35.8
1143.59	377.08	75.95	35.8
1147.28	377.33	74.8	35.8
1149.16	377.41	74.8	35.8
1151.04	377.49	74.8	35.8
1152.93	377.57	74.8	35.8
1154.81	377.65	74.8	35.8
1156.69	377.74	74.8	35.8
1159.63	377.9	74.8	35.15
1162.58	378.06	74.8	34.5
1165.53	378.23	74.8	33.84
1168.47	378.39	74.8	33.2
1171.42	378.55	74.8	32.55
1172.81	378.55	73.41	32.55
1174.21	378.55	72.01	32.55
1175.61	378.55	70.61	32.55
1177	378.55	69.22	32.55
1178.4	378.55	67.82	32.55
1181.67	378.8	66.18	32.55
1184.95	379.05	64.54	32.54
1188.22	379.29	62.91	32.55
1191.49	379.54	61.27	32.54
1194.76	379.78	59.64	32.55
1197.21	379.21	58.75	32.54
1199.66	378.64	57.86	32.54
1202.11	378.06	56.97	32.55
1204.55	377.49	56.09	32.55
1207	376.92	55.2	32.54
1208.72	376.76	55.2	32.54
1210.44	376.59	55.2	32.55
1212.15	376.43	55.2	32.54
1213.87	376.26	55.2	32.55
1215.59	376.1	55.2	32.55
1217.36	376.1	56.13	32.55
1219.13	376.1	57.06	32.55
1220.9	376.1	58	32.55
1218.25	376.1	63.35	32.55
1215.59	376.1	68.71	32.55
1218.45	375.86	66.67	32.54
1221.32	375.61	64.62	32.55
1224.18	375.36	62.58	32.55
1227.04	375.12	60.54	32.54
1229.91	374.87	58.49	32.55
1230.89	374.55	54.91	33.21
1231.87	371.9	53.73	36.19
1232.85	372.73	54.9	35.7
1233.84	373.57	56.06	35.19
1234.82	368.5	56.88	40.6
1235.31	369.2	57.61	39.65
1235.8	369.9	58.34	38.71
1236.29	370.61	59.07	37.75
1236.78	371.31	59.8	36.81
1237.27	372.01	60.53	35.86
1239.48	371.11	59.54	37.09
1241.69	370.21	58.55	38.31
1243.9	369.31	57.56	39.54
1246.11	368.41	56.57	40.76
1248.32	367.51	55.58	41.99
1249.63	366.53	55.75	42.47
1250.94	365.55	55.92	42.95
1252.24	364.57	56.1	43.43
1253.55	363.58	56.27	43.92
1254.86	362.6	56.44	44.4
1255.51	363.5	56.51	43.5
1256.16	364.4	56.58	42.6
1256.81	365.3	56.65	41.7
1257.45	366.2	56.73	40.8
1258.1	367.1	56.8	39.9
1258.75	366.78	56.8	39.56
1259.41	366.46	56.8	39.22
1260.06	366.14	56.8	38.88
1260.72	365.82	56.8	38.54
1261.37	365.5	56.8	38.2
1263.26	364.19	55.16	39.27
1265.14	362.88	53.52	40.34
1267.03	361.57	51.88	41.41
1268.91	360.26	50.24	42.48
1270.8	358.96	48.6	43.54
1273.42	357.32	46.64	44.52
1276.04	355.68	44.68	45.5
1278.65	354.05	42.73	46.47
1281.27	352.41	40.77	47.45
1283.89	350.77	38.81	48.43
1285.36	353.2	38	44.94
1286.84	355.4	37.18	41.67
1288.31	354.4	36.37	41.61
1289.78	349.93	35.56	45.02
1291.25	345.46	34.75	48.42
1291.25	345.46	35.33	48.42
1291.25	345.46	35.91	48.42
1291.25	345.46	36.49	48.42
1291.25	345.46	37.07	48.42
1291.25	345.46	37.65	48.42
1291.36	343.98	38.11	48.43
1291.47	342.51	38.58	48.43
1291.58	341.04	39.04	48.42
1291.69	339.56	39.5	48.43
1291.8	338.09	39.96	48.43
1292	338.3	40.41	47.98
1295.19	339.99	37.87	46.04
1298.38	341.67	35.33	44.12
1301.57	343.36	32.78	42.18
1304.75	345.05	30.25	40.25
1305.98	344.47	29.68	40.26
1307.21	343.9	29.11	40.25
1308.44	343.33	28.54	40.25
1309.66	342.76	27.98	40.25
1310.89	342.18	27.41	40.26
1311.71	342.84	27.41	39.03
1312.53	343.49	27.41	37.81
1313.35	344.15	27.4	36.58
1314.16	344.8	27.41	35.37
1314.98	345.46	27.41	34.14
1314.98	345.46	27.41	33.32
1314.98	345.46	27.41	32.5
1314.98	345.46	27.41	31.68
1314.98	345.46	27.41	30.86
1314.98	345.46	27.41	30.04
1314.57	344.46	29.04	31.04
1314.15	343.47	30.68	32.03
1313.73	342.48	32.33	33.02
1313.32	341.49	33.96	34.01
1312.9	340.5	35.6	35
1312.98	339.44	36.18	35
1313.06	338.37	36.76	35
1313.15	337.31	37.33	35
1313.23	336.25	37.91	35
1313.31	335.18	38.49	35
1315.93	334.28	36.53	35
1318.55	333.38	34.57	35
1321.16	332.48	32.62	35
1323.78	331.58	30.66	35
1326.4	330.68	28.7	35
1327.05	330.19	28.05	34.36
1327.71	329.7	27.39	33.71
1328.36	329.21	26.74	33.06
1329.02	328.72	26.08	32.42
1329.67	328.23	25.43	31.77
1330.42	328.23	25.18	31.77
1331.16	328.23	24.94	31.77
1331.91	328.23	24.69	31.77
1332.65	328.23	24.45	31.77
1333.4	328.23	24.2	31.77
1334.22	327.82	23.38	31.44
1335.04	327.42	22.56	31.1
1335.86	327.01	21.74	30.77
1336.68	326.61	20.92	30.43
1337.5	326.2	20.1	30.1
1338.24	325.63	19.76	30.1
1338.97	325.05	19.43	30.1
1339.71	324.48	19.09	30.1
1340.45	323.91	18.75	30.1
1341.18	323.34	18.42	30.1
1342.17	323.01	18.09	29.7
1343.15	322.68	17.77	29.3
1344.13	322.35	17.45	28.9
1345.12	322.03	17.12	28.5
1346.1	321.7	16.8	28.1
1346.35	321.05	16.47	28.1
1346.59	320.39	16.15	28.1
1346.84	319.74	15.82	28.1
1347.08	319.08	15.5	28.1
1347.33	318.43	15.17	28.1
1346.92	317.85	16.66	28.83
1346.51	317.28	18.15	29.56
1346.1	316.71	19.64	30.28
1345.69	316.14	21.13	31.01
1345.28	315.56	22.62	31.74
1344.14	314.5	24.34	32.22
1342.99	313.44	26.07	32.7
1341.85	312.37	27.79	33.19
1340.7	311.31	29.52	33.67
1339.55	310.25	31.25	34.15
1339.06	307.7	32.56	36.2
1338.57	305.15	33.87	38.25
1338.08	302.6	35.18	40.3
1337.59	300.05	36.49	42.35
1337.1	297.5	37.8	44.4
1335.3	296.78	40.34	44.46
1335.37	294.88	41.01	45.7
1335.43	292.99	41.69	46.93
1335.5	291.1	42.36	48.16
1334.2	289.2	44.4	49.4
1333.77	287.27	45.41	50.51
1333.33	285.33	46.43	51.63
1332.9	283.4	47.44	52.74
1333.35	281.6	47.57	53.72
1333.8	279.8	47.7	54.7
1334.54	276.9	47.78	54.24
1334.42	274.6	50.79	54.67
1334.3	272.3	53.8	55.1
1333	267.6	58.3	60.5
1333.4	267.7	58.1	55.3
1333.3	264.5	62	62.3
1333.2	261.3	62.3	65.1
1332.1	259.8	65.41	65.07
1333.1	257.4	66.41	65.93
1332.8	257.9	68.72	63.9
1333.7	254.95	67.82	64.65
1334.6	252	66.92	65.4
1334.2	248	67.32	67.2
1335.9	247.5	65.62	65.5
1334	240.5	67.52	70.3
1333.8	239.8	67.88	67.32
1334.1	237.3	67.75	66.14
1335.55	234.85	66.46	64.91
1337	232.4	65.17	63.68
1334.9	231.1	67.44	61.3
1334.88	227.98	66.88	60.98
1334.85	224.85	66.34	60.68
1334.83	221.73	65.79	60.36
1334.8	218.6	65.25	60.05
1333.8	216.3	65.67	58.92
1334.79	213.08	64.6	58.21
1335.77	209.86	63.54	57.5
1336.76	206.64	62.47	56.8
1337.74	203.42	61.41	56.09
1338.73	200.2	60.33	55.38
1333.3	194.6	65.03	55.17
1332.7	190.75	64.89	54.68
1332.1	186.9	64.75	54.2
1333.25	183.3	62.87	50.5
1334.4	179.7	60.98	46.8
1334.8	175.4	61.41	47.34
1335.2	171.1	61.83	47.88
1335.6	166.8	62.25	48.42
1337.5	162.9	61.18	48.56
1337.6	157.2	61.9	50.5
1336.7	152.96	61.5	49.91
1338.74	148.71	59.36	49.34
1340.78	144.47	57.22	48.75
1340.19	139.03	55.31	49.36
1339.6	133.6	53.4	49.96
1339.75	128.92	52.35	47.53
1339.9	124.24	51.3	45.1
1340.05	119.56	50.25	42.67
1340.2	114.89	49.2	40.22
1340.35	110.21	48.15	37.79
1339.7	104.48	47.5	37.79
1339.05	98.75	46.85	37.8
1338.4	93.03	44.27	37.79
1337.75	87.3	41.68	37.79
1337.1	81.57	39.1	37.8
1338.32	76.01	41.05	37.79
1339.54	70.45	42.99	37.79
1340.76	64.88	44.94	37.79
1341.08	59.32	43.35	37.79
1341.4	53.75	41.75	37.8
1340.5	48.93	44.48	37.79
1339.6	44.1	47.2	37.79
1342.2	39.27	40.22	37.8
1340.8	34.45	43.1	37.79
1339.5	29.62	42.43	37.79
1338.6	25.2	39.56	38.37
1337.7	20.78	36.7	38.95
1336.8	16.36	33.83	39.52
1336.6	11.95	30.27	40.09
1335.9	5.2	29	43
1334.5	3.47	29.55	43.18
1333.1	1.73	30.11	43.36
1331.7	0	30.66	43.54
1331.5	0	30.62	41.98
1326.5	0	31.8	40.43
1327.2	0.08	30.98	33.47
1327.9	0.16	30.16	26.52
1328.6	0.25	29.35	19.55
1329.6	0.33	27.04	18.57
1330.6	0.41	24.73	17.59
1331.9	0.41	23.43	10.49
1335.9	0.41	19.43	8.69
1339.9	0.41	15.43	6.89
