748.17	567.17	202.01	160.31
747.64	567.43	202.63	161
747.12	567.69	203.24	161.69
746.6	567.95	203.85	162.39
746.08	568.21	204.46	163.08
745.56	568.47	205.07	163.77
745.04	568.73	205.68	164.46
744.51	568.99	206.3	165.16
743.99	569.26	206.91	165.84
743.48	569.26	206.98	166.4
742.97	569.26	207.06	166.97
742.46	569.26	207.13	167.53
741.95	569.26	207.2	168.09
741.43	569.26	207.28	168.65
740.92	569.26	207.36	169.22
740.41	569.26	207.43	169.78
739.9	569.26	207.5	170.34
739.34	568.47	207.49	172.63
738.78	567.69	207.47	174.26
738.22	566.91	207.46	175.89
737.67	566.12	207.43	175.68
737.11	565.34	206.47	175.86
736.55	564.56	205.5	176.04
735.99	563.78	204.54	177.32
735.43	562.99	203.57	176.01
734.82	563.23	203.57	175.25
734.21	563.46	203.57	174.49
733.6	563.7	203.56	173.73
732.99	563.93	203.56	172.97
732.38	564.17	203.56	172.21
731.76	564.4	203.57	171.45
731.15	564.64	203.56	170.69
730.54	564.88	203.56	169.92
729.84	565.25	203.89	169.93
729.13	565.63	204.22	169.92
728.43	566	204.55	169.93
727.72	566.38	204.88	169.92
727.02	566.76	205.21	169.92
726.31	567.13	205.54	169.92
725.61	567.51	205.87	169.92
724.9	567.88	206.2	169.92
724.24	567.74	206.76	169.97
723.58	567.6	207.32	170.03
722.93	567.46	207.87	170.08
722.27	567.32	208.43	170.13
721.61	567.18	208.99	170.18
720.95	567.04	209.55	170.24
720.29	566.9	210.11	170.29
719.63	566.76	210.67	170.34
718.84	566.66	211.55	169.97
718.04	566.57	212.44	169.58
717.24	566.48	213.32	169.2
716.44	566.38	214.21	168.82
715.64	566.29	215.1	168.44
714.84	566.19	215.99	168.06
714.04	566.1	216.87	167.68
713.24	566.01	217.76	167.29
712.3	566.1	218.6	167.15
711.36	566.19	219.44	167.01
710.42	566.29	220.28	166.86
709.48	566.38	221.12	166.72
708.54	566.48	221.96	166.57
707.6	566.57	222.8	166.43
706.66	566.66	223.64	166.29
705.72	566.76	224.48	166.14
705.06	567.32	225.24	166.14
704.4	567.89	226	166.14
703.75	568.45	226.75	166.14
703.09	569.02	227.51	166.13
702.43	569.58	228.65	166.13
701.77	570.14	229.78	166.14
701.11	570.71	230.92	166.13
700.46	571.27	232.04	166.13
699.89	571.18	232.37	167.07
699.33	571.08	232.7	168.02
698.76	570.99	233.03	168.96
698.2	570.9	233.35	169.9
697.64	570.8	233.67	170.85
697.07	570.71	234.01	171.79
696.51	570.62	234.33	172.73
695.94	570.52	234.66	173.68
695.94	570.15	234.95	174.9
695.94	569.77	235.24	176.13
695.94	569.39	235.52	177.36
695.94	569.02	235.81	178.58
695.94	568.64	236.1	179.81
695.94	568.27	236.39	181.03
695.94	567.89	236.67	182.26
695.94	567.51	236.96	183.49
696.13	567.18	238.32	184.47
696.32	566.86	239.68	185.44
696.51	566.53	241.04	186.42
696.7	566.2	242.4	187.4
696.88	565.87	243.77	188.38
697.07	565.54	245.13	189.36
697.26	565.21	246.49	190.34
697.45	564.88	247.85	191.32
697.45	564.88	247.85	191.88
697.45	564.88	247.85	192.45
697.45	564.88	247.85	193.01
697.45	564.88	247.85	193.57
697.45	564.88	247.85	194.13
697.45	564.88	247.85	194.7
697.45	564.88	247.85	195.26
697.45	564.88	247.85	195.82
697.49	564.5	246.91	197.75
697.54	564.13	245.96	199.67
697.59	563.75	245.01	201.6
697.63	563.38	244.07	203.52
697.68	563	244.62	203.95
697.73	562.62	245.17	204.38
697.78	562.25	245.72	204.8
697.82	561.87	246.28	205.23
698.14	561.5	246.39	205.6
698.46	561.12	246.49	205.98
698.78	560.75	246.6	206.35
699.1	560.37	246.7	206.73
698.69	559.99	247.16	206.36
698.27	559.62	247.63	205.98
697.86	559.24	248.09	205.61
697.45	558.87	248.55	205.23
696.88	558.77	248.74	205.81
696.32	558.68	248.93	206.37
695.75	558.58	249.13	206.95
695.19	558.49	249.31	207.51
694.62	558.4	249.5	208.08
694.06	558.3	249.69	208.65
693.5	558.21	249.88	209.22
692.93	558.12	250.07	209.78
692.18	558.07	250.53	210.07
691.43	558.02	251	210.36
690.67	557.97	251.47	210.64
689.92	557.93	251.93	210.92
689.17	557.88	252.39	211.21
688.42	557.83	252.86	211.5
687.66	557.79	253.33	211.77
686.91	557.74	253.79	212.06
686.49	556.85	253.74	213.05
686.07	555.95	253.68	214.05
685.64	555.06	253.64	215.04
685.22	554.17	253.58	216.03
684.8	553.27	253.53	217.03
684.37	552.38	253.48	218.02
683.95	551.49	253.43	219.01
683.53	550.59	253.37	220.01
683.43	549.7	252.91	221.6
683.34	548.81	252.44	223.19
683.24	547.91	251.97	224.79
683.15	547.02	251.5	226.38
683.06	546.13	251.03	227.97
682.96	545.23	250.57	229.57
682.87	544.34	250.09	231.16
682.77	543.45	249.63	232.75
681.93	542.6	250.1	232.04
681.08	541.75	250.57	231.33
680.24	540.9	251.04	230.62
679.39	540.06	251.51	229.9
678.54	540.15	251.99	229.2
677.7	540.25	252.45	228.48
676.85	540.34	252.93	227.78
676.01	540.44	253.39	227.06
675.82	540.06	253.39	227.34
675.63	539.69	253.4	227.61
675.44	539.31	253.4	227.89
675.25	538.93	253.4	228.17
675.07	538.56	253.39	228.44
674.88	538.18	253.4	228.72
674.69	537.81	253.4	228.99
674.5	537.43	253.4	229.27
673.94	536.91	253.4	227.39
673.37	536.4	253.41	225.5
672.81	535.88	253.4	223.62
672.25	535.36	253.4	221.74
671.68	534.84	253.41	219.86
671.12	534.33	253.41	217.97
670.55	533.81	253.41	216.09
669.99	533.29	253.41	214.21
669.52	533.48	252.94	214.97
669.05	533.67	252.48	215.73
668.58	533.85	252.01	216.5
668.11	534.04	251.54	217.26
667.64	534.23	251.07	214.62
667.17	534.42	250.61	211.98
666.7	534.61	250.14	209.34
666.23	534.79	249.67	206.71
665.29	534.84	250.52	206.37
664.35	534.89	251.38	206.04
663.41	534.94	252.23	205.7
662.47	534.98	253.08	205.37
661.53	535.03	253.93	205.03
660.59	535.08	254.79	204.7
659.65	535.12	255.64	204.37
658.71	535.17	256.49	204.03
659.7	534.8	254.75	204.3
660.68	534.42	253.02	204.58
661.67	534.04	251.28	204.86
662.66	533.67	249.54	205.13
663.65	533.29	247.8	205.41
664.63	532.91	246.07	205.69
665.62	532.54	244.33	205.96
666.61	532.16	242.59	206.24
667.22	531.08	241.74	206.2
667.83	530	240.9	206.15
668.44	528.92	240.05	206.11
669.05	527.84	239.2	206.06
669.66	526.75	238.35	206.03
670.27	525.67	237.51	205.98
670.88	524.59	236.66	205.94
671.49	523.51	235.81	205.89
671.87	522.66	234.73	205.89
672.25	521.82	233.65	205.88
672.62	520.97	232.58	205.88
673	520.12	231.5	205.88
673.38	519.28	228.9	205.87
673.75	518.43	226.3	205.87
674.13	517.59	223.7	205.86
674.51	516.74	221.09	205.86
674.66	516.66	220.84	206.47
674.82	516.57	220.58	207.08
674.98	516.49	220.32	207.69
675.13	516.4	220.07	208.3
675.29	517.43	219.81	207.8
675.45	518.46	219.55	207.29
675.61	519.49	219.29	206.79
675.76	520.52	219.04	206.28
675.76	521.41	218.99	206.6
675.76	522.3	218.94	206.93
675.76	523.19	218.89	207.25
675.76	524.08	218.84	207.57
675.76	524.98	218.79	207.88
675.76	525.87	218.74	208.21
675.76	526.76	218.69	208.53
675.76	527.65	218.64	208.85
673.4	527.02	221.43	209.06
671.03	526.39	224.22	209.26
668.67	525.76	227.01	209.47
666.3	525.13	229.8	209.67
664.6	524.5	231.93	209.88
662.9	523.88	234.05	210.07
654.8	523.24	242.58	210.28
653.2	522.62	244.6	210.48
651.09	521.99	247.02	211.75
648.98	521.36	249.45	213.02
646.86	520.73	251.88	214.28
644.75	520.1	254.3	215.55
642.64	519.47	256.72	216.82
640.53	518.84	259.15	218.09
638.42	518.21	261.57	219.35
636.31	517.58	263.99	220.62
633.84	517.58	265.77	221.57
631.38	517.58	267.55	222.52
628.91	517.58	269.33	223.47
626.44	517.58	271.11	224.42
623.98	517.58	272.88	225.37
621.51	517.58	274.67	226.32
619.05	517.58	276.44	227.27
616.58	517.58	278.22	228.22
613.48	518.37	279.77	230.63
610.39	519.15	281.31	233.05
607.29	519.94	282.86	235.46
604.2	520.73	284.4	237.87
601.1	521.51	286.53	240.29
598.01	522.3	288.64	242.7
594.91	523.09	290.77	245.11
591.82	523.88	292.88	247.52
590.93	525.13	292.67	247.75
590.03	526.39	292.47	247.96
589.14	527.65	292.26	248.18
588.25	528.91	292.05	248.39
587.36	530.17	291.84	248.61
586.47	531.43	291.63	248.82
585.57	532.69	291.43	249.04
584.68	533.95	291.22	249.25
585.42	534.55	291.01	249.46
586.15	535.14	290.8	249.68
586.88	535.74	290.6	249.89
587.62	536.34	290.38	250.09
588.35	536.37	290.18	250.31
589.09	536.4	289.96	250.52
589.82	536.44	289.76	250.72
590.56	536.47	289.54	250.93
591.4	535.73	289.91	251.51
592.24	535	290.29	252.08
593.07	534.26	290.67	252.65
593.91	533.53	291.04	253.22
594.75	532.79	291.41	253.8
595.59	532.06	291.79	254.37
596.43	531.33	292.16	254.93
597.27	530.59	292.53	255.51
595.25	530.78	294.26	256.35
593.24	530.97	295.97	257.19
591.22	531.16	297.7	258.03
589.2	531.35	299.43	258.87
585.13	532.1	302.64	259.71
581.06	532.86	305.85	260.55
577	533.61	309.06	261.39
572.93	534.37	312.27	262.23
568.55	536	315.61	262.7
564.16	537.62	318.95	263.18
559.78	539.25	322.29	263.65
555.4	540.88	325.62	264.12
552.33	542.5	327.84	264.6
549.26	544.13	330.05	265.07
546.2	545.75	332.26	265.55
543.13	547.38	334.47	266.02
541.82	548.44	335.99	265.91
540.51	549.5	337.52	265.8
539.21	550.56	339.03	265.69
537.9	551.62	340.55	265.58
537.53	551.92	341.13	265.28
537.16	552.23	341.72	264.97
536.78	552.53	342.31	264.67
536.41	552.84	342.89	264.36
537.67	552.52	343.26	263.94
538.93	552.21	343.62	263.52
540.19	551.89	343.99	263.1
541.45	551.58	344.35	262.67
542.71	551.26	344.72	262.25
543.97	550.95	345.08	261.83
545.23	550.63	345.45	261.41
546.48	550.32	345.82	260.98
548.48	550.21	345.56	260.83
550.47	550.11	345.31	260.67
552.47	550	345.04	260.51
554.46	549.9	344.79	260.35
556.45	549.79	344.54	260.2
558.45	549.69	344.28	260.04
560.44	549.58	344.02	259.88
562.44	549.48	343.76	259.72
562.85	549.85	344.14	259.66
563.27	550.21	344.51	259.62
563.69	550.58	344.87	259.56
564.11	550.95	345.24	259.5
564.53	551.31	345.61	259.45
564.95	551.68	345.98	259.4
565.37	552.05	346.34	259.34
565.79	552.42	346.71	259.28
563.06	551.47	349.28	258.76
560.33	550.53	351.85	258.22
557.61	549.58	354.4	257.7
554.88	548.64	356.97	257.16
552.15	547.69	359.54	256.64
549.42	546.75	362.11	256.1
546.69	545.81	364.67	255.57
543.96	544.86	367.24	255.04
541.92	544.07	368.07	254.83
539.87	543.29	368.91	254.61
537.82	542.5	369.74	254.4
535.78	541.71	370.57	254.19
533.73	540.93	371.41	253.97
531.69	540.14	372.24	253.76
529.64	539.35	373.07	253.55
527.59	538.56	373.91	253.34
525.55	537.52	374.43	253.28
523.5	536.47	374.95	253.23
521.46	535.42	375.47	253.18
519.41	534.37	375.99	253.13
517.36	533.32	376.52	253.08
515.32	532.27	377.03	253.03
513.27	531.22	377.56	252.98
511.22	530.17	378.08	252.93
512.06	527.49	377.7	253.99
512.9	524.82	377.33	255.03
513.74	522.14	376.95	256.09
514.58	519.47	376.57	257.13
515.42	516.79	376.19	258.19
516.26	514.12	375.82	259.23
517.1	511.44	375.44	260.29
517.94	508.76	375.06	261.34
518.99	506.67	374.85	262.33
520.04	504.57	374.64	263.33
521.09	502.47	374.42	264.33
522.14	500.37	374.21	265.33
523.19	498.27	374	266.33
524.24	496.17	373.79	267.33
525.29	494.07	373.57	268.33
526.34	491.97	373.36	269.33
527.75	490.72	372.48	270.16
529.17	489.46	371.58	270.99
530.58	488.2	370.7	271.83
532	486.94	369.8	272.66
533.42	485.68	368.91	273.5
534.83	484.42	368.02	274.33
536.25	483.16	367.13	275.17
537.67	481.9	366.23	276
534.78	481.32	368.96	277.04
531.9	480.75	371.68	278.08
529.01	480.17	374.4	279.12
526.12	479.59	377.13	280.16
523.24	479.01	379.85	281.2
520.35	478.44	382.58	282.24
517.47	477.86	385.29	283.28
514.58	477.28	388.02	284.32
514.53	475.97	388.43	284.37
514.48	474.66	388.85	284.42
514.43	473.35	389.26	284.46
514.37	472.04	389.68	284.51
514.32	470.72	390.09	284.57
514.27	469.41	390.51	284.62
514.22	468.1	390.92	284.66
514.16	466.79	391.34	284.71
515.48	464.44	392.07	285.59
516.79	462.09	392.81	286.46
518.1	459.74	393.55	287.34
519.41	457.39	394.29	288.21
520.72	456.17	393.13	288.71
522.04	454.95	391.96	289.2
523.35	453.74	390.8	289.69
524.66	452.52	389.64	290.18
523.89	452.61	389.49	291.08
523.13	452.71	389.32	291.96
522.36	452.8	389.17	292.86
521.6	452.9	389	293.74
520.27	453.75	390.93	294.63
518.93	454.6	392.87	295.52
517.6	455.45	394.8	296.41
516.26	456.29	396.74	297.31
515.6	456.58	397.36	297.78
514.94	456.86	397.99	298.26
514.28	457.14	398.61	298.73
513.62	457.43	399.24	299.2
514.28	457.14	399.86	299.68
514.94	456.86	400.49	300.16
515.6	456.58	401.11	300.63
516.26	456.29	401.74	301.11
517.73	454.83	401.74	301.42
519.2	453.36	401.74	301.74
520.67	451.89	401.74	302.06
522.14	450.42	401.74	302.38
523.61	448.95	401.74	302.7
525.08	447.48	401.74	303.02
526.55	446.01	401.73	303.34
528.02	444.54	401.73	303.66
529.07	442.91	401.99	303.88
530.12	441.29	402.25	304.09
531.17	439.66	402.5	304.3
532.21	438.04	402.77	304.51
533.26	436.41	403.02	304.73
534.31	434.78	403.28	304.95
535.36	433.16	403.53	305.15
536.41	431.53	403.79	305.37
534.58	430.46	405.4	306.19
532.74	429.39	407.01	307.01
530.9	428.32	408.63	307.83
529.07	427.25	410.23	308.65
527.23	427.69	411.45	309.09
525.4	428.13	412.65	309.52
523.56	428.57	413.87	309.96
521.72	429.01	415.08	310.39
520.52	430.01	415.23	310.87
519.31	431	415.39	311.35
518.1	432	415.55	311.83
516.9	433	415.7	312.3
515.69	433.99	415.86	312.79
514.48	434.99	416.02	313.26
513.28	435.99	416.17	313.74
512.07	436.98	416.33	314.22
511.4	437.83	417	314.69
510.74	438.68	417.66	315.17
510.07	439.53	418.33	315.64
509.4	440.38	419	316.12
510.07	439.53	418.7	316.59
510.74	438.68	418.41	317.07
511.4	437.83	418.12	317.54
512.07	436.98	417.83	318.02
513.54	436.04	416.91	318.8
515.01	435.1	415.99	319.58
516.48	434.15	415.07	320.36
517.95	433.21	414.15	321.14
519.42	432.26	413.23	321.93
520.88	431.32	412.32	322.71
522.35	430.37	411.4	323.49
523.82	429.43	410.48	324.27
522.98	428.28	411.42	324.9
522.14	427.12	412.36	325.53
521.3	425.97	413.3	326.15
520.46	424.81	414.24	326.79
519.62	423.66	416.13	327.41
518.78	422.5	418.02	328.05
517.94	421.35	419.91	328.67
517.1	420.2	421.8	329.3
517.58	419.78	421.85	329.88
518.05	419.36	421.9	330.47
518.52	418.94	421.96	331.05
518.99	418.52	422.01	331.63
519.46	418.1	422.07	332.21
519.94	417.68	422.11	332.8
520.41	417.26	422.17	333.38
520.88	416.84	422.22	333.96
521.01	416.23	422.26	335.09
521.14	415.62	422.29	336.23
521.27	415.01	422.33	337.36
521.4	414.4	422.36	338.5
520.01	414.38	423.16	339.04
518.62	414.36	423.96	339.59
517.23	414.34	424.76	340.13
515.85	414.32	425.55	340.68
515.37	414.56	425.61	341.32
514.9	414.8	425.65	341.96
514.43	415.05	425.7	342.58
513.96	415.29	425.74	343.22
513.49	414.63	425.79	343.85
513.01	413.96	425.84	344.5
512.54	413.3	425.89	345.13
512.07	412.64	425.93	345.76
511.6	411.69	426.35	346.24
511.12	410.75	426.78	346.7
510.65	409.81	427.2	347.17
510.18	408.86	427.62	347.64
509.71	407.92	428.04	348.11
509.24	406.97	428.46	348.58
508.76	406.03	428.89	349.05
508.29	405.08	429.31	349.52
508.13	404.24	429.31	350.31
507.98	403.41	429.3	351.09
507.82	402.57	429.29	351.88
507.66	401.73	429.29	352.67
507.5	400.89	429.29	353.46
507.35	400.05	429.28	354.25
507.19	399.21	429.27	355.04
507.03	398.37	429.27	355.83
505.56	397.95	429.87	356.94
504.09	397.53	430.46	358.05
502.63	397.11	431.05	359.15
501.16	396.69	431.64	360.26
499.69	396.27	432.24	361.37
498.22	395.85	432.83	362.48
496.75	395.43	433.43	363.58
495.28	395.01	434.02	364.69
493.44	394.08	434.06	365.85
491.61	393.16	434.09	367.01
489.77	392.23	434.13	368.17
487.93	391.31	434.17	369.33
486.1	391.29	434.2	370.49
484.26	391.27	434.24	371.65
482.42	391.25	434.28	372.81
480.59	391.23	434.31	373.97
479.59	391.91	433.11	375.39
478.59	392.6	431.91	376.8
477.6	393.28	430.7	378.22
476.6	393.96	429.5	379.64
475.6	394.64	428.3	381.06
474.61	395.32	427.09	382.48
473.61	396.01	425.89	383.89
472.62	396.69	424.68	385.31
472.25	397.16	422.11	385.73
471.88	397.63	419.55	386.15
471.51	398.1	416.98	386.56
471.15	398.58	414.4	386.97
470.78	399.05	411.83	387.39
470.41	399.52	409.27	387.81
470.04	399.99	406.7	388.22
469.68	400.46	404.12	388.64
469.68	401.93	401.18	388.22
469.68	403.4	398.25	387.8
469.68	404.87	395.31	387.38
469.68	406.34	392.37	386.96
469.68	407.81	389.43	386.54
469.68	409.28	386.5	386.12
469.68	410.74	383.56	385.71
469.68	412.21	380.62	385.29
467.37	412.84	381.14	385.09
465.06	413.47	381.67	384.88
462.75	414.1	382.19	384.68
460.44	414.73	382.71	384.47
458.13	415.36	383.23	384.27
455.83	415.99	383.75	384.06
453.52	416.62	384.27	383.86
451.21	417.25	384.79	383.65
451.21	417.77	384.27	383.49
451.21	418.3	383.74	383.33
451.21	418.82	383.22	383.17
451.21	419.35	382.69	383
451.21	419.87	382.17	382.84
451.21	420.4	381.64	382.68
451.21	420.92	381.12	382.52
451.21	421.45	380.59	382.35
452.46	422.39	378.39	381.72
453.7	423.34	376.2	381.09
454.95	424.28	374	380.46
456.2	425.22	371.8	379.83
459.25	426.17	367.8	379.19
462.31	427.11	363.79	378.57
465.36	428.06	359.79	377.93
468.42	429	355.78	377.3
472.46	429.16	353.07	376.52
476.5	429.32	350.35	375.73
480.54	429.47	347.64	374.96
484.58	429.63	344.92	374.17
488.62	429.79	343.56	373.39
492.66	429.95	342.19	372.6
496.7	430.1	340.83	371.83
500.74	430.26	339.46	371.04
503.1	429.26	340.2	368.72
505.47	428.27	340.93	366.38
507.83	427.27	341.67	364.06
510.2	426.27	342.4	361.73
510.98	425.28	344.72	361.65
511.76	424.28	347.04	361.57
512.55	423.28	349.35	361.5
513.33	422.29	351.67	361.41
512.85	421.06	354.13	360.6
512.38	419.84	356.57	359.79
511.9	418.62	359.03	358.97
511.43	417.4	361.47	358.15
510.95	416.17	363.93	357.34
510.47	414.95	366.38	356.53
510	413.73	368.83	355.71
509.52	412.51	371.28	354.89
509.05	410.94	374.4	355.04
508.57	409.38	377.53	355.17
508.1	407.82	380.65	355.31
507.62	406.26	383.78	355.44
507.15	404.69	386.9	355.59
506.67	403.13	390.03	355.72
506.19	401.57	393.16	355.86
505.72	400.01	396.28	355.99
504.7	396.2	400.09	357.63
503.68	392.4	403.9	359.25
502.66	388.59	407.7	360.89
501.64	384.79	411.51	362.51
500.62	380.98	415.32	364.15
499.61	377.18	419.12	365.77
498.59	373.37	422.92	367.41
497.57	369.57	426.73	369.03
497.43	366.11	429.38	369.37
497.3	362.64	432.03	369.71
497.16	359.18	434.68	370.05
497.02	355.71	437.33	370.39
496.89	352.25	439.97	370.73
496.75	348.78	442.63	371.07
496.61	345.32	445.28	371.41
496.48	341.85	447.92	371.75
496.75	337.94	449.49	372.87
497.02	334.03	451.06	374
497.29	330.11	452.62	375.13
497.56	326.2	454.19	376.26
497.84	324.54	455.75	375.13
498.11	322.89	457.32	374
498.38	321.23	458.88	372.87
498.65	319.57	460.45	371.75
499.19	320.79	461.53	368.62
499.73	322.02	462.62	365.49
500.26	323.24	463.71	362.36
500.8	324.46	464.8	359.24
502.03	326.36	465.19	356.12
503.26	328.27	465.59	352.98
504.49	330.17	465.98	349.86
505.72	332.07	466.38	346.73
507.08	332.4	466.11	345.31
508.43	332.74	465.84	343.89
509.79	333.07	465.57	342.47
511.15	333.4	465.3	341.05
512.51	334.43	465.03	338.93
513.87	335.45	464.75	336.83
515.23	336.48	464.48	334.71
516.59	337.51	464.21	332.59
516.38	336.3	464.83	334.69
516.18	335.1	465.45	336.78
515.98	333.9	466.06	338.86
515.77	332.7	466.68	340.95
515.57	329.69	467.29	344.85
515.37	326.68	467.91	348.75
515.16	323.67	468.53	352.64
514.96	320.66	469.14	356.54
515.43	319.16	469.15	358.92
515.91	317.67	469.14	361.28
516.39	316.17	469.14	363.66
516.86	314.68	469.14	366.02
517.34	313.19	469.14	369.09
517.81	311.69	469.14	372.16
518.29	310.2	469.14	375.23
518.76	308.7	469.14	378.3
519.78	308.02	469.14	380.6
520.8	307.34	469.14	382.91
521.82	306.66	469.14	385.22
522.84	305.98	469.14	387.52
523.86	305.3	469.14	389.82
524.88	304.62	469.14	392.13
525.9	303.95	469.14	394.43
526.92	303.27	469.14	396.73
528.07	301.62	469.42	398.79
529.23	299.98	469.69	400.84
530.38	298.34	469.97	402.9
531.54	296.7	470.24	404.95
532.69	296.44	470.52	405.62
533.85	296.18	470.79	406.29
535	295.92	471.07	406.97
536.15	295.66	471.35	407.64
538.12	296.32	471.36	406.92
540.1	296.98	471.35	406.2
542.07	297.64	471.36	405.47
544.04	298.3	471.36	404.75
546.01	298.05	471.37	404.94
547.98	297.79	471.37	405.14
549.95	297.54	471.38	405.32
551.92	297.29	471.38	405.51
554.11	299.14	470.91	402.12
556.31	301	470.42	398.71
558.5	302.86	469.95	395.31
560.7	304.71	469.46	391.92
561.77	308.16	468.98	388.51
562.83	311.6	468.5	385.11
563.9	315.04	468.02	381.72
564.96	318.48	467.54	378.32
565.57	323.91	466.18	373.98
566.18	329.34	464.82	369.63
566.79	334.77	463.46	365.29
567.4	340.2	462.1	360.95
567.33	341.56	461.42	360.68
567.27	342.93	460.73	360.39
567.2	344.29	460.05	360.12
567.13	345.66	459.37	359.84
568.63	344.37	457.26	361.19
570.12	343.08	455.16	362.54
571.62	341.79	453.04	363.9
573.11	340.5	450.94	365.25
574.61	339.21	448.83	366.6
576.1	337.92	446.73	367.96
577.6	336.62	444.61	369.32
579.09	335.33	442.51	370.67
581.54	333.43	440.06	371.76
583.98	331.53	437.62	372.85
586.43	329.63	435.17	373.93
588.87	327.73	432.73	375.02
591.32	325.82	430.28	376.12
593.77	323.92	427.83	377.2
596.21	322.02	425.39	378.29
598.66	320.12	422.94	379.38
601.03	317.74	420.77	381.09
603.41	315.36	418.59	382.79
605.79	312.98	416.41	384.5
608.17	310.61	414.23	386.19
610.54	308.23	412.06	387.9
612.92	305.85	409.88	389.6
615.3	303.47	407.7	391.31
617.68	301.1	405.52	393
620.63	299.13	403.38	394.63
623.59	297.16	401.23	396.27
626.54	295.19	399.1	397.9
629.5	293.22	396.95	399.53
631.57	291.25	395.69	401.16
633.64	289.28	394.43	402.8
635.72	287.31	393.17	404.43
637.79	285.34	391.91	406.06
639.89	282.82	392.12	407.63
642	280.31	392.33	409.19
644.1	277.8	392.54	410.75
646.21	275.28	392.74	412.32
648.32	272.77	392.94	413.88
650.42	270.26	393.16	415.44
652.53	267.74	393.36	417.01
654.63	265.23	393.57	418.57
654.77	264.35	394.79	419.18
654.91	263.46	396.02	419.79
655.04	262.58	397.25	420.4
655.18	261.7	398.47	421
655.32	260.81	399.69	421.62
655.45	259.93	400.93	422.22
655.59	259.05	402.15	422.83
655.72	258.16	403.38	423.44
655.18	258.43	404.95	423.45
654.64	258.7	406.51	423.45
654.09	258.97	408.09	423.46
653.55	259.23	409.65	423.47
653.01	259.5	411.22	423.48
652.46	259.77	412.79	423.48
651.92	260.03	414.36	423.5
651.38	260.3	415.92	423.5
649.95	260.95	417.89	422.79
648.52	261.6	419.86	422.08
647.1	262.25	421.81	421.36
645.67	262.9	423.78	420.65
644.24	263.07	425.75	420.42
642.82	263.25	427.71	420.18
641.39	263.42	429.67	419.94
639.96	263.6	431.64	419.7
637.92	265.62	433.21	417.82
635.89	267.65	434.76	415.93
633.85	269.67	436.33	414.04
631.81	271.7	437.89	412.15
629.77	272.8	439.46	411.19
627.73	273.9	441.02	410.23
625.7	275	442.58	409.26
623.66	276.1	444.14	408.3
621.28	279.27	445.85	404.99
618.9	282.45	447.55	401.68
616.52	285.62	449.26	398.37
614.15	288.8	450.95	395.05
611.77	286.98	452.66	396.73
609.39	285.17	454.36	398.41
607.01	283.35	456.07	400.09
604.63	281.54	457.77	401.76
603.61	280.68	458.77	403.69
602.59	279.82	459.76	405.61
601.57	278.96	460.76	407.54
600.55	278.1	461.75	409.46
598.86	277.46	461.84	410.26
597.16	276.83	461.94	411.05
595.46	276.19	462.04	411.85
593.76	275.56	462.14	412.64
591.89	276.13	462.86	413.3
590.01	276.7	463.59	413.95
588.14	277.27	464.31	414.61
586.26	277.84	465.04	415.26
584.39	278.41	465.76	415.92
582.51	278.98	466.49	416.57
580.64	279.55	467.21	417.23
578.76	280.12	467.94	417.88
576.89	282.16	468.19	416.98
575.01	284.2	468.44	416.08
573.14	286.24	468.69	415.17
571.26	288.28	468.94	414.27
569.39	290.31	469.19	413.38
567.51	292.35	469.44	412.48
565.64	294.39	469.69	411.57
563.76	296.43	469.94	410.67
562.54	299.12	470.34	408.56
561.32	301.81	470.73	406.44
560.1	304.5	471.13	404.33
558.87	307.19	471.53	402.21
557.65	309.88	471.93	400.1
556.43	312.57	472.32	397.98
555.21	315.26	472.72	395.87
553.98	317.95	473.12	393.75
553	321.04	472.8	390.82
552.03	324.14	472.47	387.89
551.05	327.24	472.15	384.95
550.07	330.34	471.83	382.01
549.09	333.44	471.51	379.07
548.11	336.53	471.19	376.15
547.13	339.63	470.87	373.21
546.16	342.73	470.54	370.27
546.65	341.34	469.24	371.41
547.13	339.96	467.95	372.54
547.62	338.57	466.64	373.68
548.11	337.18	465.34	374.82
548.6	335.8	464.04	375.95
549.09	334.41	462.74	377.09
549.58	333.03	461.43	378.22
550.07	331.64	460.13	379.36
551.29	331.48	459.32	380.01
552.52	331.31	458.51	380.67
553.74	331.15	457.7	381.31
554.96	330.99	456.89	381.96
556.18	330.83	456.08	382.61
557.41	330.66	455.27	383.27
558.63	330.5	454.46	383.91
559.85	330.34	453.65	384.56
561.32	330.01	453.24	385.54
562.79	329.68	452.83	386.52
564.25	329.35	452.44	387.5
565.72	329.02	452.03	388.48
567.19	328.69	451.62	389.46
568.66	328.36	451.22	390.44
570.12	328.03	450.82	391.42
571.59	327.7	450.41	392.4
573.22	328.99	450.28	392
574.85	330.28	450.15	391.59
576.48	331.56	450.02	391.2
578.11	332.85	449.89	390.8
579.74	334.14	449.76	390.4
581.37	335.43	449.63	389.99
583	336.71	449.5	389.6
584.63	338	449.37	389.2
587.15	338.68	449.36	388.58
589.66	339.37	449.37	387.95
592.18	340.05	449.36	387.34
594.69	340.73	449.36	386.72
597.2	341.41	449.37	386.1
599.72	342.1	449.36	385.47
602.23	342.78	449.37	384.86
604.74	343.46	449.37	384.24
606.78	345.36	447.73	382.4
608.82	347.27	446.08	380.56
610.86	349.17	444.44	378.72
612.9	351.07	442.8	376.88
614.93	352.97	442	375.04
616.97	354.88	441.18	373.2
619.01	356.78	440.37	371.36
621.05	358.68	439.55	369.52
622.88	361.94	439.08	365.65
624.72	365.2	438.61	361.78
626.55	368.46	438.14	357.9
628.39	371.72	437.66	354.03
630.22	374.98	437.19	350.16
632.06	378.24	436.72	346.29
633.89	381.5	436.25	342.41
635.72	384.77	435.78	338.53
636.68	388.5	435.36	333.91
637.63	392.23	434.95	329.3
638.58	395.97	434.53	324.67
639.53	399.7	434.12	320.05
640.48	400.45	433.71	318.41
641.43	401.2	433.3	316.78
642.38	401.95	432.88	315.14
643.33	402.7	432.47	313.5
644.08	399.78	432	314.32
644.83	396.85	431.52	315.15
645.58	393.93	431.05	315.97
646.32	391.01	430.58	316.79
647.07	388.09	430.11	317.61
647.82	385.17	429.63	318.43
648.57	382.25	429.16	319.25
649.31	379.33	428.69	320.07
651.08	376.88	427.4	322.18
652.85	374.44	426.1	324.29
654.61	371.99	424.82	326.4
656.38	369.54	423.52	328.51
658.14	367.1	422.24	330.61
659.91	364.65	420.94	332.73
661.68	362.21	419.65	334.83
663.44	359.76	418.36	336.94
665.88	357.72	415.64	339.46
668.32	355.68	412.93	341.97
670.76	353.65	410.21	344.47
673.2	351.61	407.5	346.99
674.57	349.58	405.85	349.49
675.93	347.55	404.22	352
677.3	345.53	402.57	354.49
678.66	343.5	400.94	357
679.9	342.2	398.27	359.39
681.13	340.9	395.62	361.77
682.37	339.6	392.95	364.16
683.6	338.3	390.3	366.55
684.27	336.19	388.2	369.75
684.94	334.08	386.11	372.94
685.6	331.98	384.02	376.13
686.27	329.87	381.93	379.33
686.54	330.14	380.04	380.62
686.81	330.41	378.14	381.92
687.09	330.68	376.24	383.21
687.36	330.95	374.34	384.5
687.63	331.23	372.45	385.78
687.9	331.5	370.55	387.08
688.17	331.77	368.66	388.37
688.45	332.04	366.75	389.66
689.33	332.86	364.31	389.25
690.21	333.67	361.87	388.86
691.09	334.49	359.42	388.45
691.98	335.3	356.97	388.05
692.86	336.12	354.53	387.64
693.74	336.93	352.09	387.25
694.63	337.75	349.63	386.84
695.51	338.56	347.19	386.44
696.87	338.49	344.21	388.21
698.23	338.43	341.22	389.97
699.59	338.36	338.24	391.74
700.95	338.29	335.25	393.51
702.3	338.22	332.28	395.28
703.66	338.16	329.29	397.04
705.02	338.09	326.31	398.81
706.38	338.02	323.32	400.58
708.55	338.36	321.15	401.94
710.73	338.7	318.97	403.3
712.9	339.04	316.8	404.66
715.08	339.38	314.62	406.02
717.25	339.72	312.45	407.38
719.42	340.06	310.28	408.74
721.6	340.4	308.1	410.1
723.77	340.74	305.93	411.46
725.67	340.47	305.73	413.36
727.58	340.2	305.52	415.25
729.48	339.93	305.32	417.15
731.38	339.65	305.12	419.05
733.28	339.38	304.92	420.95
735.19	339.11	304.71	422.84
737.09	338.84	304.51	424.74
738.99	338.57	304.31	426.63
738.72	338.57	306.89	428.19
738.45	338.57	309.48	429.76
738.18	338.57	312.06	431.32
737.9	338.57	314.65	432.88
737.63	338.57	317.23	434.44
737.36	338.57	319.82	436.01
737.09	338.57	322.4	437.57
736.82	338.57	324.98	439.13
735.87	338.64	327.02	439.13
734.92	338.7	329.06	439.14
733.96	338.77	331.1	439.13
733.01	338.84	333.14	439.13
732.06	338.91	335.18	439.13
731.11	338.98	337.22	439.13
730.16	339.04	339.25	439.14
729.21	339.11	341.29	439.13
728.67	338.91	342.58	441.3
728.12	338.7	343.88	443.47
727.58	338.5	345.17	445.64
727.04	338.29	346.46	447.81
726.49	338.09	347.76	445.64
725.95	337.89	349.05	443.47
725.41	337.68	350.34	441.3
724.86	337.48	351.64	439.13
724.52	337.48	350.69	438.65
724.18	337.48	349.75	438.18
723.84	337.48	348.8	437.7
723.5	337.48	347.85	437.23
723.16	337.48	346.9	436.75
722.82	337.48	345.96	436.27
722.48	337.48	345.01	435.8
722.14	337.48	344.06	435.32
722.14	338.02	342.91	434.03
722.14	338.56	341.76	432.74
722.14	339.11	340.61	431.44
722.14	339.65	339.46	430.15
722.14	340.19	340.21	428.86
722.14	340.74	340.96	427.56
722.14	341.28	341.71	426.27
722.14	341.83	342.46	424.97
722.21	342.78	341.02	423.27
722.28	343.73	339.57	421.57
722.35	344.68	338.13	419.87
722.41	345.63	336.69	418.17
722.89	346.58	338.66	416.47
723.36	347.53	340.64	414.77
723.83	348.48	342.62	413.07
724.3	349.43	344.6	411.37
724.3	350.45	346.7	409.46
724.3	351.47	348.8	407.56
724.31	352.49	350.89	405.65
724.31	353.51	352.99	403.74
724.31	354.53	355.09	401.83
724.31	355.55	357.19	399.93
724.31	356.56	359.29	398.03
724.31	357.58	361.39	396.12
724.25	359.15	361.65	394.63
724.18	360.71	361.92	393.14
724.11	362.27	362.19	391.66
724.04	363.83	362.46	390.17
723.97	365.4	362.73	388.38
723.91	366.96	362.99	386.59
723.84	368.52	363.26	384.81
723.77	370.08	363.53	383.02
723.91	371.71	363.45	380.99
724.04	373.35	363.39	378.95
724.18	374.98	363.31	376.92
724.31	376.61	363.24	374.89
724.45	378.24	363.16	373.38
724.59	379.87	363.09	371.88
724.72	381.5	363.02	370.38
724.86	383.13	362.94	368.87
724.86	384.35	362.6	367.1
724.86	385.58	362.27	365.32
724.86	386.8	361.93	363.55
724.86	388.02	361.59	361.78
724.86	389.25	361.25	360.43
724.86	390.47	360.92	359.08
724.86	391.69	360.58	357.74
724.86	392.91	360.24	356.39
724.72	394.81	359.09	354.01
724.59	396.71	357.94	351.64
724.45	398.6	356.79	349.27
724.31	400.5	355.64	346.9
724.18	400.23	354.48	346.42
724.04	399.97	353.34	345.93
723.91	399.7	352.18	345.45
723.77	399.44	351.03	344.96
724.25	398.01	353.4	345.24
724.72	396.58	355.78	345.52
725.2	395.16	358.15	345.79
725.67	393.73	360.53	346.07
726.15	392.3	362.9	346.35
726.62	390.88	365.28	346.62
727.1	389.45	367.65	346.9
727.58	388.02	370.02	347.18
727.58	386.93	370.02	348.27
727.58	385.84	370.02	349.36
727.59	384.75	370.01	350.45
727.59	383.66	370.01	351.54
727.59	382.57	370.01	352.63
727.59	381.48	370.01	353.72
727.6	380.39	370	354.81
727.6	379.3	370	355.9
727.19	378.89	369.74	356.45
726.78	378.48	369.47	356.99
726.38	378.08	369.2	357.53
725.97	377.67	368.93	358.08
725.56	377.26	368.67	358.63
725.15	376.85	368.4	359.17
724.75	376.44	368.13	359.72
724.34	376.04	367.86	360.26
724.34	375.77	366.36	360.53
724.34	375.49	364.86	360.81
724.34	375.22	363.36	361.08
724.34	374.95	361.86	361.35
724.34	374.68	360.36	361.62
724.34	374.41	358.86	361.89
724.34	374.14	357.36	362.16
724.34	373.87	355.86	362.43
724.34	374.07	356.61	362.57
724.34	374.27	357.36	362.71
724.34	374.48	358.11	362.83
724.34	374.68	358.86	362.97
724.34	374.88	359.61	363.11
724.34	375.09	360.36	363.24
724.34	375.29	361.11	363.37
724.34	375.49	361.86	363.51
723.93	375.49	362.61	364.05
723.52	375.49	363.36	364.59
723.12	375.49	364.09	365.12
722.71	375.49	364.84	365.66
722.3	375.49	365.59	366.2
721.89	375.49	366.34	366.74
721.49	375.49	367.07	367.27
721.08	375.49	367.82	367.81
720.74	375.09	365.92	368.15
720.4	374.68	364.03	368.5
720.06	374.27	362.13	368.84
719.72	373.86	360.23	369.19
719.38	373.46	358.33	369.53
719.04	373.05	356.44	369.88
718.7	372.64	354.54	370.22
718.36	372.23	352.64	370.57
717	371.55	353.94	370.71
715.64	370.87	355.24	370.86
714.28	370.19	356.53	371
712.92	369.52	357.83	371.13
711.57	368.84	359.12	371.27
710.21	368.16	360.41	371.42
708.85	367.48	361.71	371.56
707.49	366.8	363.01	371.7
706.34	366.39	365.39	371.7
705.18	365.98	367.77	371.7
704.03	365.58	370.15	371.68
702.87	365.17	372.53	371.68
701.72	364.76	374.91	371.68
700.56	364.35	377.29	371.68
699.41	363.94	379.67	371.67
698.25	363.54	382.05	371.66
697.17	363.06	385.03	370.44
696.08	362.59	388.02	369.21
694.99	362.11	391.01	367.99
693.9	361.63	394	366.77
692.82	361.16	396.98	365.54
691.73	360.68	399.97	364.32
690.64	360.21	402.96	363.09
689.56	359.73	405.94	361.87
687.65	358.31	407.51	362.2
685.75	356.88	409.08	362.55
683.85	355.45	410.64	362.89
681.95	354.03	412.2	363.22
680.04	352.6	413.77	363.56
678.14	351.17	415.34	363.91
676.24	349.75	416.9	364.24
674.34	348.32	418.46	364.58
671.89	346.14	418.46	365
669.45	343.97	418.45	365.41
667	341.8	418.45	365.81
664.55	339.62	418.45	366.23
662.11	337.45	418.44	366.64
659.66	335.28	418.44	367.05
657.22	333.1	418.43	367.46
654.77	330.93	418.43	367.87
652.67	330.59	421.96	367.06
650.56	330.25	425.49	366.25
648.45	329.91	429.03	365.44
646.35	329.57	432.55	364.63
644.24	329.23	436.09	363.82
642.14	328.89	439.61	363.01
640.03	328.55	443.15	362.2
637.92	328.21	446.68	361.39
637.04	325.7	446.75	363.23
636.16	323.18	446.82	365.07
635.27	320.67	446.89	366.91
634.39	318.16	446.96	368.74
633.51	315.64	447.03	370.59
632.63	313.13	447.1	372.42
631.74	310.62	447.17	374.26
630.86	308.1	447.24	376.1
628.55	306.74	448.05	376.92
626.24	305.38	448.86	377.75
623.93	304.03	449.67	378.56
621.62	302.67	450.48	379.38
619.31	301.31	451.29	380.2
617	299.95	452.1	381.03
614.69	298.59	452.91	381.85
612.38	297.23	453.72	382.67
609.26	296.76	454.67	383.62
606.13	296.28	455.62	384.57
603.01	295.81	456.57	385.52
599.88	295.33	457.52	386.47
596.76	294.86	458.47	387.42
593.63	294.38	459.42	388.37
590.51	293.91	460.37	389.32
587.38	293.43	461.32	390.27
585.27	293.43	461.06	391.42
583.17	293.43	460.78	392.57
581.06	293.43	460.52	393.72
578.96	293.43	460.24	394.87
576.85	293.43	459.98	396.02
574.75	293.43	459.7	397.17
572.64	293.43	459.44	398.32
570.53	293.43	459.17	399.47
569.38	293.57	459.3	400.83
568.22	293.7	459.43	402.2
567.07	293.84	459.56	403.56
565.91	293.97	459.69	404.93
564.76	294.11	459.82	406.29
563.6	294.25	459.95	407.65
562.45	294.38	460.08	409.02
561.29	294.52	460.21	410.38
561.63	294.86	462.99	411.47
561.97	295.2	465.78	412.55
562.31	295.54	468.57	413.64
562.65	295.88	471.35	414.72
562.99	296.22	474.13	415.81
563.33	296.56	476.92	416.89
563.67	296.89	479.71	417.99
564.01	297.23	482.49	419.07
564.62	297.64	482.83	420.09
565.23	298.05	483.17	421.1
565.84	298.46	483.51	422.12
566.45	298.86	483.85	423.14
567.07	299.27	484.18	424.16
567.68	299.68	484.52	425.17
568.29	300.09	484.86	426.19
568.9	300.49	485.2	427.21
569.72	301.24	487.03	428.02
570.53	301.99	488.87	428.84
571.35	302.74	490.7	429.65
572.16	303.48	492.54	430.47
572.98	304.23	494.37	431.28
573.79	304.98	496.21	432.1
574.61	305.72	498.04	432.92
575.42	306.47	499.88	433.73
576.31	307.62	500.55	434.62
577.19	308.78	501.24	435.5
578.07	309.93	501.92	436.38
578.96	311.09	502.59	437.26
579.84	312.24	503.27	438.15
580.72	313.39	503.96	439.04
581.61	314.55	504.63	439.91
582.49	315.7	505.31	440.8
582.69	317.33	506.47	441.35
582.9	318.96	507.63	441.89
583.1	320.59	508.79	442.44
583.3	322.22	509.95	442.98
583.51	323.85	511.1	443.53
583.71	325.48	512.27	444.07
583.92	327.11	513.42	444.62
584.12	328.74	514.58	445.16
584.12	330.18	514.03	446.36
584.12	331.62	513.48	447.55
584.12	333.06	512.93	448.75
584.12	334.5	512.38	449.95
584.12	335.41	512.93	451.68
584.12	336.32	513.48	453.4
584.12	337.23	514.03	455.13
584.12	338.13	514.58	456.87
583.53	338.92	514.58	457.74
582.95	339.7	514.58	458.63
582.36	340.48	514.58	459.51
581.77	341.27	514.58	460.38
581.18	342.05	514.58	461.26
580.6	342.83	514.58	462.15
580.01	343.61	514.58	463.03
579.42	344.4	514.58	463.9
578.84	344.89	514.57	464.29
578.25	345.38	514.58	464.67
577.66	345.86	514.58	465.07
577.08	346.35	514.57	465.45
576.49	346.84	514.58	465.84
575.9	347.33	514.58	466.22
575.32	347.82	514.57	466.61
574.73	348.31	514.57	466.99
574.61	348.63	513.52	466.73
574.5	348.96	512.45	466.45
574.39	349.28	511.39	466.19
574.27	349.6	510.33	465.92
574.97	349.13	512.56	465.36
575.67	348.65	514.78	464.81
576.38	348.18	517	464.25
577.08	347.7	519.22	463.7
578.54	346.02	519.62	463.82
580.01	344.33	520.02	463.94
581.48	342.65	520.41	464.06
582.95	340.96	520.8	464.19
584.42	339.28	521.19	464.31
585.88	337.59	521.6	464.43
587.35	335.91	521.99	464.55
588.82	334.22	522.38	464.68
590.29	332.17	521.89	464.48
591.75	330.12	521.4	464.28
593.22	328.06	520.91	464.09
594.69	326.01	520.41	463.89
596.15	323.95	519.93	463.7
597.62	321.9	519.43	463.5
599.09	319.85	518.94	463.3
600.56	317.79	518.44	463.11
601.44	316.42	516.68	463.11
602.32	315.05	514.93	463.11
603.2	313.68	513.18	463.11
604.08	312.31	511.42	463.11
604.96	310.94	509.66	463.11
605.84	309.57	507.91	463.11
606.72	308.2	506.16	463.11
607.6	306.83	504.4	463.11
608.68	305.95	503.32	463.11
609.75	305.07	502.25	463.11
610.83	304.19	501.17	463.11
611.9	303.31	500.1	463.11
612.98	302.43	499.02	463.11
614.06	301.55	497.94	463.11
615.13	300.67	496.87	463.11
616.21	299.79	495.79	463.11
617.19	299.79	496.37	462.91
618.17	299.79	496.95	462.71
619.14	299.79	497.55	462.51
620.12	299.79	498.13	462.31
621.1	299.79	498.71	462.11
622.08	299.79	499.3	461.91
623.06	299.79	499.88	461.71
624.04	299.79	500.46	461.51
624.62	299.79	499.88	461.51
625.2	299.79	499.3	461.51
625.79	299.79	498.71	461.51
626.37	299.79	498.13	461.51
626.95	299.79	497.55	461.51
627.53	299.79	496.97	461.51
628.12	299.79	496.38	461.51
628.7	299.79	495.8	461.51
629.68	300.96	494.43	460.93
630.66	302.14	493.07	460.34
631.63	303.31	491.71	459.75
632.61	304.49	490.34	459.16
633.59	305.66	488.97	458.58
634.57	306.83	487.61	458
635.55	308.01	486.24	457.4
636.53	309.18	484.87	456.82
637.6	310.06	483.53	456.63
638.68	310.94	482.17	456.44
639.75	311.82	480.83	456.24
640.83	312.7	479.47	456.05
641.91	313.58	480.04	455.86
642.98	314.46	480.62	455.66
644.06	315.34	481.19	455.47
645.13	316.22	481.77	455.28
645.62	316.62	481.08	454.98
646.11	317.01	480.39	454.69
646.6	317.4	479.7	454.4
647.09	317.79	479.01	454.11
647.58	318.18	478.32	453.82
648.07	318.57	477.63	453.53
648.56	318.96	476.94	453.24
649.05	319.35	476.25	452.95
650.22	318.77	476.25	452.94
651.4	318.18	476.25	452.95
652.57	317.59	476.25	452.95
653.74	317.01	476.26	452.94
654.92	316.42	476.25	452.95
656.09	315.83	476.25	452.95
657.27	315.25	476.25	452.94
658.44	314.66	476.25	452.94
659.52	313.68	476.15	452.75
660.59	312.7	476.05	452.55
661.67	311.72	475.95	452.36
662.74	310.75	475.86	452.15
663.82	309.77	475.75	451.96
664.9	308.79	475.65	451.76
665.97	307.81	475.55	451.57
667.05	306.83	475.45	451.37
667.54	306.25	476.52	450.58
668.03	305.66	477.59	449.79
668.52	305.07	478.67	449.01
669	304.49	479.75	448.21
669.49	303.9	480.82	447.43
669.98	303.31	481.9	446.64
670.47	302.73	482.97	445.85
670.96	302.14	484.04	445.06
671.74	301.16	484.05	444.87
672.53	300.18	484.05	444.67
673.31	299.2	484.05	444.48
674.09	298.23	484.06	444.27
674.87	297.25	484.07	444.08
675.66	296.27	484.07	443.88
676.44	295.29	484.07	443.69
677.22	294.31	484.08	443.49
676.44	293.33	484.76	443.01
675.66	292.36	485.44	442.52
674.87	291.38	486.13	442.03
674.09	290.4	486.81	441.55
673.31	289.42	487.49	441.07
672.53	288.44	488.17	440.59
671.74	287.46	488.86	440.1
670.96	286.49	489.54	439.61
670.18	285.51	487.48	439.03
669.4	284.53	485.43	438.45
668.61	283.55	483.38	437.86
667.83	282.57	481.32	437.28
667.05	281.6	479.26	436.69
666.27	280.62	477.21	436.11
665.48	279.64	475.16	435.52
664.7	278.66	473.1	434.94
664.31	278.17	469.38	434.46
663.92	277.68	465.66	433.97
663.53	277.19	461.93	433.49
663.14	276.71	458.21	432.99
662.75	276.22	454.49	432.51
662.35	275.73	450.78	432.02
661.96	275.24	447.05	431.54
661.57	274.75	443.33	431.05
661.57	274.75	443.04	430.56
661.57	274.75	442.76	430.08
661.57	274.75	442.47	429.59
661.57	274.75	442.18	429.1
661.57	274.75	441.89	428.61
661.57	274.75	441.61	428.13
661.57	274.75	441.32	427.64
661.57	274.75	441.03	427.15
662.16	275.14	440.67	426.76
662.75	275.53	440.3	426.37
663.33	275.92	439.95	425.98
663.92	276.31	439.58	425.59
664.51	276.71	442.49	425.19
665.09	277.1	445.41	424.8
665.68	277.49	448.32	424.41
666.27	277.88	451.23	424.02
667.15	278.76	453.49	423.63
668.03	279.64	455.75	423.24
668.91	280.52	458	422.84
669.79	281.4	460.26	422.45
670.67	282.28	462.52	422.06
671.55	283.16	464.78	421.67
672.43	284.04	467.03	421.27
673.31	284.92	469.29	420.88
673.31	286.49	470.37	420.59
673.31	288.05	471.44	420.3
673.31	289.62	472.52	420.01
673.31	291.18	473.59	419.72
673.31	292.75	474.67	419.43
673.31	294.31	475.74	419.14
673.31	295.88	476.82	418.85
673.31	297.45	477.89	418.55
674.09	299.06	476.72	417.73
674.88	300.67	475.54	416.9
675.66	302.29	474.38	416.07
676.44	303.9	473.21	415.25
677.22	304.44	472.04	415.5
678	304.98	470.87	415.74
678.79	305.52	469.7	415.99
679.57	306.05	468.53	416.25
680.06	306.05	466.18	415.76
680.55	306.05	463.83	415.28
681.04	306.05	461.47	414.79
681.53	306.05	459.12	414.3
682.02	306.05	456.77	413.81
682.5	306.05	454.43	413.33
682.99	306.05	452.07	412.84
683.48	306.05	449.72	412.35
684.95	305.27	444.93	412.34
686.42	304.49	440.13	412.34
687.88	303.71	435.35	412.33
689.35	302.92	430.55	412.33
690.82	302.14	425.76	412.32
692.29	301.36	420.96	412.32
693.75	300.57	416.18	412.32
695.22	299.79	411.38	412.31
696.98	298.42	411.25	411.53
698.74	297.05	411.11	410.75
700.5	295.68	410.98	409.97
702.26	294.31	410.84	409.19
704.02	292.94	415.61	408.41
705.79	291.57	420.36	407.63
707.55	290.21	425.13	406.84
709.31	288.84	429.89	406.06
711.65	285.31	433.16	406.07
714	281.79	436.43	406.06
716.35	278.27	439.69	406.06
718.7	274.75	442.95	406.05
721.04	271.23	446.22	406.05
723.39	267.71	449.49	406.04
725.74	264.18	452.75	406.05
728.09	260.66	456.01	406.04
728.89	257.67	457.67	405.41
729.68	254.67	459.33	404.78
730.48	251.68	460.99	404.15
731.28	248.68	462.65	403.52
731.27	245.42	463.35	403.96
731.25	242.15	464.06	404.4
731.23	238.88	464.78	404.85
731.22	235.62	465.48	405.28
730.24	232.49	464.74	404.26
729.26	229.36	463.99	403.24
728.28	226.23	463.25	402.22
727.3	223.1	462.5	401.2
726.33	219.97	460.55	401.71
725.35	216.84	458.6	402.21
724.37	213.71	456.66	402.72
723.39	210.58	454.71	403.22
721.24	207.45	452.62	403.68
719.09	204.31	450.54	404.14
716.93	201.18	448.46	404.6
714.78	198.05	446.37	405.05
712.63	194.92	444.28	405.51
710.48	191.79	442.2	405.96
708.33	188.66	440.11	406.42
706.17	185.53	438.03	406.87
703.63	182.69	434.9	405.95
701.09	179.86	431.76	405.02
698.54	177.02	428.64	404.09
696	174.18	425.5	403.17
693.46	171.35	422.37	402.24
690.91	168.51	419.24	401.32
688.37	165.67	416.11	400.39
685.83	162.84	412.97	399.46
682.45	160.28	409.8	397.9
679.07	157.72	406.63	396.33
675.69	155.16	403.46	394.77
672.3	152.6	400.3	393.2
670.01	150.85	405.02	391.93
667.72	149.11	409.73	390.64
665.42	147.36	414.46	389.37
663.13	145.62	419.17	388.08
660.78	144.44	422.98	387.41
658.44	143.27	426.79	386.73
656.09	142.1	430.6	386.05
653.74	140.92	434.41	385.38
651.39	139.75	438.22	386.05
649.04	138.57	442.04	386.73
646.7	137.4	445.84	387.4
644.35	136.23	449.65	388.07
642.39	135.44	451.16	386.46
640.44	134.66	452.66	384.84
638.48	133.88	454.17	383.22
636.52	133.09	455.68	381.61
634.57	132.31	455.53	381.07
632.61	131.53	455.39	380.52
630.65	130.75	455.25	379.98
628.7	129.96	455.1	379.44
626.54	131.04	455.11	378.14
624.39	132.11	455.11	376.84
622.24	133.19	455.11	375.54
620.09	134.27	455.11	374.23
617.94	135.34	455.11	374.01
615.78	136.42	455.12	373.78
613.63	137.49	455.12	373.56
611.48	138.57	455.12	373.33
609.76	140.72	453.32	373.02
608.04	142.88	451.51	372.7
606.32	145.03	449.71	372.38
604.6	147.18	447.9	372.07
603.7	149.73	445.27	371.36
602.8	152.29	442.65	370.64
601.9	154.84	440.02	369.92
601	157.4	437.4	369.2
600.8	159.74	435.74	368.62
600.6	162.08	434.08	368.05
600.4	164.43	432.41	367.46
600.2	166.77	430.75	366.88
600.53	169.11	428.56	366.3
600.85	171.45	426.38	365.73
601.18	173.79	424.18	365.15
601.5	176.13	422	364.57
603.04	178.58	420.91	363.78
604.58	181.03	419.82	362.99
606.12	183.47	418.73	362.22
607.66	185.92	417.64	361.43
609.2	188.36	421.73	360.65
610.74	190.81	425.81	359.86
612.28	193.25	429.9	359.09
613.82	195.7	433.98	358.3
615.44	197.46	438.24	357.29
617.06	199.22	442.49	356.28
618.68	200.98	446.75	355.27
620.3	202.74	451	354.26
622.99	204.5	454.19	352.15
625.67	206.26	457.38	350.04
628.36	208.03	460.57	347.92
631.04	209.79	463.76	345.81
634.27	210.86	462.98	346.02
637.5	211.94	462.2	346.21
640.73	213.02	461.42	346.41
643.95	214.09	460.65	346.61
647.18	215.17	459.87	346.81
650.41	216.24	459.09	347.01
653.64	217.32	458.31	347.21
656.87	218.4	457.53	347.4
659.41	219.57	457.53	346.11
661.95	220.74	457.52	344.81
664.5	221.92	457.51	343.51
667.04	223.09	457.51	342.21
669.58	224.27	457.51	342.53
672.13	225.44	457.49	342.86
674.67	226.61	457.49	343.19
677.22	227.79	457.48	343.51
679.66	227.79	455.44	345.36
682.11	227.79	453.39	347.21
684.55	227.79	451.35	349.06
687	227.79	449.3	350.91
689.45	227.79	450	351.41
691.89	227.79	450.71	351.91
694.34	227.79	451.41	352.41
696.78	227.79	452.12	352.91
699.62	226.03	450.06	353.15
702.46	224.28	447.99	353.37
705.29	222.53	445.94	353.6
708.13	220.78	443.87	353.82
710.97	219.02	441.81	354.06
713.8	217.27	439.75	354.28
716.64	215.52	437.69	354.51
719.48	213.77	435.62	354.73
722.8	211.55	436.23	354.42
726.13	209.34	436.82	354.1
729.46	207.12	437.42	353.79
732.78	204.91	438.02	353.47
736.11	203.78	440.54	352.6
739.44	202.65	443.06	351.74
742.76	201.52	445.59	350.87
746.09	200.4	448.11	350
747.95	199.03	449.78	348.91
749.81	197.66	451.44	347.82
751.66	196.29	453.12	346.72
753.52	194.92	454.78	345.63
755.38	193.55	456.45	344.54
757.24	192.18	458.11	343.45
759.1	190.81	459.78	342.35
760.96	189.44	461.44	341.26
761.64	188.86	461.16	340.87
762.33	188.28	460.87	340.47
763.01	187.7	460.59	340.08
763.7	187.12	460.3	339.68
764.38	187.89	458.65	340.09
765.07	188.67	456.98	340.48
765.75	189.44	455.33	340.89
766.44	190.22	453.66	341.28
768	191.54	451.81	340.75
769.57	192.86	449.95	340.21
771.13	194.18	448.11	339.68
772.7	195.5	446.25	339.15
774.26	195.74	444.4	339.7
775.83	195.99	442.54	340.23
777.39	196.23	440.7	340.78
778.96	196.48	438.84	341.32
780.33	197.46	437.96	340.73
781.7	198.44	437.08	340.14
783.07	199.41	436.19	339.55
784.44	200.39	435.31	338.96
785.81	201.37	434.43	338.37
787.18	202.35	433.55	337.78
788.55	203.33	432.66	337.18
789.92	204.3	431.78	336.6
791.09	205.77	434.42	336.41
792.26	207.24	437.07	336.21
793.44	208.71	439.7	336.02
794.61	210.17	442.34	335.83
795.79	211.64	444.97	335.64
796.96	213.11	447.62	335.44
798.13	214.57	450.26	335.26
799.31	216.04	452.89	335.06
798.72	217.02	453.71	335.06
798.13	218	454.52	335.06
797.55	218.98	455.33	335.05
796.96	219.95	456.14	335.06
796.37	220.93	455.33	335.06
795.79	221.91	454.51	335.06
795.2	222.89	453.7	335.06
794.61	223.87	452.89	335.06
793.83	225.53	451.14	335.06
793.05	227.19	449.38	335.05
792.26	228.86	447.63	335.04
791.48	230.52	445.87	335.04
790.7	232.18	444.11	335.04
789.92	233.85	442.36	335.03
789.13	235.51	440.61	335.03
788.35	237.17	438.85	335.03
787.57	239.42	437.28	334.54
786.78	241.67	435.72	334.06
786	243.92	434.15	333.57
785.22	246.17	432.58	333.08
784.44	248.42	431.01	332.59
783.65	250.67	429.45	332.11
782.87	252.92	427.88	331.62
782.09	255.17	426.31	331.13
781.4	257.4	421.65	330.86
780.72	259.64	416.98	330.59
780.03	261.87	412.32	330.32
779.35	264.1	407.65	330.05
778.66	266.2	411.14	329.91
777.98	268.3	414.62	329.78
777.29	270.4	418.11	329.64
776.61	272.5	421.59	329.5
775.71	273.56	424.12	330.4
774.8	274.62	426.65	331.31
773.9	275.69	429.18	332.2
773	276.75	431.7	333.1
771.55	277.81	432.3	334
770.11	278.87	432.89	334.91
768.66	279.93	433.49	335.81
767.22	280.99	434.08	336.71
765.65	281.09	433.2	337.4
764.09	281.19	432.31	338.09
762.52	281.29	431.43	338.77
760.96	281.38	430.54	339.47
759.39	281.48	429.66	340.16
757.83	281.58	428.77	340.85
756.26	281.68	427.89	341.53
754.7	281.78	427	342.22
752.35	282.17	424.38	342.62
750	282.56	421.75	343.02
747.65	282.95	419.13	343.41
745.3	283.34	416.5	343.81
742.96	283.73	413.87	344.21
740.61	284.12	411.24	344.61
738.26	284.51	408.62	345
735.91	284.9	405.99	345.4
733.96	285.59	402.25	346.09
732	286.27	398.53	346.78
730.04	286.96	394.8	347.47
728.09	287.64	391.06	348.16
726.13	288.33	387.33	348.85
724.17	289.01	383.61	349.54
722.22	289.7	379.87	350.23
720.26	290.38	376.14	350.92
718.5	290.38	377.55	352.25
716.74	290.38	378.96	353.57
714.98	290.38	380.37	354.9
713.22	290.38	381.78	356.22
711.46	290.38	387.82	356.47
709.7	290.38	393.85	356.72
707.93	290.38	399.9	356.97
706.17	290.38	405.93	357.22
705.29	289.99	410.71	357.61
704.41	289.6	415.49	358
703.53	289.21	420.27	358.39
702.65	288.82	425.05	358.78
701.77	288.43	427.91	359.17
700.89	288.04	430.76	359.56
700.01	287.64	433.62	359.96
699.13	287.25	436.47	360.35
698.38	286.96	436.15	360.74
697.62	286.67	435.83	361.13
696.87	286.37	435.51	361.53
696.12	286.08	435.18	361.92
695.36	285.78	434.87	362.32
694.61	285.49	434.54	362.71
693.85	285.2	434.23	363.1
693.1	284.9	433.9	363.5
692.09	284.9	432.95	363.88
691.09	284.9	431.98	364.25
690.08	284.9	431.03	364.63
689.07	284.9	430.08	365
688.07	284.9	429.12	366.2
687.06	284.9	428.16	367.4
686.05	284.9	427.21	368.6
685.04	284.9	426.26	369.8
684.65	285	422.74	370.58
684.26	285.1	419.22	371.35
683.87	285.2	415.69	372.13
683.48	285.29	412.17	372.91
683.09	285.39	408.65	373.69
682.7	285.49	405.13	374.46
682.31	285.59	401.6	375.24
681.91	285.69	398.09	376.01
682.29	286.47	399.79	375.51
682.66	287.25	401.49	375
683.03	288.04	403.2	374.49
683.4	288.82	404.9	373.98
684.59	289.6	409.06	373.2
685.79	290.38	413.21	372.42
686.98	291.17	417.37	371.63
688.17	291.95	421.53	370.85
689.25	292.14	424.78	370.34
690.33	292.34	428.02	369.81
691.4	292.53	431.28	369.3
692.48	292.73	434.52	368.77
693.55	292.92	436.95	368.28
694.63	293.12	439.37	367.78
695.71	293.32	441.79	367.28
696.78	293.51	444.22	366.79
698.15	293.02	444.18	367.33
699.52	292.54	444.13	367.86
700.89	292.05	444.09	368.4
702.26	291.56	444.04	368.94
703.63	291.07	442.92	368.96
705	290.58	441.8	368.97
706.37	290.09	440.68	368.99
707.74	289.6	439.56	369
708.03	289.21	440.35	370.18
708.33	288.82	441.12	371.36
708.62	288.43	441.91	372.53
708.91	288.04	442.69	373.71
709.21	287.65	443.47	374.89
709.5	287.26	444.25	376.07
709.79	286.87	445.04	377.24
710.09	286.47	445.81	378.43
712.45	286.09	444.53	379.68
714.82	285.71	443.23	380.94
717.18	285.32	441.95	382.2
719.54	284.94	440.66	383.46
721.91	284.55	439.37	384.72
724.27	284.17	438.08	385.98
726.64	283.78	436.79	387.24
729	283.4	435.5	388.5
731.23	282.12	436.7	389.83
733.47	280.84	437.88	391.16
735.7	279.56	439.08	392.49
737.94	278.28	440.26	393.82
740.17	277	442.83	394.08
742.4	275.72	445.4	394.33
744.64	274.45	447.96	394.58
746.87	273.17	450.53	394.83
748.73	272.09	454.5	394.64
750.59	271.01	458.46	394.44
752.45	269.94	462.43	394.24
754.3	268.86	466.4	394.04
756.7	267.79	467.37	393.84
759.1	266.71	468.35	393.64
761.5	265.63	469.32	393.45
763.9	264.56	470.3	393.24
766.63	264.03	470.34	392.76
769.36	263.5	470.39	392.28
772.09	262.97	470.43	391.8
774.82	262.45	470.48	391.31
779.18	262.19	466.47	390.83
783.54	261.94	462.46	390.34
787.9	261.68	458.45	389.86
792.26	261.43	454.44	389.37
795.49	261.32	451.41	389.77
798.72	261.21	448.38	390.18
801.94	261.11	445.36	390.57
805.17	261	442.33	390.97
808.4	261.69	439.3	390.58
811.63	262.39	436.27	390.17
814.86	263.08	433.24	389.77
818.09	263.78	430.21	389.37
820.04	264.17	426.8	389.37
822	264.56	423.38	389.37
823.96	264.95	419.95	389.37
825.91	265.34	416.54	389.37
827.87	265.73	413.12	389.37
829.83	266.12	409.7	389.38
831.78	266.51	406.28	389.38
833.74	266.91	402.86	389.37
835.16	267.49	407.07	387.43
836.59	268.08	411.27	385.48
838.01	268.67	415.48	383.53
839.43	269.26	419.69	381.58
839.77	269.84	423.9	379.64
840.11	270.43	428.1	377.69
840.45	271.02	432.31	375.74
840.78	271.6	436.52	373.8
840.1	272.19	437	372.72
839.41	272.78	437.49	371.65
838.73	273.36	437.97	370.58
838.04	273.95	438.46	369.5
837.36	274.54	438.94	368.42
836.67	275.12	439.43	367.36
835.99	275.71	439.91	366.28
835.3	276.3	440.4	365.2
834.23	277.22	440.39	364.57
833.15	278.15	440.4	363.93
832.08	279.07	440.39	363.29
831	280	440.4	362.65
829.92	279.86	440.4	363.08
828.85	279.71	440.4	363.52
827.77	279.57	440.4	363.94
826.7	279.43	440.4	364.37
824.74	280.21	436.69	364.37
822.78	280.99	432.97	364.38
820.83	281.78	429.25	364.37
818.87	282.56	425.53	364.37
816.91	283.34	421.82	364.37
814.96	284.12	418.09	364.38
813	284.91	414.38	364.37
811.04	285.69	410.66	364.37
808.89	286.86	406.99	363.79
806.74	288.04	403.31	363.21
804.59	289.21	399.64	362.63
802.44	290.38	395.96	362.05
800.29	291.56	399.63	361.46
798.13	292.73	403.31	360.89
795.98	293.91	406.98	360.3
793.83	295.08	410.65	359.72
791.97	295.47	414.87	358.64
790.11	295.86	419.08	357.57
788.25	296.25	423.3	356.49
786.39	296.65	427.51	355.4
784.53	297.04	430.35	354.32
782.68	297.43	433.17	353.25
780.82	297.82	436.01	352.17
778.96	298.21	438.84	351.09
778.18	297.43	437.97	351.8
777.39	296.65	437.11	352.5
776.61	295.86	436.24	353.22
775.83	295.08	435.37	353.92
775.05	294.3	433.7	355.18
774.26	293.52	432.04	356.43
773.48	292.73	430.37	357.7
772.7	291.95	428.7	358.95
772.6	290.9	424.69	359.63
772.5	289.84	420.67	360.32
772.4	288.79	416.66	361
772.3	287.74	412.65	361.67
772.21	287.23	408.63	362.36
772.11	286.71	404.61	363.05
772.01	286.2	400.6	363.73
771.91	285.69	396.59	364.41
771.33	286.38	391	364.51
770.74	287.06	385.41	364.61
770.15	287.75	379.83	364.71
769.57	288.43	374.23	364.82
768.98	289.12	379.25	364.92
768.39	289.8	384.26	365.02
767.81	290.49	389.27	365.12
767.22	291.17	394.28	365.23
765.95	291.95	398.59	364.16
764.68	292.74	402.9	363.09
763.4	293.52	407.21	362.02
762.13	294.3	411.52	360.95
760.86	295.08	415.83	359.88
759.59	295.87	420.14	358.81
758.32	296.65	424.44	357.74
757.04	297.43	428.76	356.67
756.26	297.82	429.02	356.73
755.48	298.21	429.27	356.79
754.7	298.6	429.53	356.85
753.92	298.99	429.78	356.91
753.13	299.92	428.95	356.71
752.35	300.85	428.1	356.5
751.57	301.77	427.26	356.31
750.79	302.7	426.41	356.1
750.69	304.19	424.95	356.57
750.59	305.68	423.49	357.05
750.49	307.16	422.02	357.53
750.4	308.65	420.55	358
750.3	310.14	419.09	358.47
750.2	311.63	417.63	358.95
750.1	313.11	416.16	359.43
750.01	314.6	414.69	359.9
749.22	315.39	411.96	361.26
748.43	316.18	409.22	362.62
747.64	316.97	406.49	363.98
746.85	317.76	403.75	365.34
746.07	318.54	403.16	366.71
745.28	319.33	402.57	368.07
744.49	320.12	401.99	369.43
743.7	320.91	401.4	370.79
743.21	324.02	407.64	369.23
742.72	327.12	413.88	367.67
742.23	330.23	420.12	366.11
741.74	333.34	426.36	364.55
741.25	335.91	429.9	362.98
740.77	338.47	433.43	361.42
740.28	341.04	436.97	359.86
739.79	343.6	440.51	358.3
739.88	344.29	439.82	358.06
739.98	344.97	439.12	357.83
740.08	345.66	438.42	357.59
740.18	346.34	437.72	357.36
740.28	347.03	435.67	357.4
740.37	347.71	433.63	357.44
740.47	348.4	431.58	357.48
740.57	349.08	429.53	357.52
741.35	349.77	428.65	358.29
742.13	350.45	427.77	359.08
742.92	351.14	426.88	359.85
743.7	351.82	426	360.63
744.48	352.51	425.12	361.4
745.26	353.19	424.24	362.19
746.05	353.88	423.35	362.96
746.83	354.56	422.47	363.74
747.9	355.15	419.74	364.61
748.98	355.74	417	365.49
750.06	356.32	414.25	366.37
751.13	356.91	411.52	367.24
752.21	357.5	408.78	368.11
753.29	358.08	406.04	369
754.36	358.67	403.3	369.87
755.44	359.26	400.56	370.74
755.83	359.26	397.57	371.13
756.22	359.26	394.58	371.52
756.61	359.26	391.59	371.9
757	359.26	388.6	372.29
757.39	359.26	393.74	372.68
757.79	359.26	398.86	373.07
758.18	359.26	404	373.45
758.57	359.26	409.13	373.84
759.45	358.87	412.5	374.33
760.33	358.48	415.87	374.82
761.21	358.08	419.24	375.32
762.09	357.69	422.61	375.81
762.97	357.3	423.56	376.3
763.85	356.91	424.5	376.79
764.73	356.52	425.45	377.28
765.61	356.13	426.39	377.77
767.37	356.13	424.61	377.87
769.13	356.13	422.82	377.97
770.89	356.13	421.04	378.07
772.65	356.13	419.25	378.17
774.42	356.13	415.56	378.27
776.18	356.13	411.87	378.37
777.94	356.13	408.19	378.47
779.7	356.13	404.5	378.57
780.65	356.42	403.26	378.57
781.6	356.71	402.03	378.57
782.55	357.01	400.79	378.55
783.5	357.3	399.55	378.55
785.29	357.6	397.47	378.54
787.08	357.89	395.4	378.54
788.86	358.18	393.33	378.53
790.65	358.47	391.25	378.53
793.29	357.99	386.24	378.42
795.93	357.5	381.22	378.32
798.58	357.01	376.2	378.23
801.22	356.52	371.18	378.13
803.86	356.03	371.32	378.03
806.5	355.54	371.45	377.93
809.14	355.05	371.59	377.84
811.78	354.56	371.72	377.74
814.42	354.17	375.73	377.44
817.06	353.78	379.74	377.15
819.71	353.39	383.74	376.85
822.35	353	387.75	376.55
824.99	352.61	391.76	376.25
827.63	352.21	395.77	375.97
830.27	351.82	399.78	375.67
832.91	351.43	403.79	375.37
835.06	352.51	403.5	373.6
837.22	353.58	403.21	371.85
839.37	354.66	402.92	370.08
841.52	355.74	402.63	368.31
843.68	356.81	402.33	366.55
845.83	357.89	402.05	364.79
847.98	358.96	401.76	363.03
850.13	360.04	401.47	361.26
851.5	360.63	399.51	360.47
852.87	361.21	397.56	359.69
854.24	361.8	395.6	358.9
855.61	362.39	393.64	358.11
856.98	362.97	391.68	357.33
858.35	363.56	389.73	356.54
859.72	364.15	387.77	355.75
861.09	364.73	385.81	354.97
862.75	365.61	381.3	354.97
864.41	366.5	376.79	354.95
866.08	367.38	372.27	354.95
867.74	368.26	367.76	354.94
869.4	369.14	367.58	354.94
871.07	370.02	367.38	354.93
872.73	370.9	367.2	354.93
874.39	371.78	367.01	354.92
876.25	372.95	366.35	354.14
878.11	374.12	365.69	353.36
879.97	375.3	365.03	352.56
881.83	376.47	364.37	351.78
883.68	377.64	364.25	351
885.54	378.82	364.11	350.21
887.4	379.99	363.98	349.42
889.26	381.17	363.84	348.63
890.63	381.56	366.87	348.04
892	381.95	369.9	347.45
893.37	382.34	372.93	346.86
894.74	382.73	375.96	346.27
896.11	383.12	378.99	345.68
897.48	383.51	382.02	345.09
898.85	383.91	385.05	344.49
900.22	384.3	388.08	343.9
900.22	383.91	389.54	345.08
900.22	383.51	391.01	346.27
900.22	383.12	392.47	347.44
900.22	382.73	393.93	348.62
900.22	382.34	395.39	349.8
900.22	381.95	396.86	350.98
900.22	381.56	398.32	352.15
900.22	381.17	399.78	353.33
900.22	380.29	399.68	355
900.22	379.41	399.58	356.67
900.22	378.52	399.48	358.34
900.22	377.64	399.38	360.01
900.22	376.76	399.28	361.68
900.22	375.88	399.18	363.35
900.22	375	399.08	365.01
900.22	374.12	398.98	366.68
899.83	373.24	398.98	368.15
899.43	372.36	399	369.62
899.04	371.48	399	371.08
898.65	370.6	399	372.55
898.26	369.72	399	374.02
897.87	368.84	399.01	375.49
897.48	367.96	399.01	376.95
897.09	367.08	399.01	378.42
896.4	366.4	397.55	378.81
895.72	365.71	396.08	379.22
895.03	365.03	394.62	379.61
894.35	364.34	393.15	380.01
893.66	363.66	391.69	380.4
892.98	362.97	390.22	380.81
892.29	362.29	388.76	381.2
891.61	361.6	387.29	381.6
890.73	360.72	388.56	381.31
889.85	359.84	389.83	381.01
888.97	358.96	391.09	380.72
888.09	358.08	392.36	380.42
887.21	357.2	393.63	380.13
886.33	356.32	394.9	379.83
885.44	355.44	396.17	379.54
884.56	354.56	397.44	379.24
883.29	353.19	400.94	378.75
882.02	351.82	404.43	378.25
880.75	350.45	407.93	377.76
879.48	349.08	411.42	377.27
878.21	347.71	413.29	376.78
876.93	346.34	415.17	376.28
875.66	344.97	417.04	375.79
874.39	343.6	418.91	375.3
873.02	341.84	419.64	375.3
871.65	340.08	420.38	375.3
870.28	338.32	421.11	375.3
868.91	336.56	421.84	375.3
867.54	334.8	422.57	375.3
866.17	333.04	423.31	375.3
864.8	331.28	424.04	375.29
863.43	329.52	424.77	375.29
862.26	328.15	423.89	375.3
861.08	326.78	423.02	375.31
859.91	325.41	422.14	375.31
858.74	324.04	421.26	375.32
857.56	322.67	420.39	375.32
856.39	321.3	419.51	375.33
855.21	319.93	418.64	375.33
854.04	318.56	417.76	375.34
853.16	316.8	417.85	375.34
852.28	315.04	417.95	375.34
851.4	313.28	418.04	375.34
850.52	311.52	418.13	375.34
849.64	309.76	418.22	375.34
848.76	308	418.32	375.34
847.87	306.24	418.42	375.33
846.99	304.47	418.51	375.34
846.5	302.42	419.69	376.52
846.02	300.37	420.86	377.69
845.53	298.31	422.03	378.87
845.04	296.26	423.21	380.05
844.55	294.2	424.39	381.23
844.06	292.15	425.56	382.4
843.57	290.09	426.74	383.59
843.08	288.04	427.92	384.76
843.86	285.59	428.6	385.55
844.64	283.15	429.29	386.33
845.43	280.7	429.96	387.11
846.21	278.26	430.64	387.89
846.99	275.81	431.32	388.68
847.77	273.37	432.01	389.46
848.56	270.92	432.68	390.24
849.34	268.47	433.36	391.03
850.9	265.64	433.8	392.1
852.47	262.8	434.23	393.18
854.03	259.96	434.67	394.25
855.6	257.13	435.1	395.32
857.16	254.29	436.62	396.4
858.73	251.45	438.12	397.48
860.29	248.62	439.64	398.54
861.86	245.78	441.14	399.62
863.62	243.82	442.5	400.61
865.38	241.87	443.87	401.58
867.14	239.91	445.24	402.57
868.9	237.96	446.6	403.54
870.66	236	445.82	404.53
872.42	234.04	445.03	405.51
874.18	232.09	444.25	406.49
875.95	230.13	443.45	407.47
877.71	228.47	441.3	408.64
879.47	226.8	439.16	409.83
881.23	225.14	437.01	411
882.99	223.48	434.86	412.17
884.75	221.82	432.71	413.34
886.51	220.15	430.57	414.53
888.27	218.49	428.42	415.7
890.03	216.83	426.27	416.87
891.11	215.65	426.27	417.26
892.19	214.48	426.26	417.65
893.26	213.3	426.27	418.04
894.34	212.13	426.26	418.42
895.41	210.96	426.27	418.8
896.49	209.78	426.27	419.2
897.57	208.61	426.26	419.58
898.64	207.44	426.27	419.96
898.35	206.36	432.03	419.48
898.05	205.28	437.81	419
897.76	204.21	443.57	418.5
897.47	203.13	449.33	418.02
897.17	202.05	455.11	417.54
896.88	200.98	460.87	417.05
896.58	199.9	466.65	416.56
896.29	198.83	472.41	416.07
895.8	198.04	475.53	416.07
895.31	197.26	478.64	416.07
894.82	196.48	481.76	416.06
894.34	195.7	484.86	416.05
893.85	194.91	484.15	416.05
893.36	194.13	483.44	416.05
892.87	193.35	482.73	416.04
892.38	192.56	482.02	416.04
892.28	191.49	483.52	416.82
892.19	190.41	485.01	417.61
892.09	189.34	486.51	418.4
891.99	188.26	488.01	419.19
891.89	187.18	484.89	419.98
891.79	186.11	481.76	420.76
891.7	185.03	478.63	421.56
891.6	183.96	475.5	422.34
890.62	183.96	474.52	423.03
889.64	183.96	473.54	423.72
888.66	183.96	472.55	424.4
887.69	183.96	471.56	425.09
886.71	183.96	470.58	425.78
885.73	183.96	469.6	426.47
884.75	183.96	468.61	427.15
883.77	183.96	467.63	427.84
881.43	184.45	465.66	428.04
879.08	184.94	463.7	428.24
876.73	185.43	461.73	428.43
874.38	185.92	459.77	428.63
872.03	186.41	457.81	428.83
869.69	186.89	455.84	429.04
867.34	187.38	453.87	429.23
864.99	187.87	451.91	429.43
862.84	188.46	459.21	429.63
860.69	189.05	466.51	429.83
858.53	189.63	473.82	430.03
856.38	190.22	481.12	430.23
854.23	190.81	485.17	430.43
852.08	191.39	489.22	430.64
849.92	191.98	493.28	430.83
847.77	192.57	497.33	431.03
847.28	193.45	497.82	431.71
846.79	194.33	498.31	432.4
846.3	195.21	498.8	433.08
845.81	196.09	499.29	433.76
845.33	196.97	499.77	434.44
844.84	197.85	500.26	435.13
844.35	198.73	500.75	435.81
843.86	199.61	501.24	436.49
845.03	200.1	497.72	437.28
846.21	200.59	494.19	438.06
847.38	201.08	490.67	438.85
848.55	201.57	487.15	439.63
849.73	202.06	483.62	440.42
850.9	202.55	480.1	441.2
852.07	203.03	476.58	442
853.25	203.52	473.05	442.78
853.64	203.52	468.01	442.58
854.03	203.52	462.97	442.38
854.42	203.52	457.93	442.18
854.81	203.52	452.89	441.98
855.2	203.52	447.85	441.78
855.59	203.52	442.81	441.58
855.99	203.52	437.76	441.38
856.38	203.52	432.72	441.18
857.16	203.72	439.23	440.88
857.94	203.91	445.74	440.59
858.73	204.11	452.23	440.29
859.51	204.31	458.74	439.99
860.29	204.5	465.25	439.7
861.07	204.7	471.76	439.4
861.86	204.89	478.25	439.11
862.64	205.09	484.76	438.81
865.08	205.87	487.9	437.64
867.53	206.65	491.02	436.48
869.98	207.44	494.15	435.3
872.42	208.22	497.28	434.13
874.87	209	500.41	432.96
877.31	209.78	503.54	431.8
879.76	210.57	506.67	430.62
882.21	211.35	509.79	429.45
885.14	212.03	509.01	429.06
888.07	212.72	508.23	428.66
891.01	213.4	507.44	428.26
893.94	214.09	506.66	427.86
896.88	214.77	505.87	427.47
899.81	215.46	505.09	427.07
902.75	216.14	504.3	426.67
905.68	216.83	503.52	426.27
908.91	218.68	501.67	425.7
912.14	220.54	499.81	425.11
915.37	222.4	497.96	424.53
918.59	224.26	496.11	423.94
921.82	226.12	494.26	423.36
925.05	227.98	492.4	422.77
928.28	229.84	490.55	422.19
931.51	231.7	488.69	421.6
934.44	233.36	483.61	420.73
937.38	235.02	478.52	419.86
940.31	236.68	473.44	418.98
943.25	238.35	468.35	418.1
946.18	240.01	463.27	417.23
949.12	241.67	458.18	416.36
952.05	243.34	453.1	415.47
954.99	245	448.01	414.6
957.63	246.08	451.4	414.11
960.27	247.15	454.78	413.63
962.91	248.23	458.17	413.13
965.55	249.3	461.55	412.65
968.19	250.38	466.59	412.16
970.83	251.46	471.62	411.67
973.47	252.53	476.66	411.18
976.12	253.61	481.68	410.69
979.05	254.49	485.3	410.01
981.98	255.37	488.92	409.33
984.92	256.25	492.53	408.65
987.85	257.13	496.15	407.97
990.79	258.01	496.24	407.29
993.72	258.89	496.33	406.61
996.66	259.77	496.42	405.93
999.59	260.65	496.51	405.25
1002.72	261.63	497.36	404.85
1005.85	262.61	498.2	404.44
1008.98	263.59	499.05	404.04
1012.12	264.57	499.88	403.63
1015.25	265.55	499.63	404.03
1018.38	266.52	499.37	404.43
1021.5	267.5	499.12	404.83
1024.63	268.48	498.87	405.22
1027.37	268.58	496.92	405.61
1030.11	268.67	494.97	406.01
1032.85	268.77	493.01	406.39
1035.59	268.87	491.06	406.78
1038.33	268.97	489.11	407.17
1041.07	269.06	487.16	407.57
1043.81	269.16	485.2	407.95
1046.55	269.26	483.25	408.34
1048.02	269.94	481.39	407.66
1049.48	270.63	479.55	406.97
1050.95	271.31	477.69	406.29
1052.42	272	475.83	405.6
1053.89	272.69	473.97	404.91
1055.35	273.37	472.13	404.23
1056.82	274.06	470.27	403.54
1058.29	274.74	468.41	402.86
1058.48	274.74	469.68	402.76
1058.68	274.74	470.95	402.66
1058.88	274.74	472.21	402.56
1059.07	274.74	473.48	402.46
1059.27	274.74	474.74	402.36
1059.46	274.74	476.02	402.26
1059.66	274.74	477.28	402.16
1059.85	274.74	478.55	402.06
1060.54	274.25	480.9	401.58
1061.22	273.76	483.26	401.09
1061.91	273.27	485.6	400.61
1062.59	272.78	487.96	400.12
1063.28	272.3	490.31	399.63
1063.96	271.81	492.67	399.14
1064.65	271.32	495.01	398.66
1065.33	270.83	497.37	398.17
1065.82	269.65	498.06	397.79
1066.31	268.48	498.74	397.4
1066.8	267.31	499.43	397
1067.29	266.13	500.11	396.62
1067.78	264.96	498.65	396.23
1068.27	263.79	497.18	395.83
1068.76	262.61	495.72	395.45
1069.24	261.44	494.26	395.06
1070.32	259.87	492.3	394.97
1071.4	258.31	490.35	394.87
1072.47	256.74	488.41	394.77
1073.55	255.18	486.45	394.67
1074.62	253.61	484.5	394.58
1075.7	252.05	482.55	394.48
1076.78	250.48	480.6	394.38
1077.85	248.92	478.65	394.28
1077.95	247.74	478.65	394.09
1078.05	246.57	478.65	393.88
1078.15	245.39	478.65	393.69
1078.24	244.22	478.66	393.48
1078.34	243.05	478.66	393.28
1078.44	241.87	478.66	393.08
1078.54	240.7	478.66	392.88
1078.63	239.52	478.67	392.68
1078.24	238.25	478.19	392.68
1077.85	236.98	477.7	392.67
1077.46	235.71	477.22	392.67
1077.07	234.44	476.73	392.66
1076.68	233.16	476.25	392.67
1076.29	231.89	475.76	392.66
1075.9	230.62	475.28	392.66
1075.51	229.35	474.79	392.65
1075.51	228.47	476.07	392.15
1075.51	227.59	477.34	391.66
1075.51	226.71	478.62	391.17
1075.51	225.83	479.89	390.67
1075.51	224.95	481.17	390.17
1075.51	224.07	482.44	389.68
1075.51	223.19	483.72	389.19
1075.51	222.31	484.99	388.69
1075.9	221.52	486.46	389.19
1076.29	220.74	487.94	389.69
1076.68	219.96	489.41	390.18
1077.07	219.18	490.88	390.67
1077.46	218.39	492.35	391.17
1077.85	217.61	493.83	391.67
1078.24	216.83	495.3	392.16
1078.63	216.05	496.77	392.65
1079.42	215.85	495.19	392.65
1080.2	215.65	493.63	392.65
1080.98	215.46	492.06	392.64
1081.77	215.26	490.48	392.64
1082.55	215.07	488.91	392.63
1083.33	214.87	487.35	392.63
1084.11	214.67	485.78	392.63
1084.9	214.48	484.2	392.62
1084.9	214.48	478.14	392.03
1084.9	214.48	472.08	391.45
1084.9	214.48	466.01	390.86
1084.9	214.48	459.95	390.27
1084.9	214.48	453.89	389.68
1084.9	214.48	447.83	389.1
1084.9	214.48	441.76	388.51
1084.9	214.48	435.7	387.92
1084.9	214.48	436.93	387.82
1084.9	214.48	438.15	387.72
1084.9	214.48	439.38	387.62
1084.9	214.48	440.6	387.52
1084.9	214.48	441.83	387.42
1084.9	214.48	443.05	387.32
1084.9	214.48	444.28	387.22
1084.9	214.48	445.5	387.12
1084.9	214.48	446.73	387.02
1084.9	214.48	447.95	386.92
1084.9	214.48	449.18	386.82
1084.9	214.48	450.4	386.72
1084.9	214.48	451.63	386.62
1084.9	214.48	452.85	386.52
1084.9	214.48	454.08	386.42
1084.9	214.48	455.3	386.32
1084.9	214.48	457.75	385.45
1084.9	214.48	460.2	384.57
1084.9	214.48	462.65	383.7
1084.9	214.48	465.1	382.82
1084.9	214.48	467.55	381.95
1084.9	214.48	470	381.07
1084.9	214.48	472.45	380.2
1084.9	214.48	474.9	379.32
1084.51	214.48	474.7	378.83
1084.11	214.48	474.52	378.35
1083.72	214.48	474.32	377.86
1083.33	214.48	474.12	377.37
1082.94	214.48	473.92	376.88
1082.55	214.48	473.73	376.4
1082.16	214.48	473.53	375.91
1081.77	214.48	473.33	375.42
1081.47	215.07	471.48	374.93
1081.18	215.65	469.62	374.45
1080.88	216.24	467.77	373.96
1080.59	216.83	465.91	373.47
1080.3	217.41	464.05	372.99
1080	218	462.2	372.5
1079.71	218.59	460.34	372.01
1079.42	219.17	458.48	371.53
1079.02	219.96	455.94	370.54
1078.63	220.74	453.4	369.56
1078.24	221.52	450.85	368.58
1077.85	222.3	448.3	367.6
1077.46	223.08	445.75	366.62
1077.07	223.87	443.21	365.63
1076.68	224.65	440.66	364.65
1076.29	225.43	438.11	363.67
1074.82	226.41	433.38	363.27
1073.35	227.39	428.65	362.86
1071.88	228.37	423.92	362.46
1070.42	229.34	419.18	362.06
1068.95	230.32	414.45	361.66
1067.48	231.3	409.72	361.25
1066.01	232.28	404.99	360.85
1064.55	233.26	400.25	360.44
1063.24	234.07	402.46	360.12
1061.94	234.89	404.66	359.79
1060.63	235.7	406.87	359.46
1059.33	236.52	409.07	359.13
1058.02	237.33	411.28	358.81
1056.72	238.15	413.48	358.48
1055.42	238.96	415.68	358.15
1054.11	239.78	417.89	357.82
1053.13	240.11	419.2	357.24
1052.16	240.43	420.49	356.67
1051.18	240.76	421.8	356.09
1050.2	241.08	423.1	355.52
1049.22	241.41	424.41	354.94
1048.24	241.74	425.71	354.36
1047.27	242.06	427.01	353.79
1046.29	242.39	428.31	353.21
1045.31	243.37	429.54	352.81
1044.33	244.34	430.77	352.41
1043.35	245.32	432	352.01
1042.37	246.3	433.23	351.6
1041.4	247.28	434.45	351.2
1040.42	248.26	435.68	350.79
1039.44	249.23	436.91	350.4
1038.46	250.21	438.14	349.99
1038.3	252.01	437.73	349.33
1038.13	253.8	437.32	348.68
1037.97	255.59	436.91	348.02
1037.81	257.39	436.49	347.36
1037.65	259.18	436.08	346.71
1037.48	260.97	435.67	346.06
1037.32	262.77	435.26	345.39
1037.16	264.56	434.84	344.74
1038.54	265.54	432.4	345.22
1039.93	266.52	429.95	345.71
1041.31	267.49	427.5	346.2
1042.7	268.47	425.05	346.68
1044.09	269.45	422.6	347.16
1045.47	270.43	420.15	347.65
1046.86	271.41	417.7	348.13
1048.24	272.38	415.26	348.62
1049.22	273.36	409.63	348.62
1050.2	274.34	404	348.61
1051.18	275.32	398.37	348.61
1052.16	276.3	392.74	348.6
1053.14	277.28	387.11	348.6
1054.11	278.25	381.49	348.6
1055.09	279.23	375.86	348.6
1056.07	280.21	370.23	348.59
1056.48	281.35	371.95	348.26
1056.89	282.49	373.66	347.94
1057.29	283.63	375.39	347.61
1057.7	284.77	377.1	347.28
1058.11	285.92	378.82	346.94
1058.52	287.06	380.53	346.62
1058.93	288.2	382.25	346.29
1059.33	289.34	383.97	345.96
1060.45	289.5	385.62	345.96
1061.57	289.66	387.28	345.97
1062.68	289.83	388.94	345.96
1063.8	289.99	390.6	345.96
1066.27	290.15	390.9	345.96
1068.74	290.32	391.21	345.96
1071.21	290.48	391.51	345.96
1073.68	290.64	391.82	345.96
1075.96	290.64	390.28	345.71
1078.25	290.64	388.73	345.46
1080.53	290.64	387.18	345.21
1082.81	290.64	385.64	344.96
1085.1	290.64	384.09	344.71
1087.38	290.64	382.55	344.46
1089.66	290.64	381	344.21
1091.94	290.64	379.46	343.96
1093.06	290.97	379.08	343.54
1094.17	291.29	378.71	343.13
1095.29	291.62	378.32	342.72
1096.4	291.95	377.95	342.3
1097.24	292.27	377.85	341.89
1098.09	292.6	377.74	341.47
1098.93	292.92	377.63	341.07
1099.77	293.25	377.53	340.65
1100.75	294.8	376.64	340.16
1101.74	296.35	375.73	339.68
1102.72	297.9	374.84	339.19
1103.7	299.45	373.95	338.7
1103.04	300.99	374.7	338.22
1102.39	302.54	375.43	337.74
1101.73	304.09	376.18	337.25
1101.08	305.64	376.92	336.76
1102.54	304.74	372.96	337.76
1104.01	303.85	368.99	338.75
1105.48	302.95	365.02	339.75
1106.95	302.05	361.05	340.75
1108.41	301.16	360.89	339.57
1109.88	300.26	360.72	338.39
1111.35	299.36	360.55	337.22
1112.81	298.47	360.39	336.03
1113.3	296.67	359.6	336.37
1113.79	294.88	358.81	336.7
1114.28	293.09	358.02	337.02
1114.77	291.29	357.23	337.36
1115.26	289.5	356.44	337.69
1115.75	287.71	355.65	338.02
1116.24	285.91	354.86	338.35
1116.73	284.12	354.07	338.68
1115.75	283.39	354.89	339.32
1114.77	282.65	355.71	339.98
1113.79	281.92	356.52	340.62
1112.81	281.18	357.34	341.27
1111.84	280.45	358.15	341.91
1110.86	279.72	358.97	342.56
1109.88	278.98	359.78	343.21
1108.9	278.25	360.6	343.85
1107.51	277.52	362.48	343.61
1106.13	276.78	364.35	343.37
1104.74	276.05	366.22	343.13
1103.36	275.32	368.09	342.88
1101.97	274.58	369.97	342.65
1100.59	273.85	371.84	342.4
1099.2	273.11	373.71	342.17
1097.81	272.38	375.59	341.92
1096.92	270.54	378.35	343.51
1096.02	268.69	381.13	345.11
1095.12	266.85	383.9	346.7
1094.23	265	386.67	348.3
1093.33	265.05	389.44	348
1092.43	265.1	392.22	347.7
1091.54	265.16	394.98	347.39
1090.64	265.21	397.76	347.09
1089.74	265.13	397.76	347.25
1088.85	265.05	397.75	347.4
1087.95	264.96	397.75	347.57
1087.05	264.88	397.75	347.72
1086.16	264.8	397.74	347.88
1085.26	264.72	397.74	348.03
1084.36	264.64	397.74	348.19
1083.47	264.56	397.73	348.34
1082.9	265.7	396.43	348.66
1082.33	266.84	395.12	348.99
1081.75	267.98	393.83	349.31
1081.18	269.12	392.52	349.63
1080.61	270.26	391.22	349.95
1080.04	271.4	389.91	350.28
1079.47	272.55	388.61	350.59
1078.9	273.69	387.3	350.91
1078.9	274.75	386.89	351.31
1078.9	275.81	386.48	351.72
1078.9	276.87	386.06	352.12
1078.9	277.93	385.65	352.52
1078.9	278.99	385.24	352.92
1078.9	280.05	384.83	353.33
1078.9	281.11	384.41	353.73
1078.9	282.17	384	354.13
1079.06	282.41	384.09	354.3
1079.23	282.65	384.17	354.48
1079.39	282.9	384.26	354.64
1079.55	283.14	384.35	354.81
1079.72	283.39	384.43	354.97
1079.88	283.63	384.52	355.15
1080.04	283.88	384.61	355.31
1080.21	284.12	384.69	355.48
1079.31	284.45	390.73	356.45
1078.41	284.77	396.77	357.43
1077.51	285.1	402.8	358.4
1076.62	285.42	408.83	359.38
1075.72	285.75	414.87	360.35
1074.82	286.08	420.91	361.32
1073.93	286.4	426.93	362.3
1073.03	286.73	432.97	363.27
1071.69	287.95	434.72	364.09
1070.35	289.17	436.48	364.91
1069.01	290.4	438.23	365.71
1067.67	291.62	439.98	366.53
1066.32	292.84	441.74	367.35
1064.98	294.06	443.5	368.17
1063.64	295.29	445.25	368.97
1062.3	296.51	447	369.79
1061.1	298.79	448.53	370.2
1059.9	301.08	450.05	370.6
1058.7	303.36	451.58	371
1057.5	305.64	453.1	371.41
1056.3	307.92	454.63	371.82
1055.1	310.21	456.15	372.22
1053.9	312.49	457.67	372.62
1052.7	314.77	459.2	373.03
1052.14	315.83	458.86	374.49
1051.59	316.89	458.51	375.96
1051.03	317.94	458.17	377.43
1050.47	319	457.83	378.9
1049.92	320.88	457.48	379.54
1049.36	322.75	457.14	380.2
1048.8	324.63	456.8	380.84
1048.25	326.51	456.45	381.49
1048.08	327.73	456.13	382.47
1047.92	328.95	455.81	383.45
1047.76	330.18	455.48	384.42
1047.6	331.4	455.15	385.4
1047.43	333.44	454.83	385.56
1047.27	335.48	454.51	385.72
1047.11	337.51	454.18	385.89
1046.94	339.55	453.86	386.05
1046.29	340.53	454.42	386.78
1045.64	341.51	454.99	387.52
1044.99	342.49	455.55	388.25
1044.33	343.47	456.12	388.98
1043.68	344.45	456.68	389.71
1043.03	345.42	457.25	390.46
1042.38	346.4	457.81	391.19
1041.72	347.38	458.38	391.92
1040.04	347.38	462.58	392.9
1038.36	347.38	466.79	393.87
1036.68	347.38	470.99	394.85
1035	347.38	475.2	395.82
1035.62	347.38	477.1	396.8
1036.25	347.38	479	397.77
1036.88	347.38	480.9	398.75
1037.5	347.38	482.8	399.72
1036.25	347.3	484.2	400.94
1035	347.22	485.6	402.16
1033.75	347.14	487	403.37
1032.5	347.05	488.4	404.6
1032.23	346.97	490.47	405.82
1031.95	346.89	492.55	407.04
1031.68	346.81	494.62	408.25
1031.4	346.73	496.7	409.47
1031.28	347.3	496.49	410.36
1031.15	347.87	496.3	411.26
1031.03	348.44	496.09	412.15
1030.9	349.01	495.9	413.04
1032	349.58	494.47	413.93
1033.1	350.15	493.05	414.83
1034.2	350.72	491.62	415.72
1035.3	351.29	490.2	416.61
1033.78	351.05	494.17	417.83
1032.25	350.8	498.15	419.05
1030.73	350.56	502.12	420.27
1029.2	350.31	506.1	421.49
1030.93	350.07	506.82	422.71
1032.65	349.82	507.55	423.93
1034.38	349.58	508.27	425.15
1036.1	349.33	509	426.37
1035.74	349.01	508.95	427.34
1035.39	348.68	508.89	428.32
1035.03	348.36	508.83	429.29
1034.67	348.03	508.78	430.27
1034.32	347.7	508.72	431.25
1033.96	347.38	508.67	432.22
1033.6	347.05	508.61	433.2
1033.24	346.73	508.56	434.17
1032.36	346.4	511.06	435.64
1031.47	346.07	513.58	437.11
1030.59	345.75	516.08	438.56
1029.7	345.42	518.6	440.03
1028.8	345.1	521.12	441.49
1027.9	344.77	523.65	442.96
1027	344.44	526.17	444.42
1026.1	344.12	528.7	445.88
1025.45	344.12	529.35	446.29
1024.8	344.12	530	446.71
1024.15	344.12	530.65	447.12
1023.49	344.12	531.31	447.53
1022.84	344.12	531.96	447.94
1022.19	344.12	532.61	448.36
1021.54	344.12	533.26	448.77
1020.88	344.12	533.92	449.18
1019.74	344.12	534.57	449.18
1018.6	344.12	535.23	449.18
1017.46	344.12	535.88	449.18
1016.32	344.12	536.53	449.18
1015.18	344.12	537.18	449.18
1014.04	344.12	537.84	449.18
1012.9	344.12	538.49	449.18
1011.76	344.12	539.14	449.18
1009.64	343.47	538.25	449.51
1007.52	342.81	537.36	449.84
1005.4	342.16	536.46	450.17
1003.28	341.51	535.57	450.49
1001.16	340.86	534.68	450.82
999.04	340.2	533.79	451.15
996.92	339.55	532.89	451.48
994.8	338.9	532	451.8
992.27	337.76	532.91	452.94
989.74	336.62	533.81	454.08
987.22	335.48	534.71	455.22
984.69	334.34	535.61	456.36
982.16	333.19	536.52	457.51
979.63	332.05	537.42	458.65
977.11	330.91	538.32	459.79
974.58	329.77	539.22	460.93
971.24	329.61	540.6	461.74
967.9	329.45	541.98	462.55
964.55	329.28	543.36	463.37
961.21	329.12	544.74	464.18
957.87	328.96	546.12	464.99
954.53	328.79	547.5	465.81
951.18	328.63	548.88	466.62
947.84	328.47	550.26	467.43
945.07	327.41	554.17	468.08
942.3	326.35	558.08	468.73
939.53	325.29	561.98	469.37
936.75	324.23	565.9	470.02
933.98	323.17	569.81	470.67
931.21	322.11	573.72	471.32
928.44	321.05	577.62	471.96
925.67	319.99	581.53	472.61
923.22	317.63	585.28	473.58
920.77	315.26	589.03	474.57
918.33	312.9	592.77	475.54
915.88	310.53	596.52	476.52
913.44	308.17	600.26	477.49
910.99	305.8	604.01	478.48
908.55	303.44	607.75	479.45
906.1	301.08	611.5	480.42
904.15	299.2	613.29	480.91
902.19	297.33	615.09	481.4
900.23	295.45	616.88	481.89
898.28	293.58	618.67	482.37
896.32	291.7	620.47	482.86
894.36	289.83	622.27	483.35
892.41	287.95	624.05	483.84
890.45	286.08	625.85	484.32
889.31	285.83	627.32	484.57
888.17	285.59	628.78	484.81
887.03	285.34	630.25	485.06
885.89	285.1	631.71	485.3
884.74	284.85	633.19	485.55
883.6	284.61	634.65	485.79
882.46	284.36	636.12	486.04
881.32	284.12	637.58	486.28
881.56	284.12	638.32	486.28
881.81	284.12	639.04	486.28
882.05	284.12	639.78	486.28
882.3	284.12	640.5	486.28
882.54	284.12	641.24	486.28
882.79	284.12	641.96	486.28
883.03	284.12	642.7	486.28
883.28	284.12	643.42	486.28
884.25	284.12	640.28	486.28
885.23	284.12	637.12	486.28
886.21	284.12	633.97	486.28
887.19	284.12	630.81	486.28
888.17	284.12	628.76	486.28
889.14	284.12	626.71	486.28
890.12	284.12	624.66	486.28
891.1	284.12	622.6	486.28
892.41	284.2	621.13	486.61
893.71	284.28	619.67	486.95
895.01	284.36	618.2	487.28
896.32	284.45	616.73	487.6
897.62	284.53	615.27	487.93
898.93	284.61	613.8	488.27
900.23	284.69	612.33	488.6
901.54	284.77	610.86	488.93
902.68	284.04	610.1	490.47
903.82	283.3	609.33	492.03
904.96	282.57	608.57	493.57
906.1	281.84	607.8	495.11
907.24	281.1	606.91	496.66
908.38	280.37	606.02	498.21
909.52	279.63	605.13	499.76
910.67	278.9	604.23	501.3
911.9	278.17	599.45	501.62
913.13	277.43	594.67	501.95
914.37	276.7	589.88	502.26
915.6	275.97	585.1	502.58
916	275.23	587.98	502.91
916.39	274.5	590.86	503.23
916.79	273.77	593.74	503.54
917.19	273.03	596.61	503.87
918.08	272.22	596.55	504.52
918.98	271.4	596.47	505.18
919.88	270.59	596.4	505.82
920.77	269.77	596.33	506.48
921.67	268.96	598.98	507.13
922.57	268.14	601.63	507.79
923.46	267.33	604.29	508.43
924.36	266.51	606.94	509.09
925.09	266.35	606.96	509.58
925.83	266.18	606.97	510.07
926.56	266.02	606.99	510.56
927.29	265.86	607.01	511.04
928.03	265.69	607.02	511.54
928.76	265.53	607.04	512.02
929.5	265.37	607.05	512.51
930.23	265.21	607.07	512.99
930.72	265.21	607.36	513.73
931.21	265.21	607.64	514.47
931.7	265.21	607.93	515.2
932.19	265.21	608.21	515.94
932.67	265.21	610.66	516.68
933.16	265.21	613.1	517.42
933.65	265.21	615.53	518.15
934.14	265.21	617.97	518.89
934.14	264.72	617.97	518.89
934.14	264.23	617.97	518.89
934.14	263.74	617.97	518.89
934.14	263.25	617.97	518.89
934.14	262.76	617.97	518.89
934.14	262.27	617.97	518.89
934.14	261.78	617.97	518.9
934.14	261.29	617.97	518.9
933.81	260.56	617.98	518.89
933.49	259.82	617.97	518.9
933.16	259.09	617.97	518.89
932.84	258.36	617.97	518.89
932.51	257.62	617.97	518.9
932.18	256.89	617.98	518.89
931.86	256.15	617.97	518.9
931.53	255.42	617.97	518.89
931.21	254.52	617.97	519.88
930.88	253.63	617.97	520.86
930.55	252.73	617.98	521.84
930.23	251.83	617.97	522.83
929.9	250.94	617.98	523.8
929.57	250.04	617.98	524.79
929.25	249.14	617.98	525.77
928.92	248.24	617.98	526.76
929	247.59	617.98	526.76
929.08	246.94	617.98	526.76
929.17	246.29	617.97	526.75
929.25	245.63	617.98	526.76
929.33	244.98	617.98	526.76
929.41	244.33	617.98	526.76
929.49	243.68	617.98	526.75
929.57	243.03	617.98	526.75
929.41	242.74	617.46	527.64
929.25	242.46	616.94	528.51
929.08	242.18	616.43	529.39
928.92	241.9	615.91	530.27
928.76	241.88	615.39	530.88
928.59	241.85	614.87	531.51
928.43	241.83	614.35	532.13
928.27	241.8	613.83	532.75
928.1	241.75	613.32	533.4
927.94	241.7	612.8	534.05
927.78	241.65	612.28	534.69
927.62	241.6	611.76	535.34
927.74	242.26	610.95	535.28
927.86	242.93	610.15	535.2
927.98	243.59	609.35	535.14
928.1	244.25	608.55	535.08
927.79	244.91	608.18	535.01
927.49	245.57	607.8	534.95
927.18	246.24	607.43	534.88
926.88	246.9	607.05	534.81
926.57	247.56	606.67	534.75
926.27	248.22	606.29	534.69
925.96	248.89	605.92	534.61
925.66	249.55	605.54	534.55
924.68	250.71	605.3	534.2
923.7	251.86	605.05	533.87
922.72	253.02	604.81	533.52
921.75	254.17	604.55	533.18
920.77	255.33	604.31	532.83
919.79	256.49	604.06	532.49
918.81	257.64	603.82	532.15
917.83	258.8	603.57	531.8
915.55	259.44	603.05	532.22
913.27	260.07	602.53	532.66
910.99	260.71	602.01	533.08
908.7	261.35	601.5	533.5
906.42	261.99	600.98	533.92
904.14	262.62	600.46	534.36
901.85	263.26	599.95	534.78
899.57	263.9	599.43	535.2
896.72	264.47	604.43	536.42
893.87	265.04	609.43	537.64
891.01	265.61	614.44	538.85
888.16	266.18	619.44	540.07
885.3	266.75	624.45	541.29
882.45	267.32	629.45	542.51
879.6	267.89	634.45	543.72
876.74	268.46	639.46	544.94
874.46	268.79	642.23	545.35
872.18	269.12	645	545.76
869.9	269.44	647.76	546.17
867.61	269.77	650.54	546.58
865.33	270.09	653.31	547
863.05	270.42	656.08	547.41
860.77	270.75	658.84	547.81
858.48	271.07	661.62	548.23
856.61	271.24	663.9	548.22
854.73	271.4	666.2	548.23
852.86	271.56	668.48	548.23
850.98	271.72	670.77	548.23
849.11	271.89	673.05	548.22
847.23	272.05	675.35	548.23
845.36	272.21	677.63	548.23
843.48	272.38	679.92	548.22
842.18	273.03	680.48	549.36
840.88	273.68	681.05	550.5
839.57	274.33	681.62	551.63
838.27	274.99	682.18	552.76
836.96	275.64	682.75	553.9
835.66	276.29	683.32	555.04
834.35	276.94	683.89	556.17
833.05	277.59	684.45	557.31
831.58	278.9	684.46	557.23
830.11	280.2	684.47	557.15
828.65	281.51	684.46	557.07
827.18	282.81	684.47	556.99
825.71	284.11	684.48	556.92
824.25	285.42	684.48	556.83
822.78	286.72	684.48	556.76
821.31	288.03	684.49	556.67
819.92	288.27	684.49	556.67
818.54	288.51	684.49	556.68
817.15	288.76	684.49	556.67
815.77	289	684.49	556.68
814.38	289.25	684.49	556.67
812.99	289.49	684.49	556.68
811.61	289.74	684.49	556.67
810.22	289.98	684.49	556.68
809.24	289.98	686.7	556.68
808.27	289.98	688.89	556.69
807.29	289.98	691.09	556.69
806.31	289.98	693.3	556.7
805.33	289.98	695.5	556.7
804.35	289.98	697.7	556.71
803.38	289.98	699.9	556.71
802.4	289.98	702.1	556.72
801.5	290.15	700.8	556.71
800.6	290.31	699.5	556.72
799.71	290.47	698.19	556.72
798.81	290.63	696.89	556.72
797.91	290.8	695.59	556.71
797.02	290.96	694.28	556.72
796.12	291.12	692.98	556.72
795.22	291.29	691.68	556.71
793.68	292.35	691.67	556.39
792.13	293.41	691.67	556.07
790.58	294.47	691.67	555.74
789.03	295.53	691.67	555.42
787.48	296.59	691.67	555.1
785.93	297.65	691.67	554.78
784.38	298.71	691.67	554.45
782.83	299.77	691.67	554.13
781.77	300.25	690.21	554.14
780.71	300.74	688.74	554.14
779.65	301.23	687.28	554.13
778.59	301.72	685.81	554.13
777.53	302.21	684.35	554.13
776.47	302.7	682.88	554.13
775.41	303.19	681.42	554.12
774.35	303.68	679.95	554.12
773.46	303.84	679.05	554.05
772.56	304	678.17	553.98
771.66	304.17	677.28	553.89
770.77	304.33	676.38	553.82
769.87	304.49	675.49	553.75
768.97	304.66	674.61	553.67
768.08	304.82	673.71	553.59
767.18	304.98	672.82	553.52
765.88	305.39	672.24	554.34
764.57	305.8	671.68	555.15
763.27	306.2	671.1	555.98
761.96	306.61	670.54	556.79
760.66	307.02	669.96	557.93
759.35	307.43	669.4	559.07
758.05	307.83	668.82	560.22
756.74	308.24	668.26	561.36
755.36	308.73	668.42	563.81
753.97	309.22	668.58	566.26
752.59	309.71	668.74	568.7
751.2	310.2	668.9	571.15
749.82	310.69	669.06	573.6
748.43	311.18	669.22	576.05
747.04	311.67	669.39	578.49
745.66	312.16	669.54	580.94
743.78	313.05	669.22	581.28
741.91	313.95	668.89	581.6
740.03	314.85	668.57	581.93
738.16	315.74	668.24	582.26
736.28	316.64	667.92	582.59
734.41	317.54	667.59	582.91
732.53	318.43	667.27	583.25
730.66	319.33	666.94	583.57
728.7	319.98	668.33	583.25
726.75	320.63	669.7	582.92
724.79	321.29	671.09	582.59
722.83	321.94	672.47	582.26
720.88	322.59	673.85	581.94
718.92	323.24	675.23	581.61
716.96	323.89	676.62	581.29
715.01	324.55	677.99	580.95
713.21	324.71	675.47	581.12
711.42	324.87	672.93	581.28
709.63	325.04	670.4	581.44
707.83	325.2	667.87	581.6
706.04	325.36	665.34	581.77
704.25	325.52	662.8	581.93
702.45	325.69	660.28	582.09
700.66	325.85	657.74	582.25
699.27	326.09	657.83	582.59
697.89	326.34	657.91	582.91
696.5	326.58	658	583.25
695.12	326.83	658.08	583.57
693.73	327.07	658.17	583.91
692.34	327.32	658.26	584.23
690.96	327.56	658.34	584.57
689.57	327.81	658.43	584.89
688.84	326.83	658.42	581.8
688.1	325.85	658.43	578.7
687.37	324.87	658.42	575.61
686.64	323.89	658.41	572.51
685.9	322.91	658.41	569.42
685.17	321.94	658.41	566.31
684.44	320.96	658.4	563.22
683.7	319.98	658.4	560.12
683.95	319.41	658.4	556.94
684.19	318.84	658.41	553.76
684.44	318.27	658.41	550.58
684.68	317.7	658.42	547.4
684.93	317.12	658.42	544.23
685.17	316.55	658.43	541.05
685.42	315.98	658.43	537.87
685.66	315.41	658.44	534.69
686.23	314.19	659.01	535.01
686.8	312.97	659.58	535.33
687.37	311.74	660.14	535.66
687.94	310.52	660.71	535.98
688.51	309.3	661.28	536.3
689.09	308.08	661.84	536.62
689.66	306.85	662.4	536.95
690.23	305.63	662.97	537.27
690.8	303.92	662.31	537.27
691.37	302.21	661.66	537.27
691.94	300.5	661	537.26
692.51	298.78	660.34	537.27
693.08	297.07	659.68	537.27
693.65	295.36	659.03	537.27
694.22	293.65	658.37	537.26
694.79	291.94	657.71	537.26
695.44	289.9	656.74	537.26
696.1	287.86	655.75	537.27
696.75	285.82	654.78	537.27
697.4	283.79	653.8	537.26
698.05	281.75	652.83	537.26
698.7	279.71	651.85	537.27
699.36	277.67	650.87	537.27
700.01	275.63	649.89	537.27
700.74	274.74	650.01	536.86
701.48	273.84	650.12	536.46
702.21	272.94	650.24	536.06
702.94	272.05	650.36	535.65
703.68	271.15	650.47	535.25
704.41	270.25	650.59	534.85
705.14	269.36	650.71	534.44
705.88	268.46	650.82	534.04
706.04	268.22	652.6	540.88
706.2	267.97	654.38	547.73
706.37	267.73	656.14	554.57
706.53	267.48	657.92	561.42
706.69	267.24	659.7	568.26
706.86	266.99	661.47	575.11
707.02	266.75	663.24	581.95
707.18	266.51	665.02	588.79
707.18	266.83	666.12	591.73
707.18	267.16	667.22	594.67
707.18	267.48	668.32	597.61
707.18	267.81	669.42	600.54
707.18	268.14	670.52	603.47
707.18	268.46	671.62	606.42
707.18	268.79	672.72	609.35
707.18	269.12	673.82	612.28
707.18	269.28	674.32	615.22
707.18	269.44	674.82	618.16
707.18	269.6	675.32	621.1
707.18	269.77	675.82	624.03
707.18	269.93	676.32	626.97
707.18	270.09	676.82	629.91
707.18	270.26	677.32	632.84
707.18	270.42	677.82	635.78
706.45	270.66	677.99	638.32
705.71	270.91	678.17	640.84
704.98	271.15	678.33	643.38
704.25	271.4	678.5	645.9
703.51	271.64	678.68	648.44
702.78	271.89	678.84	650.96
702.05	272.13	679.01	653.5
701.31	272.38	679.19	656.02
699.75	271.99	680.08	657.29
698.18	271.59	680.97	658.56
696.62	271.2	681.86	659.83
695.05	270.81	682.75	661.09
693.49	270.42	683.64	662.36
691.92	270.03	684.53	663.62
690.36	269.64	685.42	664.89
688.79	269.24	686.31	666.16
686.83	268.66	687.1	666.45
684.88	268.07	687.87	666.76
682.92	267.48	688.66	667.06
680.96	266.9	689.44	667.35
679.01	266.31	690.22	667.65
677.05	265.72	691	667.96
675.1	265.14	691.78	668.25
673.14	264.55	692.56	668.55
670.5	263.18	694.33	670.12
667.86	261.81	696.09	671.69
665.21	260.44	697.87	673.26
662.57	259.07	699.63	674.83
659.93	257.7	701.4	676.4
657.29	256.33	703.16	677.97
654.65	254.96	704.93	679.54
652.01	253.59	706.69	681.11
650.34	251.24	707.87	675.74
648.68	248.9	709.05	670.35
647.02	246.55	710.22	664.98
645.36	244.2	711.39	659.6
643.69	241.85	712.57	654.23
642.03	239.5	713.75	648.85
640.37	237.15	714.92	643.48
638.7	234.81	716.1	638.09
637.24	233.44	716.77	638.67
635.77	232.07	717.46	639.26
634.3	230.7	718.14	639.84
632.83	229.33	718.82	640.42
631.37	227.96	719.49	641
629.9	226.59	720.18	641.59
628.43	225.22	720.86	642.17
626.96	223.85	721.54	642.75
626.57	221.89	721.83	643.34
626.18	219.94	722.12	643.91
625.79	217.98	722.41	644.5
625.4	216.02	722.7	645.08
625.01	214.07	722.99	645.66
624.62	212.11	723.28	646.24
624.23	210.16	723.57	646.82
623.83	208.2	723.87	647.4
624.52	205.85	722.31	647.4
625.2	203.5	720.75	647.4
625.89	201.16	719.19	647.39
626.57	198.81	717.63	647.39
627.26	196.46	716.07	647.39
627.94	194.11	714.51	647.39
628.63	191.77	712.95	647.38
629.31	189.42	711.39	647.38
630.58	187.85	710.32	649.34
631.86	186.29	709.24	651.29
633.13	184.72	708.17	653.24
634.4	183.16	707.1	655.19
635.67	181.59	706.03	657.15
636.94	180.03	704.96	659.1
638.21	178.46	703.89	661.05
639.49	176.9	702.81	663
640.17	174.94	702.82	665.55
640.86	172.98	702.82	668.1
641.54	171.03	702.82	670.63
642.22	169.07	702.83	673.18
642.91	167.11	702.83	675.73
643.59	165.16	702.84	678.27
644.28	163.2	702.83	680.81
644.96	161.24	702.84	683.36
644.57	160.95	700.98	681.01
644.18	160.66	699.12	678.67
643.79	160.36	697.26	676.33
643.4	160.07	695.4	673.98
643.01	159.78	693.54	671.63
642.62	159.48	691.68	669.3
642.23	159.19	689.82	666.95
641.83	158.9	687.97	664.6
642.03	157.53	687.18	661.37
642.23	156.16	686.4	658.14
642.42	154.79	685.62	654.91
642.62	153.42	684.83	651.68
642.81	152.05	684.05	648.45
643.01	150.68	683.27	645.22
643.2	149.31	682.49	641.99
643.4	147.94	681.7	638.76
644.08	146.86	680.33	637.69
644.77	145.79	678.96	636.61
645.45	144.71	677.59	635.54
646.14	143.63	676.21	634.47
646.82	142.56	674.84	633.39
647.51	141.48	673.47	632.32
648.19	140.41	672.1	631.24
648.88	139.33	670.72	630.17
648.88	137.57	670.82	629.78
648.88	135.81	670.92	629.39
648.88	134.05	671.02	629
648.88	132.29	671.12	628.61
648.88	130.53	671.22	628.22
648.88	128.76	671.32	627.84
648.88	127	671.42	627.45
648.88	125.24	671.52	627.06
648.88	122.99	669.37	625.89
648.88	120.74	667.22	624.71
648.88	118.49	665.07	623.54
648.88	116.24	662.92	622.36
648.88	113.99	660.77	621.19
648.88	111.74	658.62	620.01
648.88	109.49	656.47	618.84
648.88	107.24	654.32	617.66
649.17	105.09	653.16	617.27
649.46	102.94	651.99	616.89
649.76	100.79	650.82	616.5
650.05	98.63	649.65	616.12
650.34	96.48	648.49	615.73
650.64	94.33	647.31	615.35
650.93	92.18	646.15	614.96
651.22	90.03	644.98	614.57
651.62	87.48	643.79	615.07
652.01	84.94	642.62	615.56
652.4	82.4	641.44	616.05
652.79	79.85	640.26	616.55
653.18	77.31	639.08	617.04
653.57	74.76	637.91	617.54
653.96	72.22	636.73	618.03
654.35	69.68	635.55	618.52
