1346.35	1339.97	92.12	55.51
1352.2	1335	92.2	62.5
1354.2	1332	95.1	65.5
1360.1	1329	98	63.6
1359.6	1328.5	98	64.1
1365	1324.1	92.1	66.5
1373.9	1318.2	78.3	69.5
1380.8	1311.3	72.3	75.4
1389.7	1303.4	62.4	79.4
1397.1	1295.5	54.9	84.9
1397.1	1296.1	55.3	84.3
1401.2	1293.2	52	79.8
1410.2	1285.1	44.7	83.1
1415	1280	39	87.7
1421.7	1272.7	34.2	80.3
1425.39	1261.9	32.11	73.6
1425.39	1262	32.21	73.5
1425.39	1258.8	36.11	75
1424.6	1253.1	45.9	75.8
1422.1	1246.5	52.5	66
1422.1	1240.8	56.6	64.3
1423.7	1235.9	59.1	61
1423.7	1235.9	59.1	61
1417.1	1226.9	67.3	69.2
1423.7	1217.9	60.7	70
1430.3	1209.7	57.4	70.8
1441	1198.2	54.1	80.7
1450.8	1189.2	49.2	73.3
1450.8	1189.2	49.2	73.3
1451.4	1183.5	54.3	67.5
1454.6	1170.4	55.2	73
1457.9	1164.8	53.5	67.3
1461.7	1159.6	51.8	65.1
1463.3	1152.5	57.1	64.1
1463.3	1152.6	56.8	64
1466.3	1147.2	59.8	64.2
1462.8	1146.4	64.4	65
1467.4	1141.5	65	61.7
1467.6	1137.4	67.4	61.8
1473.7	1137.8	64.7	50.1
1473.7	1137.8	64.8	50.2
1474.7	1134.1	64.3	52.3
1469.6	1130.6	71.7	64.7
1475	1129	68.8	60.23
1480.4	1127.4	65.9	55.77
1485.8	1125.8	63	51.3
1485.2	1125.57	63.43	50.73
1484.9	1123.43	67.16	51.44
1484.6	1121.3	70.9	52.15
1481.5	1120.1	82.1	51.09
1481	1116	81.9	51.9
1478.7	1111.7	88.3	56
1478.7	1110.79	88.9	57.91
1485.2	1108.7	83.1	47.7
1487.8	1107.3	83.2	46.5
1485.2	1105.1	93.6	42.1
1477.8	1103.4	103.2	43.5
1475.3	1103.2	107.8	42.5
1475.3	1102.8	107.5	42.5
1477.7	1100.63	108.49	43.57
1475.9	1098.46	114.4	46.24
1477.2	1094.2	115.7	50
1478.1	1092.55	117.6	51.95
1479.3	1089.92	119.27	52.5
1479.6	1089.9	118.5	52.4
1482	1087.6	119.7	54.3
1481.5	1086	119.5	56.2
1484.9	1084	115.4	56.3
1485.1	1083.3	115.9	57.8
1485.8	1083.3	115.2	57
1485.7	1083.3	115.3	56.5
1484.7	1083.3	116.3	56.5
1485.8	1083.3	113.8	56.5
1483.1	1083.3	115.8	57.1
1481.8	1083.3	116.2	58
1478.7	1083.3	121.3	58.3
1478.3	1083.3	121.3	57.9
1474.2	1083.3	124.1	58.9
1471.5	1083.3	123.3	57.9
1463.6	1081.4	127.6	57.9
1469.6	1079.4	119.1	57.6
1468.7	1076.4	119.1	59.5
1469.1	1076.4	119.1	59.1
1472	1077.4	120.8	58.9
1470.7	1076.4	124	58.9
1473	1072.7	127	61.2
1470.9	1067.5	130.1	64.9
1473.9	1066.7	127.1	66.3
1473.5	1066.7	127.5	66.3
1477.7	1068.5	129.2	62.4
1480.2	1067.6	133.5	62
1488.5	1068.5	134.3	61.1
1492.4	1065.6	136.5	63.4
1500.3	1066.6	133.1	61.9
1501.9	1066.5	131.6	61.9
1507.5	1065.6	127.1	61.8
1511.5	1064.6	124.9	63.9
1517.4	1065.6	116	63.4
1521	1063.6	111.6	69.7
1521	1064.6	110.8	70.7
1521	1064.6	110.8	70.8
1522.8	1063.6	105.4	72.7
1521.8	1067.6	104.3	66.8
1522.6	1071.5	98.8	62.9
1530.8	1074.4	87.4	62.2
1533.2	1076	81.7	60.2
1533.25	1076	81.6	60.2
1534.1	1076.9	79.1	61.3
1537.5	1076.9	75.2	61.3
1534.3	1076.9	77.1	55.9
1528.5	1075.2	79.6	60
1523.6	1071.9	82.9	63
1523.6	1071.9	82.9	63.8
1518.7	1069.5	86.9	61.3
1515.4	1063.7	85.4	64.7
1508	1058	91.9	62.2
1505.5	1055.5	91.1	61.4
1504.7	1049	90.3	62.1
1504.7	1049	90.1	62.1
1504.7	1044.1	87.6	60.2
1503.1	1039.2	88.6	61.7
1504.7	1032.6	86.7	56.9
1502.2	1026.9	87.9	61.8
1491.6	1022.8	94.4	67.2
1491.8	1022.7	94.2	67.3
1481.8	1017.9	102.5	75
1475.2	1015.5	105.1	78.5
1471.9	1011.1	106.1	84
1462.6	1009.9	112	89.1
1462	1006.5	110.3	93.2
1461.4	1006.5	110.9	93.2
1464.7	1007.8	103.7	95.9
1463.9	1005.5	99.9	100.6
1462	1002.2	91.5	103.8
1465.3	999.9	84.3	103.2
1469.9	998.8	72.8	106.6
1469.9	998.7	72.8	106.7
1472.4	1007.9	64.1	97.5
1474.1	1012.1	56.7	94.4
1471.7	1014.8	53	97.4
1463.5	1016.4	62.8	96.4
1457.5	1012.7	70.4	105.6
1457.5	1012.6	70.6	105.9
1455.2	1021.1	61.3	101.4
1450.6	1029.4	67.5	101.3
1445.8	1035.5	69.6	100.2
1433.2	1038.7	59.1	96.3
1425.5	1040.9	63.2	95.8
1425.5	1040.3	63	96.3
1415.8	1042	73.2	96.1
1406.1	1056.2	85.2	86.5
1395.3	1057.6	101.4	88.6
1390.9	1061.9	112.5	90.5
1374.9	1070.7	129.7	82
1374.7	1070.4	130.8	82.9
1375.7	1073	130.8	82.1
1374.5	1080.5	136.3	75.5
1374.7	1084.7	135.6	75
1375.9	1089.5	135	74.9
1379.2	1097	142	78.5
1379.3	1097	141.7	78.4
1386.9	1102.7	137	76
1391.4	1108.6	134	75.4
1398	1115.5	138.6	77.1
1399.4	1123.7	142.9	74.6
1408.2	1130.7	140.1	77.9
1408.2	1130.6	140.1	78.2
1410.6	1137.3	142.4	78.8
1413.4	1144.2	142.3	79.6
1416.2	1149.9	139.4	79.3
1419.5	1157.4	137.9	77.8
1420.93	1164.3	134.67	78.9
1422.37	1164.6	133.43	78.6
1423.8	1169.8	135	79.2
1425.7	1175	135.1	80.5
1430.3	1181.3	134	80.2
1441	1187.2	128.1	79.2
1445.2	1190.2	125.4	83.3
1445.2	1190.1	125.4	83.7
1445.7	1194	129.2	85.3
1445.1	1205.4	130.2	79.7
1446.8	1208.8	131.6	81.5
1446.2	1209.4	131.6	86.6
1446.2	1214.5	127.6	85.5
1446.2	1214.5	127.5	85.5
1445.7	1217.4	122.1	86
1442.8	1220.2	121.7	84.9
1442.8	1219.7	117.1	86.6
1435.8	1222	119.4	86
1429	1224.5	124.5	85
1429	1224.6	125.3	84.9
1428.4	1218.2	109	91.3
1427.8	1205.9	102.4	103.6
1433	1197.7	103.6	111.8
1433.6	1219.4	78.8	90.1
1435.4	1211.3	78	98.6
1434.9	1211.3	78	98.2
1433.8	1216.4	69.2	93.1
1437.4	1222.6	70.4	82
1430.9	1211.3	78.9	89.2
1427.3	1211.3	77.1	86.7
1421.4	1211.3	85.8	90.8
1421.2	1211.3	85.9	90.8
1411.9	1211.3	95.9	94.1
1399.4	1211.3	108.4	87.5
1378.6	1211.3	130.6	88.4
1367.3	1211.3	144.6	87.5
1357.6	1212.23	156	86.27
1353.4	1213.16	160.6	86.64
1349.2	1214.09	164.5	85.31
1347.9	1215.02	168.2	87.28
1349.7	1215.94	167.3	87.66
1349.7	1216.87	168.5	88.03
1355.6	1217.8	164.6	89.2
1355.4	1217.97	165	88.63
1359.7	1218.8	162.4	88.6
1369.2	1221	159.11	88.5
1379.1	1221	165.6	88.5
1382.4	1221	167.8	88.5
1383.1	1221	166.7	88.5
1383.4	1221	166.6	88.5
1389	1221	166.6	88.5
1398.6	1221	164.2	88.5
1407.5	1211.2	162.5	94.8
1415	1212.8	164.2	95.5
1428	1212	165	97.5
1428.6	1212.6	163.5	87.3
1433.4	1210.9	166.8	82.3
1442.3	1206	169.3	83
1455.3	1204.6	163.8	85.8
1460.8	1201.2	164.5	91.2
1473.1	1203.2	162.4	89.9
1473.1	1203.9	161	88.5
1477.1	1201.2	163.9	91.9
1479.2	1198.4	173.5	94
1482	1198.4	174.1	94.7
1492.2	1198.5	167.2	93.3
1495.6	1197.1	162.6	93.3
1495	1197.1	163.1	93.2
1494.9	1191	157.8	100
1495.6	1185.5	155	104.2
1495.3	1184.9	152.6	103.3
1496.3	1177.8	150.9	109.6
1501.1	1172.9	135.2	107.9
1500.7	1172.8	136.7	108
1503.5	1168.5	134.05	109.8
1505.9	1163.4	128.9	109.5
1507.2	1157.2	127	109.7
1507.2	1150.3	123.5	113.2
1507.2	1147.8	124.2	112
1507.2	1147.8	124.3	112.2
1507.2	1143.5	124.2	110.8
1507.2	1135.5	123.5	111.7
1503.3	1132.2	113.8	107.9
1493.4	1129.8	108	101.3
1490.4	1120	98.6	106.1
1490.5	1119.3	99.2	106.5
1495.4	1113.7	89.6	106.4
1497.1	1106.6	84.1	107.8
1486.5	1102.8	87.5	102.4
1470.8	1098.1	102.5	109.2
1452.6	1092.4	118.7	105.4
1453.1	1093.1	118.2	104.6
1444.4	1093.8	115.9	94.5
1420.8	1092.4	138.5	97.1
1417.8	1091	141.2	93.2
1381.4	1085.3	171.4	94.9
1357.2	1084.5	175.1	95.9
1357.3	1084.6	174.9	95.9
1346.1	1084.7	166.1	93
1309.1	1080.4	172.3	93
1292.3	1080.4	175.2	96.5
1276.6	1080.4	166.2	98.9
1259.8	1080.4	159.5	99.9
1260.4	1080.4	158.9	100.3
1239.2	1083.4	158.5	101.7
1216.5	1088.3	157.3	98.9
1193	1093.2	158.6	96
1164.7	1092.5	161.8	97.2
1151.2	1098.2	148.8	95.2
1151.3	1098.9	149.3	95.1
1125	1098.9	154.3	94.7
1105.5	1101.2	156	94.2
1083.6	1102.1	156.8	94.3
1057.5	1107.3	157.3	92.3
1034.1	1112.2	161.5	90.7
1033.9	1111.9	161.7	90.6
1014.7	1112.2	151.06	91.8
987.7	1118.1	153.57	86.5
958.1	1122.3	156.4	84.5
935.4	1122.4	156.31	85.1
919	1123.2	148.79	89.3
919.2	1123.4	148.8	89.2
896.2	1125.3	148.81	91.5
873.3	1127.1	150.9	90.7
856.8	1126.7	144.9	94.8
831.9	1126.9	149.89	95.9
813.5	1128.2	145.9	96.9
813.7	1128.2	146	96.8
794.5	1130.2	153.8	101.7
775.9	1133.2	153.8	98.9
752.7	1133.1	171.5	101.8
737.6	1135.9	170.5	98.9
722.2	1135.9	173.6	107.8
722.1	1136	173.5	107.8
704.9	1139.8	178.5	107.6
690.7	1147.9	173.9	105.7
675.4	1152	166.8	117.4
661.7	1154.9	151.8	128.4
655.8	1163.8	159	116.6
655.8	1163.8	159.4	116.6
641.1	1171.7	149	118.5
622.3	1175.5	145.4	119.6
607.3	1181.3	138.3	131.2
578.5	1187	141.9	157.8
560.1	1200.1	143.11	150.82
560.3	1200.1	143.1	151.3
533	1215.7	154.3	146.6
505.3	1230.8	156.5	146.3
479.6	1258.3	155.3	128.1
466	1278.6	151	114.8
441.5	1280.8	160	108.4
441.5	1281.2	159.6	108.4
399.2	1292.5	179.81	117.6
373.4	1304.1	188.45	118.8
355	1311.3	189.7	121
321.6	1319.6	195.3	121.8
297.5	1318.9	197.3	130.3
297.9	1319.3	196.6	130
271.8	1336.8	203	120.2
242.8	1343.1	204.5	121.5
214.6	1348.2	199.7	120.5
185.7	1354.1	205.9	117.8
154.57	1358.1	210.63	115.2
154.8	1357.5	210.6	115.6
126.8	1360.4	209.3	114.5
96.6	1364	215.5	112.8
64.2	1364.9	228.2	111.8
33.5	1366.1	239.4	113
4.56	1367.16	252.34	112.54
4.4	1367.4	252.1	112.2
0	1365.5	228.7	113.8
