1104.4	340.37	131	108
1112	366	93	81
1111.58	363.61	96.41	84.32
1111.16	361.22	99.82	87.65
1110.73	358.83	103.24	90.97
1110.31	356.44	106.65	94.29
1109.89	354.06	110.05	97.61
1109.47	351.67	113.46	100.93
1109.04	349.28	116.88	104.25
1108.62	346.89	120.29	107.58
1108.2	344.5	123.7	110.9
1108.02	345.02	124	111.33
1107.84	345.54	124.3	111.77
1107.66	346.06	124.6	112.2
1107.48	346.58	124.9	112.63
1107.3	347.1	125.2	113.07
1107.12	347.62	125.5	113.5
1106.94	348.14	125.8	113.94
1106.76	348.66	126.1	114.37
1106.58	349.18	126.4	114.8
1106.4	349.7	126.7	115.24
1106.23	350.19	127.01	115.87
1106.06	350.68	127.32	116.51
1105.89	351.17	127.63	117.15
1105.72	351.66	127.94	117.78
1105.55	352.15	128.25	118.42
1105.38	352.64	128.56	119.05
1105.21	353.13	128.87	119.69
1105.04	353.62	129.18	120.33
1104.87	354.11	129.49	120.96
1104.7	354.6	129.8	121.6
1104.68	355.36	129.56	121.86
1104.66	356.12	129.32	122.12
1104.64	356.88	129.08	122.38
1104.62	357.64	128.84	122.64
1104.6	358.4	128.6	122.9
1104.58	359.16	128.36	123.16
1104.56	359.92	128.12	123.42
1104.54	360.68	127.88	123.68
1104.52	361.44	127.64	123.94
1104.5	362.2	127.4	124.2
1104.28	363.01	127.9	124.66
1104.06	363.82	128.4	125.13
1103.84	364.63	128.9	125.59
1103.62	365.44	129.4	126.06
1103.4	366.25	129.9	126.52
1103.18	367.06	130.4	126.99
1102.96	367.87	130.9	127.45
1102.74	368.68	131.4	127.92
1102.52	369.49	131.9	128.38
1102.3	370.3	132.4	128.84
1102.13	372.88	132.11	128.9
1101.96	375.45	131.82	128.97
1101.79	378.03	131.53	129.03
1101.62	380.61	131.24	129.09
1101.45	383.18	130.95	129.16
1101.28	385.76	130.66	129.21
1101.11	388.34	130.37	129.27
1100.94	390.92	130.08	129.33
1100.77	393.49	129.79	129.4
1100.6	396.07	129.5	129.46
1100.84	398.79	129.46	129.46
1101.08	401.52	129.43	129.46
1101.32	404.24	129.39	129.46
1101.56	406.97	129.35	129.46
1101.8	409.69	129.31	129.46
1102.04	412.42	129.28	129.46
1102.28	415.15	129.24	129.45
1102.52	417.87	129.2	129.46
1102.76	420.6	129.17	129.45
1103	423.32	129.13	129.46
1103.26	425.2	130.06	130.13
1103.52	427.08	130.98	130.8
1103.78	428.95	131.91	131.48
1104.04	430.83	132.84	132.15
1104.3	432.71	133.76	132.82
1104.56	434.59	134.69	133.49
1104.82	436.47	135.62	134.16
1105.08	438.34	136.55	134.85
1105.34	440.22	137.47	135.52
1105.6	442.1	138.4	136.19
1106.39	444.62	138.6	136.65
1107.18	447.14	138.8	137.12
1107.97	449.66	139	137.59
1108.76	452.18	139.2	138.05
1109.55	454.7	139.4	138.52
1110.34	457.22	139.6	138.98
1111.13	459.74	139.8	139.45
1111.92	462.26	140	139.92
1112.71	464.78	140.2	140.38
1113.5	467.3	140.4	140.85
1114.14	469.18	140.54	140.85
1114.78	471.07	140.69	140.85
1115.42	472.95	140.83	140.85
1116.06	474.84	140.97	140.85
1116.7	476.72	141.11	140.85
1117.34	478.61	141.26	140.84
1117.98	480.49	141.4	140.85
1118.62	482.37	141.54	140.85
1119.26	484.26	141.68	140.85
1119.9	486.14	141.83	140.85
1120.47	488.09	142.01	140.84
1121.04	490.03	142.2	140.85
1121.61	491.97	142.39	140.85
1122.18	493.91	142.58	140.85
1122.75	495.86	142.76	140.84
1123.32	497.8	142.95	140.85
1123.89	499.74	143.14	140.85
1124.46	501.68	143.33	140.85
1125.03	503.62	143.51	140.85
1125.6	505.57	143.7	140.85
1126.37	507.51	144.06	141.86
1127.14	509.45	144.42	142.88
1127.91	511.4	144.78	143.89
1128.68	513.34	145.14	144.9
1129.45	515.28	145.5	145.92
1130.22	517.23	145.86	146.93
1130.99	519.17	146.22	147.94
1131.76	521.11	146.58	148.96
1132.53	523.06	146.94	149.97
1133.3	525	147.3	150.99
1133.71	526.42	148.28	151.71
1134.12	527.84	149.26	152.43
1134.53	529.26	150.24	153.15
1134.94	530.68	151.22	153.87
1135.35	532.1	152.2	154.59
1135.76	533.52	153.18	155.31
1136.17	534.94	154.16	156.04
1136.58	536.36	155.14	156.76
1136.99	537.78	156.12	157.48
1137.4	539.2	157.1	158.2
1137.91	539.72	158.13	158.81
1138.42	540.24	159.16	159.42
1138.93	540.76	160.19	160.03
1139.44	541.28	161.22	160.64
1139.95	541.8	162.25	161.25
1140.46	542.32	163.28	161.86
1140.97	542.84	164.31	162.47
1141.48	543.36	165.34	163.08
1141.99	543.88	166.37	163.7
1142.5	544.4	167.4	164.31
1142.73	544.63	167.66	165.57
1142.96	544.86	167.92	166.82
1143.19	545.09	168.18	168.08
1143.42	545.32	168.44	169.34
1143.65	545.55	168.7	170.6
1143.88	545.78	168.96	171.86
1144.11	546.01	169.22	173.12
1144.34	546.24	169.48	174.38
1144.57	546.47	169.74	175.64
1144.8	546.7	170	176.9
1144.38	546.7	170.74	176.4
1143.96	546.7	171.48	175.9
1143.54	546.7	172.22	175.4
1143.12	546.7	172.96	174.9
1142.7	546.7	173.7	174.4
1142.28	546.7	174.44	173.9
1141.86	546.7	175.18	173.4
1141.44	546.7	175.92	172.9
1141.02	546.7	176.66	172.4
1140.6	546.7	177.4	171.9
1139.63	546.7	177.44	172.27
1138.66	546.7	177.49	172.64
1137.69	546.7	177.53	173.01
1136.72	546.7	177.57	173.38
1135.75	546.7	177.61	173.75
1134.78	546.7	177.65	174.12
1133.81	546.7	177.7	174.49
1132.84	546.7	177.74	174.86
1131.87	546.7	177.78	175.23
1130.9	546.7	177.82	175.6
1130.27	545.5	182.53	194
1127.7	543.1	184.5	190.3
1125.8	544.4	183.7	198.2
1124.9	541.9	184.5	198.1
1123.01	542.1	184.99	198.2
1122.8	540.46	185	195.64
1122.26	542.1	181.64	197.4
1118.3	541.3	186.66	198.6
1116.34	541.6	185.36	197.3
1113.99	541	187.81	198.2
1110.42	539.1	187.88	197.3
1108	537.9	190	201
1106.42	537.8	189.08	199.8
1102.91	536.5	192.09	200.7
1101.33	537.6	194.17	192.35
1099.66	537.2	194.54	192.7
1097.24	536	194.56	196.9
1095.2	538.5	197.9	198.9
1090.65	536	198.35	196.4
1087.47	538.9	199.63	192
1087.07	539.3	199.53	183.1
1087.3	528.44	201.25	194.41
1080.31	538.9	206.29	190.63
1080.4	537.6	207.9	193.6
1079.4	540.8	205.8	181.47
1076.73	538.7	209.17	188.8
1074.5	536.84	213.36	200.46
1074.8	536.46	211.43	192.94
1071.9	539.97	212.08	198.53
1068.99	542.1	213.91	193.9
1067.3	541.47	214.56	198.53
1065.6	537.09	218.39	201.71
1059.3	540.22	224.57	201.68
1056.4	542.35	225.22	197.35
1054.1	541.73	227.77	201.77
1051.2	543.61	230.29	198.49
1051.5	541.1	231.5	202.3
1049.9	543.61	233.35	201.09
1045.7	542.35	234.67	202.95
1044.47	546.4	236.23	172.6
1043.1	544.86	238.41	174.14
1039.9	545.1	239.6	175.5
1040.1	547	235.9	169.7
1038.7	547.6	237.6	173.6
1037.5	547	241.5	175.3
1035.5	546.11	244.02	176.59
1034.2	550.12	241.6	172.28
1030.1	552	246.5	169.7
1029.8	553	247.7	170.4
1027.25	553	253.65	169.5
1024.2	554	252.8	179.2
1022.6	554	251.5	189.3
1017	555	261.5	196.1
1021	555	254.6	199.8
1019.3	556	259.7	201
1020.6	557	255.9	197.4
1018.7	558	259.1	201.1
1017.7	559	259.1	202.9
1016.1	559	264.1	206.7
1013.71	562.6	266.39	205.4
1013.3	564.8	270.4	204.8
1011.1	565.8	272.8	204.2
1012.3	566.8	272.2	204.2
1009.2	566.5	274.7	207.4
1009.8	570.3	274.1	204.2
1010.7	571.3	274.7	202.9
1007.6	572.5	281	206.1
1008.5	573.5	280.9	203.7
1008.7	577	284.7	205.5
1008.34	577	284.76	202.6
1007.2	579.9	287.2	204.2
1007.8	580.9	288.5	204.2
1009.1	583.4	291.6	201.7
1007	583.8	293.5	204.9
1008.5	586.9	294.1	201.7
1007.2	588.8	297.3	201.7
1007	590.4	299.1	199.8
1008.2	590.4	300.4	204.3
1008.8	592	300.4	203
1006.7	596.5	306.4	199.2
1006.7	595.5	307.9	203
1006.7	596.5	309.8	199.3
1009.2	600.1	306	199.8
1005.24	601	312.26	198.9
1009.17	602.5	309.83	200.2
1007.08	604.3	313.92	198.6
1008.92	605.6	312.68	197.3
1008.66	604.9	313.14	197.7
1008.66	605.3	313.94	200.2
1009.83	605.05	316.27	199.55
1007.41	607	318.99	197.7
1009.5	607.1	317.3	202
1007.83	606.3	320.17	203.6
1008.24	606.7	318.96	201.9
1010.08	606.3	318.92	203.2
1009.66	605.9	320.64	204.4
1009.66	604.5	321.44	206.5
1010.5	604.05	321	208.15
1010.5	604.3	321.5	209
1009.8	601.5	322.8	208.1
1012.17	603.3	321.83	210.3
1012.26	599.8	321.44	215.3
1013.26	599.8	321.44	213.6
1014.34	598.4	321.86	214.4
1014.51	598.7	321.49	213.7
1013.09	598	322.71	215.7
1017	595.71	319.4	219.49
1014.8	594.5	322.7	220.7
1016	573	321.5	244.1
1015.3	593.04	321.8	224.66
1017.5	590.8	319.8	228
1013.59	588.2	322.91	231.1
1015.84	586.2	322.26	235.6
1017.97	583.4	319.23	235.5
1019.22	581.4	317.98	238
1016.09	579.8	322.31	241.8
1016.53	576.97	321.92	243.66
1016.97	574.15	321.53	245.5
1017.41	571.32	321.14	247.36
1017.85	568.5	320.75	249.2
1018.1	564.49	320.75	251.51
1018.35	560.48	320.75	253.82
1018.61	556.47	320.74	256.13
1018.86	552.46	320.74	258.44
1019.11	548.45	320.74	260.75
1019.36	544.44	320.74	263.06
1019.61	540.43	320.74	265.37
1019.86	536.42	320.74	267.68
1020.11	532.41	320.75	269.99
1020.36	528.4	320.75	272.3
1020.46	524.74	320.64	274.11
1020.57	521.09	320.53	275.91
1020.67	517.43	320.83	277.72
1020.78	513.77	321.22	279.53
1020.88	510.12	321.32	281.33
1020.98	506.46	320.92	283.14
1021.09	502.8	324.01	284.95
1021.19	499.15	321.41	286.75
1021.3	495.49	325.4	288.56
1021.4	491.83	325.7	290.37
1021.9	488.47	326.1	291.63
1022.4	485.12	326.5	292.88
1022.9	481.76	326.9	294.14
1023.4	478.4	327.3	295.4
1023.91	475.05	327.69	296.65
1024.41	471.69	328.09	297.91
1024.91	468.34	328.49	299.16
1025.41	464.98	328.89	300.42
1025.91	461.62	329.29	301.68
1026.41	458.27	329.69	302.93
1027.21	455.71	329.49	303.74
1028.01	453.15	329.29	304.55
1028.81	450.6	329.09	305.35
1029.61	448.04	328.89	306.16
1030.41	445.48	328.69	306.97
1031.2	442.93	328.5	307.77
1032	440.37	328.3	308.58
1032.8	437.81	328.1	309.39
1033.6	435.26	327.9	310.19
1034.4	432.7	327.7	311
1035.2	430.15	327.5	312.74
1036	427.59	327.3	314.5
1036.8	425.04	327.1	316.24
1037.6	422.48	326.9	318
1038.4	419.93	326.7	319.74
1039.2	417.37	326.5	321.5
1040	414.82	326.3	323.24
1040.8	412.26	326.1	325
1041.6	409.71	325.9	326.74
1042.4	407.15	325.7	328.5
1043.2	407.2	325.6	328.5
1044	407.25	325.5	328.5
1044.8	407.3	325.4	328.5
1045.6	407.35	325.31	328.5
1046.4	407.4	325.21	328.5
1047.2	407.45	325.11	328.5
1048	407.5	325.01	328.5
1048.8	407.55	324.91	328.5
1049.6	407.6	324.81	328.5
1050.4	407.65	324.71	328.5
1050.4	408.15	325.01	328.5
1050.4	408.65	325.31	328.5
1050.4	409.15	325.61	328.5
1050.4	409.66	325.91	328.49
1050.4	410.16	326.21	328.5
1050.4	410.66	326.51	328.5
1050.4	411.16	326.8	328.5
1050.4	411.66	327.1	328.5
1050.4	412.16	327.4	328.5
1050.4	412.66	327.7	328.5
1050.25	412.66	328.45	328.5
1050.1	412.66	329.2	328.5
1049.95	412.66	329.95	328.5
1049.8	412.66	330.7	328.5
1049.65	412.66	331.45	328.5
1049.5	412.66	332.2	328.5
1049.35	412.66	332.95	328.5
1049.2	412.66	333.7	328.5
1049.05	412.66	334.45	328.5
1048.9	412.66	335.2	328.5
1048.9	414.02	336.5	327.14
1048.9	415.37	337.8	325.79
1048.9	416.72	339.1	324.44
1048.9	418.08	340.4	323.08
1048.9	419.43	341.7	321.73
1048.9	420.78	343	320.38
1048.9	422.14	344.3	319.02
1048.9	423.49	345.6	317.67
1048.9	424.85	346.9	316.31
1048.9	426.2	348.2	314.96
1048.6	426.2	349.9	318.01
1048.3	426.2	351.6	321.07
1048	426.2	353.3	324.12
1047.7	426.2	355	327.18
1047.4	426.2	356.7	330.23
1047.1	426.2	358.4	333.28
1046.8	426.2	360.1	336.34
1046.5	426.2	361.8	339.39
1046.2	426.2	363.5	342.45
1045.9	426.2	365.2	345.5
1046.3	430.16	365.9	343.59
1046.7	434.12	366.6	341.68
1047.1	438.08	367.3	339.77
1047.5	442.04	368	337.86
1047.9	446	368.7	335.95
1048.3	449.96	369.4	334.04
1048.7	453.92	370.1	332.13
1049.1	457.88	370.8	330.22
1049.5	461.84	371.5	328.31
1049.9	465.8	372.2	326.4
1051.1	466.35	371.55	327.7
1052.3	466.9	370.9	329
1053.5	467.45	370.25	330.3
1054.7	468	369.6	331.6
1055.9	468.55	368.95	332.9
1057.1	469.1	368.3	334.2
1058.3	469.65	367.65	335.5
1059.5	470.2	367	336.8
1060.7	470.75	366.35	338.1
1061.9	471.3	365.7	339.4
1063.5	471.3	364.3	340.9
1065.1	471.3	362.9	342.4
1066.7	471.3	361.5	343.9
1068.3	471.3	360.1	345.4
1069.9	471.3	358.7	346.9
1071.5	471.3	357.3	348.4
1073.1	471.3	355.9	349.9
1074.7	471.3	354.5	351.4
1076.3	471.3	353.1	352.9
1077.9	471.3	351.7	354.4
1077.85	471.2	354.51	354.8
1077.8	471.1	357.31	355.2
1078.1	471	359.77	355.6
1078.4	470.9	362.22	356
1080.83	470.8	362.55	356.4
1083.27	470.7	362.86	356.8
1085.7	470.6	363.19	357.2
1084.1	470.5	367.54	357.6
1083.5	470.4	370.9	358
1082.9	470.3	374.25	358.4
1092.5	458.5	358.5	371
1085.2	460.65	362.72	370.5
1085.4	461.41	364.3	370
1085.6	462.17	365.89	369.5
1085.95	462.93	367.33	369
1086.3	463.7	368.76	368.5
1084.2	464.46	372.65	368
1084.9	465.22	382.5	367.5
1093.1	465.98	373.17	367
1100.7	466.74	364.44	366.5
1115.8	467.5	348.2	366
1118.58	468.8	345.47	365.35
1121.36	470.1	342.74	364.7
1124.13	471.4	340.02	364.05
1126.91	472.7	337.29	363.4
1129.69	474	334.56	362.75
1132.47	475.3	331.83	362.1
1135.24	476.6	329.11	361.45
1138.02	477.9	326.38	360.8
1140.8	479.2	323.65	360.15
1141.9	480.5	322.6	359.5
1142.5	480.2	323.1	359.5
1142.83	479.9	323.87	359.5
1143.17	479.6	324.63	359.5
1143.5	479.3	325.4	359.5
1143.8	479	326.2	359.5
1144	478.7	327.1	359.5
1145	478.4	327.2	359.5
1147.1	478.1	326.2	359.5
1146.3	477.79	328.1	359.5
1146.8	477.49	328.7	359.5
1147.95	476.69	330.46	359.5
1149.1	475.89	332.22	359.5
1149.9	475.09	334.33	359.5
1150.4	474.29	336.74	359.5
1151.3	473.48	338.75	359.5
1152.7	472.68	340.26	359.5
1154	471.88	341.87	359.5
1152	471.08	346.78	359.5
1151.9	470.28	349.79	359.5
1153.1	469.48	351.5	359.5
1153.85	471.98	354.96	357.4
1154.6	474.48	358.42	355.3
1154.7	476.98	362.53	353.2
1156.95	479.49	364.49	351.1
1159.2	481.99	366.45	349
1160.1	484.49	369.76	346.9
1163.4	486.99	370.67	344.8
1163.3	489.49	374.98	342.7
1162	492	380.49	340.6
1164.4	494.5	382.3	338.5
1163.6	495.8	384.7	337.1
1163.49	497.1	389.51	335.7
1163.38	498.4	390.84	334.3
1163.27	499.7	392.16	332.9
1163.16	501	393.49	331.5
1163.04	502.3	394.83	330.1
1162.93	503.6	396.15	328.7
1162.82	504.9	397.48	327.3
1162.71	506.2	398.8	325.9
1162.6	507.5	400.13	324.5
1162.92	508.4	400.61	324.5
1163.25	509.3	401.08	324.5
1163.57	510.21	401.56	324.49
1163.9	511.11	402.04	324.5
1163.77	512.01	402.97	324.5
1163.63	512.91	403.91	324.5
1163.5	513.81	404.84	324.5
1160.9	514.71	408.24	324.5
1161.35	515.62	408.6	324.49
1161.8	516.52	408.95	324.5
1161.18	516.92	409.32	322.29
1160.55	517.31	409.7	320.1
1159.93	517.71	410.07	317.9
1159.3	518.11	410.45	315.7
1159.47	518.51	410.03	313.5
1159.63	518.91	409.61	311.3
1159.8	519.3	409.19	309.1
1160.8	519.7	407.94	306.9
1159.45	520.1	409.04	304.7
1158.1	520.5	410.14	302.5
1156.1	520.4	411.34	302.3
1156.21	520.3	410.43	302.1
1156.32	520.2	409.51	301.9
1156.43	520.1	408.6	301.7
1156.54	520	407.68	301.5
1156.65	519.9	406.77	301.3
1156.76	519.8	405.85	301.1
1156.87	519.7	404.94	300.9
1156.98	519.6	404.02	300.7
1157.09	519.5	403.11	300.5
1156.89	520.6	402.46	300.05
1156.69	521.7	401.81	299.6
1156.49	522.81	401.16	299.14
1156.29	523.91	400.51	298.69
1156.09	525.01	399.86	298.24
1155.89	526.11	399.21	297.79
1155.69	527.22	398.56	297.33
1155.48	528.32	397.92	296.88
1155.28	529.42	397.27	296.43
1155.08	530.52	396.62	295.98
1154.83	529.82	396.12	296.43
1154.58	529.12	395.62	296.88
1154.33	528.42	395.12	297.33
1154.08	527.71	394.62	297.79
1153.83	527.01	394.12	298.24
1153.58	526.31	393.62	298.69
1153.33	525.61	393.12	299.14
1153.08	524.9	392.62	299.6
1152.83	524.2	392.12	300.05
1152.58	523.5	391.62	300.5
1152.58	523.5	391.62	300.9
1152.58	523.5	391.62	301.3
1152.58	523.5	391.62	301.7
1152.58	523.5	391.62	302.1
1152.58	523.5	391.62	302.5
1152.58	523.5	391.62	302.9
1152.58	523.5	391.62	303.3
1152.58	523.5	391.62	303.7
1152.58	523.5	391.62	304.1
1152.58	523.5	391.62	304.5
1152.58	524.75	391.62	304.5
1152.58	526.01	391.62	304.5
1152.58	527.26	391.62	304.5
1152.58	528.51	391.62	304.5
1152.58	529.76	391.62	304.5
1152.58	531.02	391.62	304.5
1152.58	532.27	391.62	304.5
1152.58	533.52	391.62	304.5
1152.58	534.77	391.62	304.5
1152.58	536.03	391.62	304.5
1152.58	536.03	391.62	305.14
1152.58	536.03	391.62	305.79
1152.58	536.03	391.62	306.44
1152.58	536.03	391.62	307.09
1152.58	536.03	391.62	307.73
1152.58	536.03	391.62	308.38
1152.58	536.03	391.62	309.03
1152.58	536.03	391.62	309.68
1152.58	536.03	391.62	310.32
1152.58	536.03	391.62	310.97
1152.58	536.03	392.32	312.67
1152.58	536.03	393.02	314.37
1152.58	536.03	393.72	316.07
1152.58	536.03	394.42	317.77
1152.58	536.03	395.12	319.47
1152.58	536.03	395.82	321.17
1152.58	536.03	396.52	322.87
1152.58	536.03	397.22	324.57
1152.58	536.03	397.92	326.27
1152.58	536.03	398.62	327.97
1152.58	539.63	399.97	326.37
1152.58	543.24	401.32	324.76
1152.58	546.85	402.67	323.15
1152.58	550.46	404.02	321.54
1152.58	554.06	405.37	319.94
1152.58	557.67	406.72	318.33
1152.58	561.28	408.07	316.72
1152.58	564.88	409.42	315.12
1152.58	568.49	410.77	313.51
1152.58	572.1	412.12	311.9
1152.58	573.45	413.32	312.3
1152.58	574.8	414.52	312.7
1152.58	576.15	415.72	313.1
1152.58	577.5	416.92	313.5
1152.58	578.85	418.12	313.9
1152.58	580.2	419.32	314.3
1152.58	581.55	420.52	314.7
1152.58	582.9	421.72	315.1
1152.58	584.25	422.92	315.5
1152.58	585.6	424.12	315.9
1152.58	586.8	424.67	315.55
1152.58	588	425.22	315.2
1152.58	589.2	425.77	314.85
1152.58	590.4	426.32	314.5
1152.58	591.6	426.87	314.15
1152.58	592.8	427.42	313.8
1152.58	594	427.97	313.45
1152.58	595.2	428.52	313.1
1152.58	596.4	429.07	312.75
1152.58	597.6	429.62	312.4
1152.38	598.2	429.62	312.7
1152.18	598.8	429.62	313
1151.98	599.4	429.62	313.3
1151.78	600	429.62	313.6
1151.58	600.6	429.62	313.9
1151.38	601.21	429.62	314.19
1151.18	601.81	429.62	314.49
1150.98	602.41	429.62	314.79
1150.78	603.01	429.62	315.09
1150.58	603.61	429.62	315.39
1149.17	604.06	429.62	315.39
1147.77	604.51	429.62	315.39
1146.37	604.96	429.62	315.39
1144.97	605.41	429.62	315.39
1143.56	605.86	429.62	315.39
1142.16	606.31	429.62	315.39
1140.76	606.76	429.62	315.4
1139.35	607.22	429.62	315.39
1137.95	607.67	429.62	315.39
1136.55	608.12	429.62	315.39
1134.39	608.22	429.97	314.99
1132.24	608.32	430.32	314.59
1130.09	608.42	430.66	314.19
1127.93	608.52	431.01	313.78
1125.78	608.62	431.35	313.38
1123.62	608.72	431.71	312.98
1121.47	608.82	432.05	312.58
1119.32	608.92	432.39	312.18
1117.16	609.02	432.75	311.78
1115.01	609.12	433.09	311.38
1113.71	607.92	432.64	311.38
1112.4	606.71	432.2	311.39
1111.1	605.51	431.75	311.38
1109.8	604.31	431.3	311.38
1108.5	603.11	430.85	311.38
1107.19	601.91	430.41	311.38
1105.89	600.7	429.96	311.38
1104.59	599.5	429.51	311.38
1103.29	598.3	429.06	311.38
1101.98	597.1	428.62	311.38
1100.38	595.84	428.02	311.38
1098.78	594.59	427.42	311.38
1097.17	593.34	426.83	311.38
1095.57	592.09	426.23	311.38
1093.97	590.83	425.63	311.39
1092.37	589.58	425.03	311.38
1090.76	588.33	424.44	311.38
1089.16	587.08	423.84	311.38
1087.56	585.83	423.24	311.38
1085.95	584.57	422.65	311.39
1083.4	583.47	422.65	311.38
1080.84	582.37	422.65	311.38
1078.29	581.27	422.65	311.38
1075.73	580.17	422.65	311.38
1073.18	579.06	422.65	311.38
1070.62	577.96	422.65	311.38
1068.07	576.86	422.65	311.38
1065.51	575.76	422.65	311.38
1062.96	574.65	422.65	311.39
1060.4	573.55	422.65	311.38
1058.05	572.65	422.65	311.38
1055.7	571.75	422.64	311.38
1053.34	570.85	422.65	311.38
1050.99	569.95	422.65	311.38
1048.63	569.04	422.65	311.39
1046.28	568.14	422.65	311.38
1043.92	567.24	422.65	311.38
1041.57	566.34	422.65	311.38
1039.22	565.44	422.64	311.38
1036.86	564.54	422.65	311.38
1035.06	563.18	423.25	310.74
1033.25	561.83	423.86	310.08
1031.45	560.48	424.46	309.43
1029.65	559.12	425.06	308.79
1027.84	557.77	425.67	308.14
1026.04	556.41	426.26	307.5
1024.24	555.06	426.86	306.85
1022.43	553.71	427.47	306.19
1020.63	552.35	428.07	305.55
1018.83	551	428.67	304.9
1017.07	549.9	428.68	305.4
1015.31	548.8	428.68	305.9
1013.56	547.69	428.68	306.41
1011.8	546.59	428.69	306.91
1010.05	545.49	428.68	307.41
1008.3	544.39	428.68	307.91
1006.55	543.29	428.68	308.41
1004.8	542.18	428.67	308.92
1003.05	541.08	428.67	309.42
1001.29	539.98	428.68	309.92
999.74	539.03	427.62	310.42
998.19	538.08	426.57	310.92
996.64	537.13	425.51	311.42
995.08	536.19	424.46	311.91
993.53	535.24	423.4	312.41
991.98	534.29	422.35	312.91
990.42	533.34	421.3	313.41
988.87	532.4	420.24	313.9
987.32	531.45	419.19	314.4
985.77	530.5	418.13	314.9
983.36	527.9	416.98	315.25
980.96	525.29	415.82	315.61
978.55	522.69	414.67	315.96
976.15	520.08	413.51	316.32
973.74	517.48	412.36	316.67
971.34	514.87	411.2	317.03
968.93	512.27	410.05	317.38
966.53	509.66	408.89	317.74
964.13	507.06	407.73	318.09
961.72	504.45	406.58	318.45
959.27	501.85	406.17	318.65
956.81	499.24	405.77	318.86
954.36	496.64	405.36	319.06
951.9	494.03	404.96	319.27
949.45	491.43	404.55	319.47
946.99	488.82	404.15	319.68
944.54	486.22	403.74	319.88
942.08	483.61	403.34	320.09
939.63	481.01	402.93	320.29
937.17	478.4	402.53	320.5
934.52	476.3	397.41	320.75
931.86	474.19	392.31	321.01
929.21	472.09	387.19	321.26
926.55	469.98	387.7	321.52
923.9	467.88	388.2	321.77
921.24	465.78	387.16	322.02
918.59	463.67	386.11	322.28
915.93	461.57	385.07	322.53
913.28	459.46	384.02	322.79
910.62	457.36	382.98	323.04
907.97	454.95	382.52	323.05
905.31	452.55	382.08	323.04
902.66	450.15	381.62	323.04
900	447.74	381.18	323.04
897.35	445.34	380.72	323.04
894.69	442.93	380.28	323.04
892.04	440.53	379.82	323.04
889.38	438.12	379.38	323.04
886.73	435.72	378.92	323.04
884.07	433.31	378.48	323.04
882.42	430.56	379.37	324.04
880.77	427.8	380.27	325.04
879.11	425.05	381.17	326.04
877.46	422.29	382.07	327.04
875.81	419.54	382.96	328.04
874.15	416.78	383.87	329.04
872.5	414.03	384.76	330.04
870.85	411.27	385.66	331.04
869.19	408.52	386.56	332.04
867.54	405.76	387.46	333.04
866.33	404.2	389.97	334.65
865.13	402.65	392.47	336.25
863.92	401.09	394.98	337.86
862.71	399.54	397.49	339.46
861.51	397.98	399.99	341.07
860.3	396.42	402.5	342.68
859.1	394.87	405	344.28
857.9	393.31	407.5	345.89
856.7	391.76	410	347.49
855.8	390.2	412.2	349.1
856	389	414.2	351.1
856.2	387.8	416.2	353.1
856.4	386.6	418.2	355.11
856.6	385.4	420.2	357.11
856.8	384.2	422.2	359.11
857	383	424.2	361.11
857.2	381.8	426.2	363.11
857.4	380.6	428.2	365.11
857.6	379.4	430.2	367.11
857.8	378.2	432.2	369.11
858.32	376.9	436.78	369.86
858.85	375.6	437.18	371.04
859.37	374.3	437.6	372.22
859.89	373	438.01	373.39
860.42	371.7	438.41	374.57
860.94	370.4	438.83	375.75
861.47	369.1	439.23	376.92
861.99	367.8	439.64	378.1
862.51	366.5	440.06	377.35
863.04	365.2	440.46	376.6
863.64	363.95	440.46	376.6
864.24	362.7	440.46	376.6
864.84	361.44	440.46	376.6
865.44	360.19	440.46	376.6
866.04	358.94	440.46	376.6
866.64	357.69	440.47	376.6
867.24	356.43	440.47	376.6
867.84	355.18	440.47	376.6
868.45	353.93	440.46	376.6
869.05	352.68	440.46	376.6
869.3	351.33	439.21	377.9
869.55	349.98	437.96	379.2
869.8	348.63	436.71	380.5
870.05	347.29	435.46	381.79
870.3	345.94	434.21	383.09
870.55	344.59	432.96	384.39
870.8	343.24	431.7	385.69
868.6	341.89	432.9	386.98
866.1	340.54	434.4	388.28
869.5	339.2	430	389.57
867.2	339	431.5	389.37
869.2	338.8	428.7	389.17
865.3	338.6	431.8	388.97
869.13	338.4	429.47	388.77
869.2	338.2	428.22	388.57
869.3	338	426.93	388.37
872	337.8	423.05	388.17
871.2	337.6	422.67	387.97
872.6	337.4	420.08	387.77
873.3	337.2	418.2	387.57
875.33	336.3	415.02	387.57
877.36	335.4	411.84	387.56
879.39	334.5	408.66	387.56
881.42	333.59	405.48	387.57
883.45	332.69	402.3	387.57
885.48	331.79	399.12	387.57
887.51	330.89	395.94	387.56
889.54	329.99	392.76	387.56
891.57	329.08	389.58	387.57
893.6	328.18	386.4	387.57
894.45	327.38	384.45	386.86
895.3	326.58	382.5	386.16
896.15	325.78	380.55	385.45
897	324.98	378.6	384.75
897.85	324.17	376.65	384.05
898.71	323.37	374.69	383.35
899.56	322.57	372.74	382.64
900.41	321.77	370.79	381.94
901.26	320.97	368.84	381.23
902.11	320.17	366.89	380.53
903.11	319.67	365.09	380.53
904.12	319.16	363.28	380.54
905.12	318.66	361.48	380.54
906.12	318.16	359.68	380.54
907.12	317.66	357.88	380.54
908.12	317.16	356.08	380.53
909.12	316.66	354.28	380.53
910.13	316.16	352.47	380.53
911.13	315.66	350.67	380.53
912.13	315.16	348.87	380.53
912.38	314.2	347.17	379.99
912.63	313.25	345.47	379.44
912.88	312.3	343.77	378.89
913.13	311.35	342.07	378.34
913.38	310.4	340.37	377.8
913.63	309.45	338.67	377.25
913.88	308.49	336.97	376.71
914.13	307.54	335.27	376.16
914.38	306.59	333.57	375.61
914.63	305.64	331.87	375.06
915.04	305.64	329.35	375.06
915.44	305.64	326.84	375.06
915.84	305.64	324.33	375.06
916.24	305.64	321.82	375.06
916.64	305.64	319.31	375.06
917.04	305.64	316.8	375.06
917.44	305.64	314.29	375.06
917.84	305.64	311.78	375.06
918.24	305.64	309.27	375.06
918.64	305.64	306.76	375.06
919.95	306.09	303.8	373.76
921.25	306.54	300.85	372.46
922.56	306.99	297.89	371.16
923.87	307.44	294.93	369.86
925.17	307.89	291.98	368.56
926.48	308.34	289.02	367.26
927.78	308.79	286.07	365.96
929.09	309.24	283.11	364.66
930.4	309.7	280.15	363.35
931.7	310.15	277.21	362.05
932.25	310.14	274.9	361.31
932.8	310.14	272.6	360.56
933.35	310.13	270.3	359.82
933.9	310.13	268	359.06
934.45	310.12	265.7	358.32
935	310.12	263.4	357.57
935.55	310.11	261.1	356.83
936.09	310.11	258.81	356.08
936.64	310.1	256.51	355.34
937.19	310.1	254.21	354.58
933.7	308.75	255.35	353.02
930.2	307.39	256.5	351.48
927.1	306.04	257.25	349.92
913.4	304.69	268.6	348.36
907.8	303.34	271.85	346.8
901.4	301.98	275.9	345.25
906.1	300.63	268.85	343.7
905.5	299.28	267.1	342.14
914.3	297.93	255.95	340.58
896.1	296.57	271.8	339.03
898.9	295.62	267.05	337.83
893.1	294.67	270.9	336.63
896.9	293.71	265.15	335.44
900.7	292.76	259.4	334.24
902.3	291.81	255.85	333.04
898.3	290.86	257.9	331.84
900.9	289.91	253.35	330.64
903.2	288.96	249.1	329.44
908.9	288.01	241.45	328.24
917.7	287.06	230.7	327.04
918.91	286.31	228.94	325.54
920.13	285.55	227.17	324.05
921.34	284.8	225.41	322.55
922.56	284.05	223.64	321.05
923.77	283.3	221.88	319.55
924.99	282.55	220.11	318.05
926.2	281.8	218.35	316.55
933.87	281.04	210.13	315.06
941.54	280.29	201.91	313.56
949.21	279.54	193.69	312.06
958.38	279.54	185.12	310.36
967.54	279.54	176.56	308.66
976.7	279.54	168	306.96
976.21	279.54	169.09	305.26
975.73	279.54	170.17	303.56
975.24	279.54	171.26	301.86
974.76	279.54	172.34	300.16
974.27	279.54	173.43	298.46
973.78	279.54	174.52	296.76
973.3	279.54	175.6	295.06
973.55	278.59	174.8	294.21
973.8	277.64	174	293.36
974.05	276.69	173.2	292.51
974.3	275.73	172.4	291.67
974.55	274.78	171.6	290.82
974.8	273.83	170.8	289.97
975.05	272.88	170	289.12
975.3	271.93	169.2	288.27
975.55	270.98	168.4	287.42
975.8	270.02	167.6	286.58
974.3	269.92	167.6	285.33
972.8	269.82	167.59	284.08
971.29	269.72	167.6	282.83
969.79	269.62	167.6	281.58
968.29	269.52	167.59	280.33
967.08	270.02	167.6	279.08
965.88	270.52	167.6	277.83
964.68	271.02	167.6	276.58
963.48	271.52	167.6	275.33
962.28	272.03	167.59	274.07
958.67	272.03	169.65	273.52
955.06	272.03	171.7	272.97
951.46	272.03	173.74	272.42
947.85	272.03	175.79	271.87
944.24	272.03	177.85	271.32
940.64	272.03	179.89	270.77
937.03	272.03	181.94	270.22
933.42	272.03	183.99	269.67
929.82	272.03	186.04	269.12
926.21	272.03	188.09	268.57
924.56	272.87	187.74	267.93
922.9	273.72	187.4	267.28
921.25	274.57	187.05	266.63
919.6	275.42	186.7	265.98
917.94	276.26	186.36	265.34
916.29	277.11	186.01	264.69
914.64	277.96	185.66	264.04
912.98	278.81	185.32	263.39
911.33	279.65	184.97	262.75
909.68	280.5	184.62	262.1
905.6	281	187.05	261.6
903.05	281.5	187.95	261.1
900.5	282	188.85	260.6
903.6	282.5	184.1	260.1
906.7	283	179.35	259.6
909.8	283.5	174.6	259.1
912.9	284	169.85	258.6
916	284.5	165.1	258.1
913.7	285	165.75	257.6
906.17	285.5	171.63	257.1
910.3	286.55	165.85	256.2
908.62	287.6	165.88	255.3
906.93	288.65	165.92	254.4
905.25	289.7	165.95	253.5
903.57	290.75	165.98	252.6
901.88	291.8	166.02	251.7
900.2	292.85	166.05	250.8
898.52	293.9	166.08	249.91
896.83	294.95	166.12	249.01
895.15	296	166.15	248.11
893.7	297.45	166.1	247.61
892.24	298.9	166.06	247.1
890.79	300.35	166.01	246.6
889.33	301.8	165.97	246.1
887.88	303.25	165.92	245.6
886.42	304.7	165.88	245.1
884.96	306.15	165.84	244.6
883.51	307.6	165.79	244.1
882.05	309.05	165.75	243.6
880.6	310.5	165.7	243.1
879.5	312.55	165.95	242.9
878.4	314.6	166.2	242.7
877.29	316.65	166.46	242.5
876.19	318.7	166.71	242.3
875.09	320.75	166.96	242.1
873.99	322.8	167.21	241.9
872.88	324.85	167.47	241.7
871.78	326.9	167.72	241.5
870.68	328.95	167.97	241.3
869.58	331	168.22	241.1
868.98	332.95	168.02	241.1
868.38	334.91	167.82	241.1
867.77	336.86	167.63	241.1
867.17	338.81	167.43	241.1
866.57	340.77	167.23	241.1
865.97	342.72	167.03	241.1
865.37	344.68	166.83	241.1
864.77	346.63	166.63	241.1
864.17	348.58	166.43	241.1
863.56	350.54	166.24	241.1
863.41	352.19	166.74	241.4
863.26	353.85	167.24	241.69
863.11	355.51	167.74	241.99
862.96	357.16	168.24	242.29
862.81	358.82	168.74	242.58
862.66	360.47	169.24	242.89
862.51	362.13	169.74	243.18
862.36	363.79	170.24	243.47
862.21	365.44	170.74	243.78
862.06	367.1	171.24	244.07
862.11	368.75	171.84	244.48
862.16	370.4	172.44	244.88
862.21	372.05	173.04	245.28
862.26	373.7	173.64	245.69
862.31	375.35	174.24	246.09
862.36	377	174.84	246.49
862.41	378.65	175.44	246.9
862.46	380.3	176.04	247.3
862.51	381.95	176.64	247.7
862.56	383.6	177.24	248.11
862.81	384.9	177.24	248.11
863.06	386.21	177.24	248.1
863.32	387.51	177.23	248.1
863.57	388.81	177.23	248.11
863.82	390.11	177.23	248.11
864.07	391.42	177.24	248.1
864.32	392.72	177.24	248.11
864.57	394.02	177.24	248.11
864.82	395.32	177.24	248.11
865.07	396.63	177.24	248.1
864.87	397.78	177.59	247.71
864.67	398.94	177.94	247.3
864.47	400.1	178.29	246.89
864.27	401.26	178.64	246.48
864.07	402.41	178.98	246.08
863.87	403.57	179.33	245.67
863.67	404.73	179.68	245.27
863.47	405.89	180.03	244.86
863.27	407.04	180.38	244.46
863.07	408.2	180.73	244.05
862.52	409	180.88	244.05
861.97	409.8	181.03	244.05
861.41	410.61	181.19	244.05
860.86	411.41	181.34	244.05
860.31	412.21	181.49	244.05
859.76	413.01	181.64	244.05
859.21	413.81	181.79	244.05
858.66	414.61	181.94	244.05
858.11	415.42	182.09	244.04
857.56	416.22	182.24	244.05
856.91	416.87	182.54	244.05
856.25	417.52	182.85	244.05
855.6	418.17	183.15	244.05
854.95	418.82	183.45	244.05
854.3	419.47	183.75	244.05
853.65	420.12	184.05	244.05
853	420.77	184.35	244.05
852.34	421.43	184.66	244.05
851.69	422.08	184.96	244.05
851.04	422.73	185.26	244.05
850.64	423.13	185.56	244.05
850.24	423.53	185.86	244.05
849.84	423.93	186.16	244.05
849.44	424.33	186.46	244.05
849.04	424.73	186.76	244.05
848.64	425.13	187.06	244.05
848.24	425.53	187.36	244.05
847.84	425.93	187.66	244.05
847.44	426.33	187.96	244.05
847.04	426.73	188.26	244.05
846.39	427.08	188.26	244.51
845.73	427.44	188.27	244.95
845.08	427.79	188.27	245.4
844.43	428.14	188.27	245.85
843.78	428.49	188.26	246.3
843.13	428.84	188.26	246.75
842.48	429.19	188.26	247.21
841.83	429.54	188.26	247.66
841.18	429.89	188.26	248.11
840.53	430.24	188.26	248.56
840.12	429.89	189.09	248.56
839.72	429.54	189.91	248.56
839.32	429.19	190.73	248.56
838.92	428.84	191.55	248.56
838.52	428.49	192.37	248.56
838.12	428.14	193.2	248.56
837.72	427.78	194.02	248.56
837.32	427.43	194.84	248.56
836.92	427.08	195.66	248.56
836.52	426.73	196.48	248.56
836.12	426.33	200.28	248.56
835.72	425.93	198.28	248.56
835.31	425.53	196.29	248.56
834.91	425.13	197.29	248.56
834.51	424.73	195.79	248.56
834.11	424.33	194.28	248.56
833.71	423.93	192.78	248.56
833.31	423.53	191.27	248.56
832.91	423.13	189.77	248.56
832.51	422.72	188.26	248.56
832.51	421.92	187.92	248.91
832.51	421.12	187.57	249.26
832.51	420.32	187.22	249.61
832.51	419.52	186.87	249.96
832.51	418.71	186.53	250.32
832.51	417.91	186.18	250.67
832.51	417.11	185.83	251.02
832.51	416.31	185.48	251.37
832.51	415.5	185.14	251.73
832.51	414.7	184.79	252.08
829.41	414.35	186.74	252.08
826.31	414	188.69	252.08
823.2	413.65	190.65	252.08
820.1	413.3	192.6	252.07
817	412.95	194.55	252.07
820.2	412.6	190.2	252.07
823.4	412.25	185.85	252.07
826.61	411.89	181.49	252.08
829.81	411.54	177.14	252.08
833.01	411.19	172.79	252.08
832.81	410.84	171.84	252.68
832.61	410.49	170.89	253.29
832.41	410.14	169.94	253.89
832.21	409.79	168.99	254.49
832.01	409.44	168.04	255.09
831.81	409.09	167.09	255.7
831.61	408.74	166.14	256.3
831.41	408.39	165.19	256.9
831.21	408.04	164.24	257.51
831.01	407.69	163.29	258.11
832.6	406.79	160.59	259.71
834.2	405.88	157.88	261.32
835.8	404.98	155.17	262.92
837.4	404.08	152.46	264.52
839	403.18	149.75	266.12
837	402.28	150.64	267.72
835	401.38	151.53	269.32
833	400.47	152.42	270.93
831	399.57	153.31	272.53
829.01	398.67	154.19	274.13
830.96	397.12	150.49	274.33
832.9	395.56	146.8	274.54
834.85	394.01	143.1	274.74
836.8	392.46	139.4	274.94
838.75	390.91	135.7	275.14
840.7	389.35	132	275.35
842.65	387.8	128.3	275.55
844.6	386.25	124.6	275.75
846.55	384.69	120.9	275.96
848.5	383.14	117.2	276.16
846.7	382.49	117.4	276.61
844.9	381.83	117.6	277.07
843.1	381.18	117.8	277.52
841.3	380.52	118	277.98
839.5	379.87	118.2	278.43
837.7	379.22	118.4	278.88
835.9	378.56	118.6	279.34
834.1	377.91	118.8	279.79
832.3	377.25	119	280.25
830.5	376.6	119.2	280.7
826.24	376.35	120.89	280.3
821.98	376.1	122.59	279.9
817.73	375.85	124.27	279.5
817.89	375.24	123.35	279.11
818.06	374.63	122.43	278.71
818.23	374.02	121.5	278.31
818.4	373.41	120.57	277.91
820.76	372.81	117.46	277.51
823.13	372.2	114.33	277.11
825.49	371.59	111.21	276.71
830.1	369.94	111.61	276.96
834.71	368.29	112.01	277.2
839.32	366.64	112.41	277.45
843.93	364.99	112.81	277.7
848.55	363.34	113.2	277.95
853.16	361.69	113.6	278.19
857.77	360.05	114	278.43
862.38	358.4	114.4	278.68
866.99	356.75	114.8	278.93
871.6	355.1	115.2	279.17
871.2	354.05	117.65	278.56
870.8	352.99	120.1	277.97
870.4	351.94	118	277.36
870	350.89	117.65	276.75
869.6	349.84	117.3	276.14
869.2	348.79	116.9	275.54
868.79	347.73	116.51	274.94
868.39	346.68	109.21	274.33
867.99	345.63	101.91	273.73
867.59	344.58	94.61	273.12
866.84	343.78	95.01	272.17
866.09	342.98	95.41	271.22
865.34	342.18	95.81	270.27
864.59	341.37	96.21	269.33
863.85	340.57	96.6	268.38
863.1	339.77	97	267.43
862.35	338.97	97.4	266.48
861.6	338.17	97.8	265.53
860.85	337.37	98.2	264.58
860.1	336.56	98.6	263.64
860.35	336.16	99.35	263.64
860.6	335.76	100.1	263.64
860.85	335.36	100.85	263.64
861.1	334.96	101.6	263.64
861.35	334.56	102.35	263.64
861.6	334.16	103.1	263.64
861.85	333.76	103.85	263.63
862.1	333.36	104.6	263.63
862.35	332.96	105.35	263.63
862.6	332.56	106.1	263.63
862.3	332.56	107.25	262.63
862	332.56	108.4	261.63
861.7	332.56	109.55	260.63
861.4	332.56	110.7	259.64
861.1	332.56	111.85	258.64
860.8	332.56	113	257.64
860.5	332.56	114.15	256.64
860.2	332.56	115.3	255.64
859.9	332.56	116.45	254.64
859.6	332.56	117.6	253.64
859.75	333.66	122.61	253.19
859.9	334.77	127.62	252.73
860.05	335.87	132.63	252.28
860.2	336.97	137.64	251.84
860.35	338.08	142.65	251.38
860.5	339.18	147.66	250.93
860.65	340.29	152.67	250.47
860.8	341.39	157.68	250.02
860.95	342.5	162.69	249.56
861.1	343.6	167.7	249.11
861.5	345	170	249.12
861.9	346.41	172.3	249.11
862.3	347.81	174.6	249.11
862.7	349.21	176.9	249.11
863.1	350.61	176.37	249.12
863.5	352.02	175.83	249.11
863.91	353.42	175.29	249.11
864.31	354.82	174.76	249.12
864.71	356.22	174.22	249.12
865.11	357.63	173.69	249.11
865.61	358.68	163.89	249.32
866.11	359.73	154.84	249.52
866.61	360.78	145.79	249.73
867.11	361.84	140.54	249.93
867.61	362.89	135.29	250.13
868.11	363.94	136.87	251.86
868.61	364.99	131.69	251.69
869.11	366.04	133.64	251.51
869.62	367.09	135.58	251.33
870.12	368.15	137.18	251.15
870.57	369.55	134.43	251.35
871.02	370.95	134.33	251.55
871.47	372.36	134.23	251.74
871.92	373.76	134.13	251.94
872.37	375.16	134.03	252.14
872.82	376.56	134.86	252.34
873.27	377.97	135.69	252.53
873.73	379.37	136.51	252.73
874.18	380.77	137.34	252.93
874.63	382.17	138.17	253.13
874.93	384.13	137.97	253.12
875.23	386.08	137.77	253.13
875.53	388.04	137.57	253.12
875.83	389.99	137.37	253.13
876.13	391.94	137.17	253.13
876.43	393.9	136.97	253.12
876.73	395.85	136.77	253.13
877.03	397.8	136.57	253.13
877.33	399.76	135.77	253.12
877.63	401.71	135.37	253.13
878.63	403.92	138.27	253.12
879.64	406.12	143.96	256.25
880.64	408.33	149.66	259.37
881.64	410.53	153.52	258.48
882.64	412.73	157.38	257.59
883.64	414.94	161.24	256.69
884.64	417.14	165.1	255.81
885.65	419.35	168.95	254.91
886.65	421.55	172.1	254.02
887.65	423.76	175.25	253.12
889.86	425.96	174.16	255.73
892.06	428.16	173.08	258.34
894.26	430.37	172	258.96
896.47	432.57	170.91	259.58
898.67	434.78	169.83	260.2
900.88	436.98	168.74	260.82
903.08	439.19	167.66	261.44
905.29	441.39	166.57	262.06
907.49	443.59	165.49	262.69
909.69	445.8	164.41	263.3
910.35	447.18	158.11	262.1
911.01	448.56	151.8	260.9
911.67	449.95	145.5	259.69
912.33	451.33	139.2	258.49
912.98	452.71	132.91	257.29
913.64	454.09	126.6	256.09
914.3	455.48	120.3	254.88
912.4	456.86	123.54	253.68
909.2	458.24	128.07	252.48
928.93	459.62	109.67	251.28
931.15	461.37	108.47	250.79
933.38	463.11	107.26	250.31
935.6	464.85	106.06	249.83
937.83	466.6	104.85	249.34
940.05	468.34	103.65	248.86
942.27	470.08	102.45	248.38
944.5	471.83	101.24	247.89
946.72	473.57	100.04	247.41
948.95	475.31	98.83	246.93
951.17	477.06	97.63	246.44
953.34	478.56	96.78	245.72
955.5	480.06	95.94	244.99
957.66	481.57	95.1	244.26
959.83	483.07	94.25	243.53
961.99	484.58	93.41	242.82
964.16	486.08	92.56	242.12
966.32	487.59	91.72	243.11
968.48	489.09	90.88	240.21
970.65	490.6	90.03	239.5
972.81	492.1	89.19	238.7
974.44	494.14	89.54	237.97
976.06	496.19	89.9	237.24
977.68	498.23	90.26	236.51
979.31	500.28	90.61	235.78
980.93	502.32	90.97	235.05
982.55	504.36	91.33	234.32
984.18	506.41	91.68	233.59
985.8	508.45	92.04	232.86
987.42	510.5	92.4	232.13
989.04	512.54	92.76	231.4
990.55	514.64	93.83	231.4
992.05	516.75	94.91	231.4
993.55	518.85	95.99	231.4
995.06	520.95	97.06	231.41
996.56	523.06	98.14	231.4
998.06	525.16	99.22	231.4
999.56	527.27	100.3	231.4
1001.07	529.37	101.37	231.4
1002.57	531.47	102.45	231.4
1004.07	533.58	103.53	231.4
1007.14	534.54	105.21	230.68
1010.2	535.5	106.9	229.96
1013.27	536.46	108.58	229.24
1016.33	537.43	110.27	228.51
1019.4	538.39	111.95	227.79
1022.47	539.35	113.63	227.07
1025.53	540.31	115.32	226.35
1028.6	541.28	117	225.62
1031.66	542.24	118.69	224.9
1034.73	543.2	120.37	224.18
1036.95	542.9	124.4	224.66
1039.18	542.6	128.42	225.15
1041.4	542.3	132.45	225.63
1043.63	542	136.47	226.11
1045.85	541.7	140.5	226.59
1048.08	541.4	144.52	227.07
1050.3	541.1	148.55	227.55
1052.53	540.8	152.57	228.04
1054.75	540.5	156.6	228.52
1056.97	540.2	160.63	229
1060.82	540.8	156	228.34
1064.67	541.4	151.37	227.68
1068.52	542	146.74	227.02
1072.36	542.6	142.12	226.36
1076.21	543.2	137.49	225.7
1080.06	543.8	132.86	225.04
1083.91	544.4	128.23	224.38
1087.75	545.01	123.61	223.71
1091.6	545.61	118.98	223.05
1095.45	546.21	114.35	222.39
1100.66	545.49	113.53	222.39
1105.86	544.77	112.72	222.39
1111.07	544.04	111.9	222.4
1116.28	543.32	111.08	222.39
1121.49	542.6	110.26	222.39
1126.7	541.88	109.44	222.39
1132.56	541.16	107.1	222.39
1138.43	540.44	104.75	222.39
1144.29	539.72	102.41	222.39
1150.15	538.99	103.55	222.4
1156.35	538.33	102.52	222.64
1162.54	537.67	101.5	222.88
1168.74	537.01	100.47	223.12
1174.93	536.35	99.45	223.36
1181.13	535.69	98.42	223.6
1187.32	535.03	97.4	223.84
1193.52	534.36	96.37	224.1
1199.71	533.7	95.35	224.34
1205.91	533.04	94.32	224.58
1212.1	532.38	93.3	224.82
1217.09	532.29	99.91	224.39
1222.08	532.21	106.52	223.95
1227.07	532.12	109.86	223.52
1232.06	532.03	113.21	223.09
1237.05	531.95	116.55	222.65
1242.04	531.86	120.96	222.22
1247.04	531.77	110.26	221.79
1252.03	531.69	99.57	221.35
1257.02	531.6	98.28	220.92
1262.01	531.51	96.99	220.49
1266.39	531.39	99.22	220.67
1270.76	531.27	101.46	220.85
1275.14	531.15	103.69	221.02
1279.52	531.04	105.92	221.19
1283.9	530.92	108.15	221.37
1288.27	530.8	110.39	221.55
1292.65	531.12	112.62	221.29
1297.03	531.44	114.85	221.02
1301.41	531.77	117.08	220.75
1305.78	532.09	119.32	220.49
1309.05	532.52	117.65	221.04
1312.33	532.96	123.17	221.58
1315.6	533.39	128.9	222.14
1318.87	533.83	133.63	226.37
1322.14	534.26	133.16	227.14
1325.41	534.7	135.33	226.9
1328.68	535.13	137.5	226.67
1331.96	535.57	139.66	226.43
1335.23	536	141.83	226.2
1338.5	536.44	144	225.96
1341.51	537.19	145.37	225.96
1344.53	537.94	146.73	225.97
1347.54	538.7	148.1	225.96
1350.56	539.45	149.46	225.97
1353.57	540.21	150.83	225.96
1356.59	540.96	152.19	225.96
1359.6	541.71	153.56	225.97
1362.62	542.47	154.92	225.96
1365.63	543.22	156.29	225.97
1368.65	543.97	157.65	225.97
1370.82	544.44	160.35	225.7
1373	544.9	163.03	225.45
1375.17	545.36	165.73	225.2
1377.35	545.82	168.12	224.94
1379.52	546.29	170.51	224.68
1381.7	546.75	172.9	224.43
1383.87	547.21	174.03	224.17
1386.04	547.67	175.16	223.92
1388.22	548.14	176.28	223.65
1390.39	548.6	177.41	223.4
1392.27	548.57	179.16	223.46
1394.15	548.54	180.92	223.52
1396.03	548.51	182.67	223.58
1397.92	548.48	184.41	223.63
1399.8	548.45	186.17	223.69
1401.68	548.42	187.92	223.75
1403.56	548.39	188.78	223.81
1405.44	548.36	189.64	223.87
1407.32	548.33	190.5	223.93
1409.2	548.3	191.36	223.99
1410.1	548.1	191.64	224.13
1411	547.9	191.93	224.27
1411.9	547.7	192.21	224.41
1412.8	547.5	192.5	224.55
1413.7	547.3	192.78	224.69
1414.6	547.1	193.06	224.83
1415.5	546.9	193.35	224.97
1416.4	546.7	193.63	225.12
1417.3	546.5	193.92	225.26
1418.2	546.3	194.2	225.4
1417	546.12	195.6	225.4
1415.8	545.95	197.01	225.4
1414.6	545.78	198.41	225.4
1413.4	545.6	199.81	225.4
1411.05	545.43	202.37	225.4
1408.7	545.26	204.92	225.4
1405.9	545.08	207.92	225.4
1410.68	544.91	203.35	225.4
1415.45	544.73	198.78	225.4
1420.23	544.56	194.2	225.4
1412.2	544.8	201.71	225.27
1406.8	545.05	206.59	225.14
1407.32	542.7	210.78	225.9
1407.11	543.1	210.16	225.72
1406.91	543.5	209.53	225.53
1406.7	543.9	208.91	225.35
1411.43	544.3	203.35	225.17
1416.17	544.7	197.78	224.98
1420.9	545.1	192.22	224.8
1420.47	545.5	191.82	224.62
1420.05	545.9	191.42	224.43
1419.62	546.3	191.02	224.25
1419.19	546.7	190.62	224.07
1418.76	547.1	190.22	223.88
1418.34	547.5	189.81	223.7
1417.91	547.9	189.41	223.52
1417.48	548.3	189.01	223.33
1417.05	548.7	188.61	223.15
1416.63	549.1	188.2	222.96
1416.2	549.5	187.8	222.78
1416.06	549.73	187.24	222.92
1415.92	549.96	186.68	223.06
1415.78	550.2	186.12	223.2
1415.64	550.43	185.56	223.34
1415.5	550.66	185	223.48
1415.36	550.89	184.44	223.62
1415.22	551.12	183.88	223.76
1415.08	551.35	183.32	223.91
1414.94	551.59	182.76	224.04
1414.8	551.82	182.2	224.18
1414.8	552.05	181.82	224.38
1414.8	552.27	181.44	224.59
1414.8	552.5	181.06	224.79
1414.8	552.73	180.68	224.99
1414.8	552.96	180.3	225.19
1414.8	553.19	179.92	225.39
1414.8	553.42	179.54	225.59
1414.8	553.64	179.16	225.8
1414.8	553.87	178.78	226
1414.8	554.1	178.4	226.2
1414.67	554.07	180.01	226.46
1414.55	554.04	181.61	226.72
1414.42	554.01	183.22	226.98
1414.3	553.98	184.82	227.24
1414.19	553.95	187.27	227.5
1414.08	553.92	189.72	227.76
1413.97	553.89	190.88	228.02
1413.86	553.86	192.04	228.28
1413.75	553.83	193.2	228.54
1413.64	553.8	194.36	228.8
1413.81	553.77	195.18	228.97
1413.99	553.74	195.99	229.14
1414.16	553.71	196.81	229.31
1414.34	553.68	197.62	229.48
1414.51	553.65	198.44	229.65
1414.68	553.62	199.26	229.82
1414.86	553.6	200.07	229.98
1415.03	553.57	200.89	230.15
1415.21	553.54	201.7	230.32
1415.38	553.51	202.52	230.49
1415.87	553.34	203.48	231.12
1416.37	553.17	204.43	231.75
1416.86	553	205.39	232.38
1417.35	552.82	206.35	233.02
1417.84	552.65	207.31	233.65
1418.34	552.48	208.26	234.28
1418.83	552.31	209.22	234.91
1419.32	552.14	210.18	235.54
1419.81	551.97	211.14	236.17
1420.31	551.8	212.09	236.8
1420.48	551.71	213.46	237.01
1420.65	551.62	214.83	237.22
1420.83	551.53	216.19	237.43
1421	551.44	217.56	237.64
1421.18	551.35	218.92	237.85
1421.35	551.26	220.29	238.06
1421.52	551.17	221.66	238.27
1421.7	551.08	223.02	238.48
1421.87	550.99	224.39	238.69
1422.05	550.9	225.75	238.9
1420.34	551.16	227.52	239.16
1418.64	551.42	229.28	239.42
1416.93	551.68	231.05	239.68
1415.22	551.94	232.82	239.94
1413.52	552.2	234.58	240.2
1411.81	552.46	236.35	240.46
1410.11	552.72	238.11	240.72
1408.4	552.98	239.88	240.98
1417.55	553.25	230.79	241.23
1426.7	553.51	221.7	241.49
1426.24	554.67	221.7	241.14
1425.77	555.82	221.7	240.8
1425.31	556.98	221.7	240.45
1424.85	558.14	221.69	240.1
1424.38	559.3	221.7	239.75
1423.92	560.46	221.7	239.4
1423.45	561.62	221.7	239.05
1422.99	562.78	221.7	238.7
1422.53	563.94	221.7	238.35
1422.06	565.1	221.7	238
1421.6	566.23	221.7	237.68
1421.13	567.36	221.7	237.36
1420.67	568.49	221.7	237.05
1420.21	569.62	221.7	236.73
1419.74	570.75	221.7	236.41
1419.28	571.88	221.7	236.09
1418.82	573.01	221.69	235.77
1418.35	574.14	221.7	235.45
1417.89	575.27	221.7	235.14
1417.42	576.4	221.7	234.82
1417.42	577.41	221.7	235.23
1417.42	578.42	221.7	235.64
1417.42	579.43	221.7	236.05
1417.42	580.44	221.7	236.46
1417.42	581.45	221.7	236.87
1417.42	582.46	221.7	237.28
1417.42	583.47	221.7	237.69
1417.42	584.48	221.7	238.1
1417.42	585.49	221.7	238.51
1417.42	586.5	221.7	239.9
1416.03	587.28	222.51	239.94
1414.64	588.06	223.32	239.98
1413.25	588.83	224.13	240.04
1411.86	589.61	224.94	240.08
1410.47	590.39	225.75	240.12
1409.07	591.17	226.57	240.16
1407.68	591.94	227.38	240.22
1406.29	592.72	228.19	240.26
1404.9	593.5	229	240.3
1397.8	593.88	234.71	240.19
1390.7	594.26	240.42	240.08
1391.21	594.64	238.52	239.97
1391.72	595.02	236.62	239.86
1392.24	595.4	234.71	239.75
1392.75	595.78	232.81	239.64
1393.26	596.16	230.91	239.53
1393.77	596.54	229.01	239.42
1394.29	596.92	227.1	239.31
1394.8	597.3	225.2	239.2
1394.6	597.61	224.01	238.89
1394.4	597.92	222.82	238.58
1397.19	598.23	218.64	238.27
1399.98	598.54	214.46	237.96
1402.76	598.85	210.29	237.65
1405.55	599.16	206.11	237.34
1408.34	599.47	201.93	237.03
1411.13	599.78	197.75	236.72
1413.91	600.09	193.58	236.41
1416.7	600.4	189.4	236.1
1416.7	600.4	188.57	235.79
1416.7	600.4	187.74	235.48
1416.7	600.4	186.91	235.17
1416.7	600.4	186.08	234.86
1416.7	600.4	185.25	234.55
1416.7	600.4	184.42	234.24
1416.7	600.4	183.59	233.93
1416.7	600.4	182.76	233.62
1416.7	600.4	181.93	233.31
1416.7	600.4	181.1	233
1416.7	600.68	179.74	232.58
1416.7	600.96	178.38	232.16
1416.7	601.24	177.02	231.74
1416.7	601.52	175.66	231.32
1416.7	601.8	174.3	230.9
1416.7	602.08	172.94	230.48
1416.7	602.36	171.58	230.06
1416.7	602.64	170.22	229.64
1416.7	602.92	168.86	229.22
1416.7	603.2	167.5	228.8
1406.1	602.96	178.1	227.96
1395.5	602.72	188.7	227.12
1387.1	602.48	197.1	226.28
1381.7	602.24	202.5	225.44
1375.6	602	208.6	224.6
1375.2	601.76	209	223.76
1374.8	601.52	209.4	222.92
1374.4	601.28	209.8	222.08
1374	601.04	210.2	221.24
1373.6	600.8	210.6	220.4
1375.6	600.1	205.43	219.99
1377.6	599.4	200.26	219.58
1379.6	598.7	195.09	219.17
1384.2	598	187.32	218.76
1388.8	597.3	179.55	218.35
1394.1	596.6	160.6	217.94
1400.3	595.9	153.85	217.53
1408.2	595.2	145.4	217.12
1416.1	594.5	136.95	216.71
1424	593.8	128.5	216.3
1434.1	593.8	118.4	216.72
1434.99	593.8	117.51	217.14
1435.88	593.8	116.62	217.56
1436.77	593.8	115.73	217.98
1437.66	593.8	114.84	218.4
1438.54	593.8	113.96	218.82
1439.43	593.8	113.07	219.24
1440.32	593.8	112.18	219.66
1441.21	593.8	111.29	220.08
1442.1	593.8	110.4	220.5
1442.8	593.8	110.74	220.08
1443.5	593.8	111.08	219.66
1444.2	593.8	111.42	219.24
1444.9	593.8	111.76	218.82
1445.6	593.8	112.1	218.4
1446.3	593.8	112.44	217.98
1447	593.8	112.78	217.56
1447.7	593.8	113.12	217.14
1448.4	593.8	113.46	216.72
1449.1	593.8	113.8	216.3
1448.5	594.18	115.69	215.82
1447.9	594.56	117.58	215.34
1447.62	594.95	119.15	214.85
1447.34	595.33	120.72	214.37
1447.06	595.71	122.29	213.89
1446.78	596.09	123.86	213.41
1446.5	596.48	125.43	212.92
1444.25	596.86	128.97	212.44
1442	597.24	132.51	211.96
1434.5	597.62	141.3	211.48
1430.3	597.14	146.13	210.53
1424.6	596.66	152.46	209.58
1421.67	596.18	156.02	208.63
1418.73	595.69	159.59	207.69
1415.8	595.21	163.15	206.74
1414.66	594.73	164.92	205.79
1413.52	594.25	166.69	204.84
1412.38	593.76	168.46	203.9
1411.24	593.28	170.23	202.95
1410.1	592.8	172	202
1411.65	591.83	169.75	201.47
1413.2	590.86	167.5	200.94
1414.75	589.89	165.25	200.41
1416.3	588.92	163	199.88
1421.83	587.95	156.77	199.35
1427.37	586.98	150.53	198.82
1432.9	586.01	144.3	198.29
1438.43	585.04	138.07	197.76
1443.97	584.07	131.83	197.23
1449.5	583.1	125.6	196.7
1450.44	582.61	123.02	196.22
1451.38	582.13	120.44	195.73
1452.32	581.64	117.86	195.25
1453.26	581.15	115.28	194.77
1454.2	580.66	112.7	194.29
1455.14	580.18	110.12	193.8
1456.08	579.69	107.54	193.32
1457.02	579.2	104.96	192.84
1457.96	578.72	102.38	192.35
1458.9	578.23	99.8	191.87
1458.97	576.7	97.64	192.08
1459.04	575.17	95.48	192.29
1459.11	573.64	93.32	192.5
1459.18	572.11	91.16	192.71
1459.25	570.58	89	192.92
1459.32	569.04	86.84	193.14
1459.39	567.51	84.68	193.35
1459.46	565.98	82.52	193.56
1459.53	564.45	80.36	193.77
1459.6	562.92	78.2	193.98
1454.59	561.63	82.86	193.46
1449.58	560.35	87.52	192.93
1444.57	559.06	92.18	192.41
1439.56	557.77	96.84	191.89
1434.55	556.49	101.5	191.36
1429.54	555.2	106.16	190.84
1424.53	553.91	110.82	190.32
1419.52	552.63	115.48	189.79
1414.51	551.34	120.14	189.27
1409.5	550.05	124.8	188.75
1404.9	548.9	127.28	188.4
1405.61	547.76	125.98	188.04
1406.31	546.61	124.69	187.69
1402.7	545.46	125.74	187.34
1401.1	544.31	124.79	186.99
1399.6	543.16	123.73	186.64
1400.63	542.02	120.14	186.28
1401.67	540.87	116.54	185.93
1402.7	539.72	112.96	185.58
1411.24	538.57	101.86	185.23
1411.97	538.29	101.23	184.26
1412.69	538.02	100.61	183.28
1413.42	537.74	99.98	182.31
1414.14	537.46	99.36	181.34
1414.87	537.18	98.73	180.37
1415.6	536.9	98.1	179.4
1416.32	536.62	97.48	178.43
1417.05	536.35	96.85	177.45
1417.77	536.07	96.23	176.48
1418.5	535.79	95.6	175.51
1416.73	535.72	95.47	175.13
1414.96	535.65	97.04	174.75
1413.19	535.58	98.71	174.37
1411.42	535.51	96.87	173.99
1409.65	535.44	95.02	173.61
1407.88	535.37	93.18	173.23
1406.11	535.3	91.33	172.85
1404.34	535.23	89.49	172.47
1402.57	535.16	87.64	172.09
1400.8	535.09	85.8	171.71
1392.05	534.64	90.44	171.71
1383.3	534.19	95.08	171.71
1377.07	533.74	97.2	171.7
1370.83	533.28	99.33	171.71
1364.6	532.83	101.45	171.71
1358.37	532.38	103.57	171.71
1352.13	531.93	105.7	171.7
1345.9	531.47	107.82	171.71
1342.55	531.02	107.06	171.71
1339.2	530.57	106.3	171.71
1333.45	530.15	107.53	171.08
1327.7	529.73	108.76	170.45
1321.95	529.32	109.98	169.81
1316.2	528.9	111.21	169.19
1313.53	528.48	109.36	168.56
1310.87	528.06	107.5	167.93
1308.2	527.65	105.64	167.29
1305.53	527.23	103.79	166.67
1302.87	526.81	101.93	166.04
1300.2	526.39	100.08	165.41
1296.07	525.7	104.51	164.78
1291.93	525	108.96	164.16
1287.8	524.3	113.4	163.54
1284.5	523.61	113.09	162.91
1281.2	522.91	112.77	162.29
1277.9	522.22	112.46	161.66
1274.6	521.52	112.14	161.04
1271.3	520.82	111.83	160.42
1268	520.13	111.51	159.79
1264.7	519.43	111.2	159.17
1261.81	518.32	107.69	159.66
1258.93	517.21	104.17	160.15
1256.04	516.09	100.66	160.65
1253.15	514.98	97.15	161.14
1250.26	513.87	93.64	161.63
1247.38	512.75	90.12	162.13
1244.49	511.64	86.61	162.62
1241.6	510.53	83.1	163.11
1238.72	509.41	79.58	163.61
1235.83	508.3	76.07	164.1
1229.88	506.94	78.64	164.69
1223.92	505.58	81.22	165.28
1217.97	504.23	83.79	165.86
1212.02	502.87	86.36	166.45
1206.06	501.51	88.94	167.04
1200.11	500.16	91.51	167.62
1194.16	498.8	94.08	168.21
1188.2	497.44	96.66	168.8
1182.25	496.09	99.23	169.38
1176.3	494.73	101.8	169.97
1170.7	493.68	103.4	169.88
1165.1	492.64	105	169.78
1159.5	491.6	106.6	169.68
1153.89	490.55	108.21	169.59
1148.29	489.51	109.81	169.49
1142.69	488.47	111.41	169.39
1137.09	487.42	113.01	169.3
1131.49	486.38	114.61	169.2
1125.89	485.33	116.21	169.11
1120.29	484.29	117.81	169.01
1113.79	483.32	119.6	169.01
1107.3	482.35	121.38	169.01
1102.72	482.03	119.98	169.01
1094.47	481.28	125.26	169
1086.21	480.52	130.55	169.01
1077.96	479.77	135.83	169.01
1069.7	479.02	141.11	169
1067.04	478.26	140.8	169.01
1064.39	477.51	140.48	169.01
1061.73	476.76	140.17	169
1054.95	476.84	143.75	168.75
1048.16	476.93	147.34	168.48
1041.38	477.02	150.92	168.22
1034.6	477.1	153.03	167.96
1027.81	477.19	155.15	167.69
1021.03	477.28	157.26	167.43
1014.25	477.37	159.36	167.16
1007.47	477.45	161.47	166.9
1000.68	477.54	163.59	166.64
993.9	477.63	165.7	166.37
987.41	477.86	166.16	165.62
980.91	478.09	166.63	164.87
974.42	478.32	167.09	164.12
967.93	478.56	167.55	163.36
961.43	478.79	168.02	162.61
954.94	479.02	168.48	161.86
948.44	479.25	168.95	161.11
941.95	479.48	169.41	160.36
935.46	479.72	169.87	159.6
928.96	479.95	170.34	158.85
923.34	479.92	169.29	158.48
917.71	479.89	168.25	158.1
912.09	479.86	167.2	157.73
906.47	479.83	166.15	157.36
900.84	479.8	165.11	156.98
895.22	479.77	164.06	156.61
889.59	479.74	163.02	156.24
883.97	479.71	161.97	155.87
878.34	479.69	160.93	155.48
872.72	479.66	159.88	155.11
866.43	480	158.75	155.12
860.14	480.35	157.62	155.11
853.85	480.7	156.49	155.11
847.56	481.05	155.36	155.11
841.27	481.4	154.23	155.11
834.97	481.74	153.11	155.12
828.68	482.09	151.98	155.11
822.39	482.44	150.85	155.11
816.1	482.79	149.72	155.11
809.81	483.13	148.59	155.12
802.91	483.51	148.76	155.34
796.01	483.89	148.93	155.57
789.11	484.26	149.1	155.8
782.21	484.64	149.27	156.03
775.31	485.02	149.44	156.25
768.41	485.39	149.61	156.49
761.51	485.77	149.78	156.71
754.61	486.15	149.95	156.94
747.71	486.52	150.12	157.17
740.81	486.9	150.29	157.4
733.68	487.71	150.17	157.98
726.55	488.52	150.05	158.56
719.42	489.34	149.93	159.13
712.29	490.15	149.81	159.71
705.16	490.96	149.69	160.29
698.02	491.77	149.58	160.87
690.89	492.58	149.46	161.45
683.76	493.39	149.34	162.03
676.63	494.21	149.22	162.6
669.5	495.02	149.1	163.18
662.25	494.96	149.1	163.82
655	494.9	149.1	164.46
647.76	494.84	149.09	165.1
640.51	494.79	149.09	165.73
633.26	494.73	149.09	166.37
626.01	494.67	149.09	167.01
618.76	494.61	149.09	167.65
611.52	494.55	149.08	168.29
604.27	494.5	149.08	168.92
597.02	494.44	149.08	169.56
589.11	493.77	149.08	169.94
581.19	493.11	149.08	170.31
573.28	492.45	149.08	170.68
565.36	491.78	149.08	171.06
557.45	491.12	149.08	171.43
549.53	490.45	149.08	171.81
541.62	489.79	149.08	172.18
533.71	489.13	149.07	172.55
525.79	488.46	149.08	172.93
517.88	487.8	149.08	173.3
510.08	487.1	149.02	174.17
502.28	486.41	148.96	175.03
494.48	485.71	148.91	175.9
486.69	485.02	148.84	176.76
478.89	484.32	148.79	177.63
471.09	483.62	148.73	178.5
463.29	482.93	148.68	179.36
455.5	482.23	148.61	180.23
447.7	481.54	148.56	181.09
439.9	480.84	148.5	181.96
430.94	480.41	149.11	182.88
421.98	479.97	149.72	183.81
413.03	479.54	150.32	184.73
404.07	479.1	150.93	185.66
395.11	478.67	151.54	186.58
386.15	478.23	152.15	187.51
377.19	477.8	152.76	188.43
368.24	477.36	153.36	189.36
359.28	476.93	153.97	190.28
350.32	476.49	154.58	191.21
341.5	474.4	149.4	194.5
