1003.19	605.4	133.01	71.1
1001.5	605	134.5	72.2
1000.9	606	134.1	71.6
998.9	606	134.1	72.6
999.3	606	134.7	73.7
998.5	607	134.5	73.4
997.2	607	135.8	74.6
995.9	607	139.1	75.1
995.1	608	136.9	75.5
994	608	138	75
994.7	608	137.3	76.1
993.4	609	138.6	75.4
992.4	609	138.6	76.7
992.3	610	138.7	75.9
992.6	610	138.4	76.3
992.1	608.4	135.6	79
990.6	610.4	134.3	76.8
990.19	611.6	132.51	76.54
987.95	612.1	135.25	75.9
987.39	613.4	135.81	75.6
988.92	615.1	134.18	74.1
988.39	614.7	136.91	75.9
985.6	615.7	138.6	75.2
986.05	612.6	135.75	78.77
986.05	613.05	135.75	78.79
986.05	613.5	135.75	78.8
985.66	614.66	135.75	78.81
985.27	615.83	135.75	78.8
984.88	616.99	135.76	78.8
984.5	618.15	135.75	78.8
984.11	619.31	135.75	78.81
983.72	620.32	135.75	78.8
983.33	621.33	135.76	78.8
982.94	622.34	135.76	78.8
982.56	623.35	135.75	78.8
982.17	624.35	135.75	78.81
982.05	624.35	135.33	79.08
981.94	624.35	134.9	79.36
981.82	624.35	134.48	79.63
981.7	624.35	134.05	79.9
981.58	624.35	133.63	80.18
981.47	624.35	133.2	80.45
981.35	624.35	132.78	80.73
981.23	624.35	132.35	81
981.12	624.35	131.92	81.28
981	624.35	131.5	81.55
980.62	622.12	131.48	83.78
980.24	619.89	131.46	86.01
979.86	617.66	131.44	88.24
979.48	615.43	131.42	90.47
979.1	613.2	131.4	92.7
979.1	612.1	130.64	92.8
979.1	611	129.88	92.9
979.1	609.9	129.12	94
979.1	608.8	128.36	95.4
979.1	607.7	127.6	96.2
978.48	606.08	126.66	97.52
977.86	604.46	125.72	99.72
977.24	602.84	124.78	101.91
976.62	601.22	123.84	104.11
976	599.6	122.9	106.3
975.62	599.6	123.28	106.62
975.24	599.6	123.66	106.94
974.86	599.6	124.04	107.26
974.48	599.6	124.42	107.58
974.1	599.6	124.8	107.9
973.78	599.6	125.12	108.44
973.46	599.6	125.44	108.98
973.14	599.6	125.76	109.52
972.82	599.6	126.08	110.06
972.5	599.6	126.4	110.6
971.96	599.06	124.38	111.84
971.42	598.52	122.36	113.08
970.88	597.98	120.34	114.32
970.34	597.44	118.32	115.56
969.8	596.9	116.3	116.8
969.57	597.37	116.3	116.8
969.33	597.83	116.3	116.8
969.1	598.3	116.3	116.8
968.87	598.76	116.3	116.8
968.64	599.23	116.3	116.8
968.64	598.06	116.29	119.05
968.64	596.9	116.28	121.3
968.64	595.73	116.27	123.55
968.64	594.57	116.27	125.8
968.64	593.4	116.26	128.05
968.33	593.86	114.71	128.84
968.02	594.32	113.16	129.63
967.71	594.78	111.61	130.42
967.41	595.24	110.05	131.21
967.1	595.7	108.5	132
966.92	596.08	108.12	132.62
966.74	596.46	107.74	133.24
966.56	596.84	107.36	133.86
966.38	597.22	106.98	134.48
966.2	597.6	106.6	135.1
966.46	600.17	104.19	133.31
966.72	602.73	101.78	131.53
966.98	605.3	99.37	129.74
967.24	604.7	96.96	131.12
967.5	604.2	98.6	132.4
966.8	605.3	99.4	132.2
965.8	605.9	101.9	130.8
965.88	608.79	101.12	130
966.44	610.02	102	127.68
965.8	606.93	100.1	131.87
965.43	608	101.37	130.4
965.1	606.9	101.4	133
965.33	607.1	98.77	133.4
964.43	608.4	98.77	130.7
963.68	602.8	102	138.7
964.76	604	102	136.7
964.42	605.7	102	134.68
964.54	603.7	102	136
963.42	601.7	103.88	136.3
964.14	605.3	101.76	133.6
962.1	606	101.98	132.7
961.4	604	102.8	133.4
962.7	602.4	103	135.6
961.73	603.9	102	132.84
962.1	601.6	100.9	134.4
960.72	603.1	102	132.6
960.7	598.5	105.3	136.9
961.37	599.4	102	136.5
959.7	602.4	101.4	135.4
960.44	609.4	102	127.32
959.02	609.5	102	124.3
959.69	602.4	102	133.7
959.91	599.5	102	134.1
958.01	607.1	102	125.6
957.5	605.9	103.83	123.5
958	597.1	106	131.2
957.33	604.2	107.37	123.2
957.88	606.6	102	120
956.7	604.2	104.6	122.9
954.88	603.02	104.02	121.78
953.3	603	106.7	120.8
954.02	601.5	103.98	120.5
955	601	103	119.1
953.7	599	104.3	123.7
952.7	598	107.1	123
950.7	599.3	108.3	118.9
950	598	107	121.7
949.4	599	108.6	118.1
948.3	596.7	109.7	118.4
947.2	594.7	109.8	119
947.1	592.7	111.9	121.2
945.3	592.3	114.7	120.1
943.7	595.8	115.3	116.1
943.2	594	115.8	116.5
943	592	115	119
941.3	591.3	117.7	117.7
938.2	596.4	119.8	119.6
938.7	598.4	120.6	116.4
936.9	601.3	125.7	112.5
933.7	597.8	127.1	120.1
934.6	600.4	126.6	118.5
933.2	599.7	130.6	114.6
931	602.7	133.4	112.4
929.55	603.3	133.45	110.2
926.7	607.9	139	106.1
926.34	606.7	140.66	109.4
923.12	608	143.98	110.1
922.7	606.5	145.4	110
923.37	605.53	152.63	104.1
920.9	608.2	152.8	99.5
920.4	610.8	146.4	96.7
918.9	615.3	145.7	93.5
918.3	616.7	143.5	88
916.6	620.5	142.4	80.8
914.03	619.8	148.37	78.5
915	617.6	145.3	79.1
910.1	614.4	152.3	77.7
908.6	621.7	151.1	69.4
909.9	620.7	148.2	66.6
906.33	624.3	150.67	62.96
907.2	626.4	152.9	58.9
905.9	623.8	154.4	57.5
905.4	624.1	151.5	56.9
903.1	624.1	153.7	54.4
902.51	622.1	153.29	56.4
902.1	624.2	151.9	53.3
901.41	622.6	155	54.4
900	621.4	155	52.6
899	621.7	155	51.3
898	622	160.3	54.02
897.2	624.9	160.6	50.3
895.8	622.9	163	50
893.4	623.4	165.6	48.7
892.6	622.4	166.4	50
892	620	166	49
894	618	166	49
893	622.3	166	44.7
893	623.6	166	42.4
893	626.9	166	38.1
896	628.6	166	35.4
896	626.1	166	36.9
895	625.9	166	36.1
896	624.3	166	35.7
897	623.5	166	36.5
896	622.5	166	35.5
897	622.6	166	34.4
898	621	166	35
898	620	166	35
897	618.3	166	37.7
900	618.9	166	35.1
903	616.4	162	35.6
904	615.7	159.3	34.3
905	616.1	155.3	34.9
908	612.7	158.6	38.3
896.6	613.7	174	36.3
897	612.7	171	38.3
898	613.4	174.3	35.6
899	613.1	168.3	36.9
899	613.1	171	34.9
900	612	172.3	35
901	611.8	169.6	34.2
901	611.1	173	34.9
900	611.1	173.6	34.9
902	610.8	174.3	34.2
902	610.7	172.3	34.3
904	609.7	176.3	37.6
905	608.7	167.6	34.3
907	608.7	169	34.3
886.6	608.4	176.3	55
887	606.7	176	54.3
888	607.3	176	53.7
890	607.3	176	53.7
892	607.3	167.3	53.7
893	608.4	166	51.6
894	607	168.6	53
895	607	168.6	53
897	606.7	155.2	52.3
898	606.7	155.2	52.3
900	608	156.6	51
900	608.4	153.9	49.6
902	608	157.2	49
904	607.4	156.6	49.6
892.6	608	168.6	55.7
894	609.7	168	52.3
895	607	163.3	55
897	608.4	168	53.6
899	608	164.7	55
895	607	168.6	57.7
903	606.4	168	55.6
898.3	607.7	160	54.3
900.2	608	160.6	53
902.3	606	157.3	55
900.3	607.4	158.4	51.6
903.1	605.4	157.3	55.6
901.7	607.4	162.5	53.6
901.6	605.7	165.2	54.3
905.8	604.4	162.8	55.6
903.3	603.7	163.9	56.3
904	604.7	163	54.3
906	604	156.3	55
908	603.4	148.7	55.6
910	604.4	146	53.6
911	603.7	143.5	54.3
914	603.4	145.5	53.6
915	603.7	138.7	52.3
917	603	143	53
919	603.4	139.5	51.6
899.3	601.7	156.2	73.1
898.6	601.7	160	71.4
895.7	602	162.8	71.3
898.6	601	158	71.1
895.7	601.7	159.1	72.4
896.2	600	162.4	75.1
896.95	600.37	157	75.6
894.8	598	156.5	80.6
892.5	598.3	157.6	81.2
889.5	597.7	161.5	86.4
892.66	595.7	157	87
892.98	595.4	157	86.29
894.65	594.7	157	86.32
894.4	595	162.6	86.3
894.3	596.7	153	84.5
889	604.1	122.8	80.2
891	606.7	126.8	80
889.9	604.8	116.2	83.6
890	606.1	116	76.2
891.3	602.4	116.7	80.2
890.7	602.1	118.3	82.3
887.3	601.8	122.7	80.9
884	596.4	128	88.9
885.2	594	126.8	89.1
883.5	586.7	131.5	91.6
884.7	582.1	131.3	94.8
885.1	581.4	132.9	93
888.7	578	130.3	95.8
887	579	134	93.7
889.9	576.4	133.1	94.3
887.9	573	136.1	96.4
888.5	572.4	136.2	96.2
885.6	572.3	138.9	96.7
884	571	141.3	95.2
886.3	570.4	140.1	94.6
884.3	568.9	143.3	97.4
884.2	567.3	142.9	98.4
882.1	566.5	147	98.5
881.7	566	150.4	99.6
882.6	565	157.4	98.4
881.9	563.8	160.7	101.9
880.6	562.8	159.3	103.9
880.7	561.5	163.3	105.8
880.3	560.5	164.7	107.8
880.4	562	165.3	104.7
877	566.1	169.7	102.9
876.6	569.1	167.4	99.9
877	568.6	162	99.4
875.7	569.3	164.3	97.7
876	569.3	180	96.7
874.9	595.9	127.8	67.6
876.26	597.5	130.84	64.3
876	597.3	133.7	64.7
874.7	595.7	133.1	65.9
874.3	594.3	135	67.7
873.5	593.7	138.7	70
872.1	592.6	144.8	72.3
872.42	589	138.6	76.12
872.1	589.8	144.2	77.2
870.16	591.5	146.5	76.1
871.6	591.6	152.8	73.5
870.9	591.8	147	70.9
871	591.9	153	70.1
869.8	593.2	155.2	66.7
870.5	594.4	157.5	63.4
867	591.7	167.7	67.3
867.8	592.9	164.2	65.1
869.4	589.6	163.6	68.4
869.5	591.4	165.5	64.7
869	590.7	167	69.3
870	589.1	167	69.9
869.1	588.7	170.9	69.3
869.4	588.2	172.6	68.8
869.3	588.2	173.7	72.7
871.4	590	172.6	71
871.8	590.2	174.2	72.5
871	588.9	176	72.1
873	589.6	176	63.7
873	590.7	176	61.5
873	590.7	176	60.3
875	591.9	176	55.9
874.1	591.4	179.9	55.3
872.9	590.9	182.1	53.7
872.2	589.8	183.8	54.2
872.6	590.7	185.4	54.6
873	590.8	185	53.9
874	591.4	185	52.3
875	593.1	185	51.8
877	591.3	185	52.3
879	594.2	185	51.7
877.7	595.3	188.3	51.7
878.1	595.7	188.9	53.4
877.5	596.8	189.5	51.2
877.5	596.8	189.5	51.2
879.1	596.3	188.9	52.2
878.4	595.7	190.6	52.3
880	594.5	197.7	52.8
880.4	594.3	202.6	53.4
881.6	593.7	200.4	53.4
882.4	591	198.6	55.7
881.7	591.7	200.3	54.5
882.6	589.6	200.4	55.6
883.2	588.6	204.6	55.6
883.6	587.6	204.7	56.7
884	585.5	207.6	57.8
884	585.6	209.8	57.3
885	584	210.9	59
886.7	581.9	208.7	60.1
887	582	210.9	69.6
887	579.9	202	72.4
888	578.2	210.7	73.98
890	578.3	210	75.2
892	576.8	210	75.1
893	576.3	210	74.1
893	574.2	210	75.7
896	573.2	210	74.1
897	571.8	210	79.6
897	569	210	80.2
898	569.7	210	80.7
916.1	568.2	193.9	80.4
919	567.8	193	84.5
922	566.2	193	82.8
924	565.7	193	83.3
926	564.7	193	83.9
928	564.8	193	81.7
930	562.7	193	85
932	560	193	87.8
933	559	193	86.7
936	558	193	87.3
939	557	193	86.1
941	555	193	86.7
945	555	191.3	84.5
946	554	189.1	83.3
950	553	181.3	84.5
952	551	169	80
956	551	167.9	80
959	549	166.2	80
963	547	163.4	80
963	547	165.6	80
967	545	162.3	80
971	544	158.4	80
975	542	152.2	80
976	542	154.8	80
976	539.98	155	79.92
976	537.96	161.3	79.84
976	535.94	165.3	79.76
976	533.92	160.5	79.68
976	531.9	162.7	79.6
976	530.82	163.38	80.68
976	529.74	164.06	81.76
976	528.66	164.74	82.84
976	527.58	165.42	83.92
976	526.5	166.1	85
978.1	525.34	163.26	86.16
980.2	524.18	160.42	87.32
982.3	523.02	157.58	88.48
984.4	521.86	154.74	89.64
986.5	520.7	151.9	90.8
988.12	519.62	150.28	89.08
989.74	518.54	148.66	87.36
991.36	517.46	147.04	85.64
992.98	516.38	145.42	83.92
994.6	515.3	143.8	82.2
999.76	515.3	138.64	82.9
1004.92	515.3	133.48	83.6
1010.08	515.3	128.32	84.3
1015.24	515.3	123.16	85
1020.4	515.3	118	85.7
1025.56	515.3	112.84	85
1030.72	515.3	107.68	84.3
1035.88	515.3	102.52	83.6
1041.04	515.3	97.36	82.9
1046.2	515.3	92.2	82.2
1049.84	515.3	88.56	82.2
1053.48	515.3	84.92	82.2
1057.12	515.3	81.28	82.2
1060.76	515.3	77.64	82.2
1064.4	515.3	74	82.2
1068.12	515.3	70.28	83.06
1071.84	515.3	66.56	83.92
1075.56	515.3	62.84	84.78
1079.28	515.3	59.12	85.64
1083	515.3	55.4	86.5
1083.31	516.38	57.03	86.51
1083.62	517.47	58.66	86.5
1083.93	518.56	60.29	86.5
1084.24	519.64	61.92	86.5
1084.55	520.73	63.55	86.5
1079.73	525.67	63	86
1079.73	536.75	63	76.08
1079.73	547.84	63	66.16
1079.73	558.93	63	56.24
1079.73	570.01	63	46.32
1079.73	581.1	63	36.4
1074.9	579.31	63	36.4
1070.08	577.51	63	36.4
1065.25	575.72	63	36.4
1060.42	573.93	63	36.4
1055.6	572.14	63	36.4
1050.77	570.34	63	36.4
1045.94	568.55	63	36.4
1041.12	566.76	63	36.4
0.00	0.00	0.00	0.00
0.00	0.00	0.00	0.00
0.00	0.00	0.00	0.00
0.00	0.00	0.00	0.00
0.00	0.00	0.00	0.00
0.00	0.00	0.00	0.00
0.00	0.00	0.00	0.00
0.00	0.00	0.00	0.00
0.00	0.00	0.00	0.00
0.00	0.00	0.00	0.00
0.00	0.00	0.00	0.00
0.00	0.00	0.00	0.00
0.00	0.00	0.00	0.00
0.00	0.00	0.00	0.00
0.00	0.00	0.00	0.00
0.00	0.00	0.00	0.00
0.00	0.00	0.00	0.00
0.00	0.00	0.00	0.00
0.00	0.00	0.00	0.00
0.00	0.00	0.00	0.00
0.00	0.00	0.00	0.00
0.00	0.00	0.00	0.00
0.00	0.00	0.00	0.00
0.00	0.00	0.00	0.00
0.00	0.00	0.00	0.00
0.00	0.00	0.00	0.00
907.19	520.42	63	36.4
898.75	520.68	63	36.4
890.31	520.95	63	36.4
881.87	521.22	63	36.4
873.43	521.49	63	36.4
872.96	521.09	63	37.47
872.49	520.68	63	38.55
872.03	520.28	63	39.62
871.56	519.88	63	40.69
871.09	519.48	63	41.76
870.62	519.08	63	42.84
870.15	518.68	63	43.91
869.68	518.27	63	44.99
869.21	517.87	63	46.06
868.74	517.47	63	47.13
867.91	517.47	63.83	47.13
867.09	517.47	64.65	47.13
866.26	517.47	65.48	47.13
865.43	517.47	66.31	47.13
864.6	517.47	67.14	47.13
863.01	516.07	69.38	47.13
861.42	514.68	71.63	47.13
859.83	513.28	73.87	47.13
858.25	511.89	76.1	47.13
856.66	510.49	78.34	47.13
854.74	509.14	79.93	51.42
852.83	507.79	81.52	55.7
850.92	506.44	83.1	59.99
849.01	505.1	84.69	64.26
847.1	503.75	86.27	68.55
844.08	502.4	88.97	68.36
841.06	501.05	91.66	68.17
838.04	499.7	94.35	67.98
835.02	498.35	97.05	67.79
832	497	99.74	67.6
829.96	497	101.78	67.6
827.92	497	103.82	67.6
825.88	497	105.86	67.6
823.84	497	107.9	67.6
821.8	497	109.94	67.6
818.64	497	113.1	67.6
815.48	497	116.26	67.6
812.32	497	119.42	67.6
809.16	497	122.58	67.6
806	497	125.74	67.6
803.68	497	128.06	69.36
801.36	497	130.38	71.12
799.04	497	132.7	72.88
796.72	497	135.02	74.64
794.4	497	137.34	76.4
791.52	497.94	140.22	76.94
788.64	498.88	143.1	77.48
785.76	499.82	145.98	78.02
782.88	500.76	148.86	78.56
780	501.7	151.74	79.1
776.94	502.24	154.8	80.6
773.88	502.78	157.86	82.1
770.82	503.32	160.92	83.6
767.76	503.86	163.98	85.1
764.7	504.4	167.04	86.6
761.72	505.24	170.02	87.62
758.74	506.08	173	88.64
755.76	506.92	175.98	89.66
752.78	507.76	178.96	90.68
749.8	508.6	181.94	91.7
746.82	509.16	184.92	92.72
743.84	509.72	187.9	93.74
740.86	510.28	190.88	94.76
737.88	510.84	193.86	95.78
734.9	511.4	196.84	96.8
732.86	512.42	198.88	97.46
730.82	513.44	200.92	98.12
728.78	514.46	202.96	98.78
726.74	515.48	205	99.44
724.7	516.5	207.04	100.1
722.38	517.7	209.36	98.54
720.06	518.9	211.68	96.98
717.74	520.1	214	95.42
715.42	521.3	216.32	93.86
713.1	522.5	218.64	92.3
711.62	523.44	220.12	92.61
710.14	524.38	221.6	92.92
708.66	525.32	223.08	92.98
707.18	526.26	224.56	93.04
705.7	527.2	226.04	94.4
704.58	528.68	230.42	93.67
703.46	530.16	234.79	92.94
702.34	531.64	239.16	93.26
701.22	533.12	243.53	91.98
700.1	534.6	247.9	92.4
698.7	534.52	253.12	92.38
697.3	534.44	258.34	93.36
695.9	534.36	263.56	95.64
694.5	535.9	268.78	96.7
693.1	535.8	274	95.4
691.71	536.5	273.33	99.05
690.33	537.2	272.65	102.71
688.94	537.9	271.98	106.36
687.56	538.6	271.3	110.02
686.17	539.3	270.63	113.67
685.34	539.58	272.3	114.24
684.5	539.86	273.98	114.8
683.67	540.14	275.65	115.37
682.83	540.42	277.33	115.93
682	540.7	279	116.5
681.06	541.08	282.64	116.12
680.12	541.46	286.28	115.74
679.18	541.84	289.92	115.36
678.24	542.22	293.56	114.98
677.3	542.6	297.2	114.6
677.3	542.6	297.2	110.14
677.3	542.6	297.2	105.68
677.3	542.6	297.2	101.22
677.3	542.6	297.2	96.76
677.3	542.6	297.2	92.3
677.3	542.6	297.2	91.74
677.3	542.6	297.2	91.18
677.3	542.6	297.2	90.62
677.3	542.6	297.2	90.06
677.3	542.6	297.2	89.5
678.09	542.6	296.41	90.46
678.88	542.6	295.62	91.42
679.67	542.6	294.83	92.38
680.46	542.6	294.04	93.34
681.25	542.6	293.25	94.3
682.04	542.6	292.46	95.26
682.83	542.6	291.67	96.22
683.62	542.6	290.88	97.18
684.41	542.6	290.09	98.14
685.2	542.6	289.3	99.1
685.48	542.6	289.02	100.06
685.76	542.6	288.74	101.02
686.04	542.6	288.46	101.98
686.32	542.6	288.18	102.94
686.6	542.6	287.9	103.9
688.5	542.6	286	105.38
690.4	542.6	284.1	106.86
689.6	542.6	284.9	108.34
688.8	542.6	285.7	109.82
688	542.6	286.5	111.3
689.4	542.6	285.1	111.75
690.8	542.6	283.7	112.2
692.2	542.6	282.3	110.67
693.6	542.6	280.9	109.13
695	542.6	279.5	107.6
696.02	542.46	282.56	104.48
697.04	542.32	285.62	101.36
698.06	542.18	288.68	98.24
699.08	542.04	291.74	95.12
700.1	541.9	294.8	92
701.12	542.4	295.36	91.6
702.14	542.7	295.92	91.4
703.16	542.7	296.48	91.5
704.18	543.1	297.04	91.2
705.2	544.3	297.6	90.1
706.6	545.1	298.44	89.86
708	545.9	299.28	89.62
709.4	545.25	300.12	90.83
710.8	544.6	300.96	92.04
712.2	546.7	301.8	90.5
713.04	547.8	300.22	89.86
713.88	547.5	298.64	90.62
714.72	547.5	297.06	91.08
715.56	547.9	295.48	91.14
716.4	546.7	293.9	92.8
716.4	547	293.9	96.78
716.4	546.9	293.9	101.16
717	547.1	293.3	105.24
718.6	546.9	297.3	109.72
718.6	546.7	303	114.2
719.46	546.54	302.48	115.66
720.32	546.38	301.96	117.12
721.18	546.22	301.44	118.58
722.04	546.06	300.92	120.04
722.9	545.9	300.4	121.5
724	547.1	299.3	118.82
725.1	548.3	298.2	116.14
724.37	548.3	298.93	114.66
723.63	548.3	299.67	113.18
722.9	549.9	300.4	108.5
724.2	550.7	299.1	100.3
725.5	549.5	297.8	94.9
726.8	548.3	296.5	90.9
730.5	547.1	292.8	88.1
731.8	545.9	291.5	85.3
732.4	547.48	290.9	83.72
733	549.06	290.3	82.14
733.6	550.64	289.7	80.56
734.2	552.22	289.1	78.98
735	553.8	288.3	77.4
735.36	553.8	289.24	77.4
735.72	553.8	290.18	77.4
736.08	553.8	291.12	77.4
736.44	553.8	292.06	77.4
736.8	553.8	293	77.4
736.8	561	293	70.6
736.8	562.4	293	71.65
736.8	561.9	293	74.6
736.8	561.1	293	81.1
736.8	561.8	293	84.4
736.8	561.4	293	86.7
736.8	559.9	293	90.1
739.2	559.7	290.6	93
739.2	558.3	290.6	93.9
740.8	558.4	289	96.5
741.6	558.8	288.2	95.24
742.4	559.2	287.4	93.98
744	557.9	285.8	94.42
747.2	559	282.6	92.46
746.4	557.7	283.4	92.9
746.45	557	285.39	88.72
746.5	556.3	287.38	84.54
746.9	555.6	289.02	80.36
746.95	554.65	291.01	76.43
747	553.7	293	72.5
749.6	552.8	290.5	72.8
749.2	551.9	291	73.1
748.8	551	291.5	73.4
748.4	550.1	292	73.7
748	549.2	292.5	74
748.74	548.08	291.76	75.12
749.48	546.96	291.02	76.24
750.22	545.84	290.28	77.36
750.96	544.72	289.54	78.48
751.7	543.6	288.8	79.6
751.7	543.22	288.8	79.98
751.7	542.84	288.8	80.36
751.7	542.46	288.8	80.74
751.7	542.08	288.8	81.12
751.7	541.7	288.8	81.5
751.7	540.4	288.8	82.8
751.7	539.1	288.8	84.1
751.7	537.8	288.8	85.4
751.7	536.5	288.8	86.7
751.7	535.2	288.8	88
751.7	534	286.38	89.2
751.7	532.8	283.96	90.4
751.7	531.6	281.54	91.6
751.7	530.4	279.12	92.8
751.7	529.2	276.7	94
751.7	528.36	275.9	94.84
751.7	527.52	273.5	95.68
751.7	526.68	267.3	96.52
751.7	525.84	270	97.36
751.7	525	261.5	98.2
753	525.25	262.23	98.14
754.3	525.49	262.95	98.08
755.6	525.74	263.68	98.02
756.9	525.99	264.4	97.96
760.6	526.23	258.4	97.9
761.2	526.48	257.7	97.84
762.7	526.73	256.1	97.78
762.9	526.97	250.5	97.72
764.7	527.22	248.9	97.66
766.5	527.47	241.6	97.6
767.6	527.71	232.5	97.54
768.6	527.96	228.4	97.48
770.5	528.21	217.8	97.42
770.74	528.45	219.76	97.36
774.2	528.7	215.3	97.3
777.3	528.7	208.6	97.81
773.9	528.7	212.2	98.32
780.1	531.1	203.2	96.43
781.6	531.9	203.3	96.14
782.2	529.5	196.3	99.05
781.06	530.7	198.19	98.36
782.32	530.3	197.68	99.27
783.58	531.1	195.42	98.98
784.84	532.3	198.46	98.29
786.1	532.7	201.5	98.4
788.3	532.43	199.89	99.42
790.5	532.17	198.27	100.42
792.7	531.9	196.66	101.44
794.9	531.63	195.05	102.46
796.11	531.89	194.42	102.94
797.32	532.16	193.8	103.42
798.53	532.42	193.18	103.91
799.74	532.68	192.55	104.39
800.95	532.94	191.93	104.88
802.15	533.2	191.32	105.37
803.36	533.1	190.69	106.21
804.57	535.2	190.07	104.86
805.78	535.4	183.02	105.41
806.99	534.5	181.61	107.05
808.2	535.1	172.1	107.2
809.4	534.3	172.5	108.84
810.6	536.7	172.1	107.28
810.1	538.3	175.9	106.52
812	538.3	176.4	107.36
812.2	540	184.2	106.5
813.6	541.01	181.4	106.7
815	542.02	178.6	106.9
815.93	543.03	176.27	107.1
816.87	544.04	173.93	107.3
817.8	545.05	171.6	107.5
819.5	546.06	168.5	107.7
819.7	547.07	166.9	107.89
820.2	548.08	165	108.1
821.1	549.09	162.7	108.29
820.4	550.1	162	108.49
823.3	550.43	160.68	109.09
826	550.76	159.56	109.69
828.5	551.09	158.64	110.3
829.55	551.42	159.17	110.9
830.6	551.75	159.7	111.5
831.5	552.29	160.38	111.89
832.4	552.83	161.06	112.28
833.3	553.36	161.74	112.68
834.2	553.9	162.42	113.07
835.5	553.4	162.7	114.5
842.5	554.2	157.7	116.02
844.9	558.2	157.3	114.34
847.4	555.8	156.8	119.06
848.6	558.2	157.6	118.98
852.4	558.2	155.8	121.3
853.2	558.85	157	122.97
854	559.5	158.2	124.64
856.7	558.3	157.5	128.16
858.6	559.1	157.6	124.1
862	563	156.2	122.5
862.92	563.04	154.46	124.32
863.84	563.08	152.72	126.14
864.76	563.12	150.98	127.96
865.68	563.16	149.24	129.78
866.6	563.2	147.5	131.6
867.04	563.2	146.4	131.16
867.48	563.2	145.3	130.72
867.92	563.2	144.2	130.28
868.36	563.2	143.1	129.84
868.8	563.2	142	129.4
869.74	563.2	140.88	129.43
870.68	563.2	139.76	129.47
871.62	563.2	138.64	129.5
872.56	563.2	137.52	129.53
873.5	563.2	136.4	129.57
874.64	563.2	132.28	130.15
875.78	563.2	128.16	130.74
876.92	563.2	124.04	131.33
878.06	563.2	119.92	131.91
879.2	563.2	115.8	132.5
881.06	563.2	114.73	133.66
882.92	563.2	113.66	134.82
884.78	563.2	112.59	135.98
886.64	563.2	111.52	137.14
888.5	563.2	110.45	138.3
890.36	563.2	109.38	139.46
892.22	563.2	108.31	140.62
894.08	563.2	107.24	141.78
895.94	563.2	106.17	142.94
897.8	563.2	105.1	144.1
904.5	563.2	98.4	144.1
909.4	563.2	93.5	144.1
910.8	563.2	92.1	144.1
911.75	563.2	91.15	144.1
912.7	563.2	90.2	144.1
914.4	562.12	88.5	143.05
915.3	561.04	87.6	141.99
915.3	559.96	87.6	140.94
915.9	558.88	87	137.22
915.7	557.8	87.2	140.7
916.18	556.74	89.6	139.62
916.65	555.68	92.01	138.54
917.13	554.62	94.41	137.46
917.6	553.56	96.82	136.38
918.1	552.5	99.2	135.3
919.3	551.42	99.58	134.24
920.5	550.34	99.96	133.18
921.6	549.26	100.44	132.12
921.9	548.18	101.72	131.06
924.5	547.1	100.7	130
925.8	546.84	99.58	129.72
925.3	546.58	100.26	129.44
925.6	546.32	100.14	129.16
924.7	546.06	101.22	128.88
927	545.8	99.1	128.6
927.6	545.54	98.88	127.12
927.4	545.28	99.46	125.64
926.2	545.02	101.04	124.16
929	544.76	98.62	122.68
929.4	544.5	98.6	121.2
929.15	544.23	101.39	122.94
928.9	543.97	104.18	124.68
928.65	543.7	106.97	126.42
928.4	543.43	109.76	128.16
926.2	543.17	114.5	129.9
926.2	542.9	117.66	126.55
926.4	542.63	120.62	123.21
926.3	542.37	123.88	119.86
934.6	542.1	118.74	116.51
933.4	541.83	123.1	113.17
934.9	541.57	122.46	111.95
931.6	541.3	126.62	110.74
935.4	541.03	123.68	109.53
934.4	540.77	125.54	108.31
934.2	540.5	126.6	107.1
933.61	540.37	127.19	107.23
933.03	540.23	127.77	107.37
932.44	540.1	128.36	107.5
931.85	539.97	128.95	107.63
931.27	539.83	129.53	107.77
930.68	539.7	130.12	107.9
930.09	539.57	130.71	108.03
929.51	539.43	131.29	108.17
928.92	539.3	131.88	108.3
928.33	539.17	132.47	108.43
927.75	539.03	133.05	108.57
927.16	538.9	133.64	108.7
926.57	538.77	134.23	108.83
925.99	538.63	134.81	108.97
925.4	538.5	135.4	109.1
925.96	537.83	134.84	109.77
926.52	537.15	134.28	110.45
927.08	536.48	133.72	111.12
927.64	535.8	133.16	111.8
928.2	536.3	132.6	111.3
928.86	535.8	131.94	111.8
929.52	534.45	131.28	113.15
930.18	533.1	130.62	114.5
930.84	531.75	129.96	115.85
931.5	530.4	129.3	117.2
932.1	530.4	128.7	117.2
932.7	530.2	128.1	117.4
933.3	529.7	127.5	117.9
935.5	528.05	125.3	119.55
934.5	528	126.3	119.6
935.8	527.3	125	120.3
937.1	526.6	123.7	121
937.7	526	123.1	121.6
938.3	525.4	122.5	122.2
938.9	525.6	121.9	122
939.43	524.95	122.64	121.85
939.97	524.3	123.37	121.7
940.5	523.2	124.11	122
942.7	522.4	123.18	122
943.7	521.6	121.8	122
944.3	520	117.7	122.8
947	518.6	117.88	123.4
947.5	520.4	120.25	120.8
948.8	519	121.82	121.4
948.5	514.4	121.8	125.2
949.4	515.5	121.54	123.3
951.1	514.55	120.48	122.65
952.8	513.6	119.42	122
954.5	512.65	118.36	121.35
956.2	511.7	117.3	120.7
956.2	511.16	117.3	119.64
958.6	510.62	114.9	120.18
961.6	510.08	111.9	120.72
962.1	509.54	111.4	118.86
962.6	509	110.9	121
962.95	507.92	110.55	121.06
963.3	506.84	110.2	121.12
963.8	505.76	109.7	121.18
964.3	504.68	109.2	121.24
966.4	503.6	107.1	121.3
969.3	503.6	105.8	118.08
972.1	503.6	104.6	114.86
975.4	503.6	102.9	111.64
979.5	503.6	100.4	108.42
981.9	503.6	99.6	105.2
985.4	503.6	98.38	106.68
987.4	503.6	98.66	108.16
988.9	503.6	99.44	109.64
989.6	503.6	101.02	111.12
991.1	503.6	101.8	112.6
992.3	503.6	101.6	112.6
991.72	503.6	103.18	112.6
991.14	503.6	104.76	112.6
990.57	503.6	106.33	112.6
989.99	503.6	107.91	112.6
989.41	503.6	109.49	112.6
988.83	503.6	111.07	112.6
988.26	503.6	112.64	112.6
987.68	503.6	114.22	112.6
987.1	503.6	115.8	112.6
989.3	502.4	114.68	109.38
991.5	501.2	113.56	106.16
993.7	500	112.44	102.94
995.9	498.8	111.32	99.72
995.1	497.6	113.2	96.5
996.95	496.52	113.49	96.24
998.8	495.44	113.78	95.98
1000.65	494.36	114.07	95.72
1002.5	493.28	114.36	95.46
1001.3	492.2	117.7	95.2
1004.2	492.2	116.01	95.42
1003.83	492.2	117.58	95.64
1003.45	492.2	119.17	95.86
1003.08	492.2	120.75	96.08
1002.7	492.2	122.33	96.3
1003.56	492.2	122.68	96.52
1004.42	492.2	123.03	96.74
1005.28	492.2	123.37	96.96
1006.14	492.2	123.72	97.18
1007	492.2	124.07	97.4
1007.7	492.2	124.57	97.62
1008.4	492.2	125.08	97.84
1009.1	492.2	125.59	98.06
1009.8	492.2	126.09	98.28
1010.5	492.2	126.6	98.5
1011.7	492.2	123.66	99.44
1012.9	492.2	120.72	100.38
1014.1	492.2	117.78	101.32
1015.3	492.2	114.84	102.26
1016.5	492.2	111.9	103.2
1017.44	492.2	110	104.8
1018.38	492.2	108.1	106.4
1019.32	492.2	106.2	108
1020.26	492.2	104.3	109.6
1021.2	492.2	102.4	111.2
1021.78	491.82	95.42	111.58
1022.36	491.45	88.44	111.95
1022.94	491.07	86.26	112.33
1023.52	490.7	83.58	112.7
1024.1	490.32	81	113.08
1025.73	490.75	73.27	112.65
1027.37	491.17	70.73	112.23
1029	491.6	69.9	111.8
1029.37	491.08	71.03	112.32
1029.73	490.56	71.6	112.84
1030.09	490.05	72.16	113.35
1030.46	489.53	72.72	113.87
1030.82	489.01	73.28	114.39
1031.19	488.49	74.51	114.91
1031.55	487.98	75.75	115.42
1031.92	487.46	74.68	115.94
1032.28	486.94	74.42	116.46
1032.6	486.42	74.5	116.98
1035.3	485.91	71.6	117.49
1037.6	485.39	69.6	118.01
1038.5	484.87	69.75	118.53
1039.4	484.35	69.9	119.05
1040.3	483.83	69.4	119.57
1043.1	483.32	69.9	120.08
1044	484.2	70	119.2
1043.98	485.1	71.02	118.3
1046.3	485.6	69.7	117.8
1046.4	484.2	68.2	119.2
1047.9	485.1	66.2	118.3
1046.7	486.5	69.1	116.9
1048.9	486.5	65.2	116.9
1048.83	486.5	66.07	116.9
1048.75	485.27	66.45	118.13
1048.67	484.03	67.13	119.37
1048.6	482.8	67.7	120.6
1049	484.9	66.2	118.3
1049.4	483.8	66.6	119.2
1049.8	484.5	67.33	118
1050.21	485.5	68.06	116.5
1050.61	484.6	66.89	116.9
1051.01	484.4	67.59	111.8
1051.41	485.4	68.46	111.03
1051.81	484.89	67.99	111.76
1053.1	484.38	68.09	112.5
1053.4	483.87	69.17	113.24
1054.7	483.36	69.26	113.98
1054.92	483.78	70.43	113.78
1055.13	484.2	71.6	113.59
1056.3	484.6	71.82	113.42
1058.4	485	71.11	113.25
1059	484.7	71.89	107.7
1060.2	483.7	72.08	107.1
1061.3	483.9	72.36	101.5
1062.5	482.7	72.55	103.9
1062.7	485.3	71.4	101.1
1064.1	483.9	71.7	103.95
1065.1	484.8	70.5	104.5
1065.4	484.9	70.4	104
1066.8	484.2	70.5	103.4
1068.7	482.5	70	107.1
1071.6	483.8	67.3	107.49
1071.8	485	69	107.98
1072.4	485.3	68	109.36
1073.5	485.1	67.6	107.5
1073.2	486.2	70.5	107.2
1074.44	487.6	69.39	106.73
1075.68	489.2	68.29	106.06
1076.92	489.5	67.18	106.69
1078.16	490.5	69.14	106.61
1082.7	490.1	64.5	107.94
1083.9	490.78	65.7	108.59
1085.1	491.46	66.9	109.24
1085.1	492.14	69.3	109.9
1086	492.82	70.8	110.55
1087.8	493.5	71.4	111.2
1088.8	493.5	71.06	111.2
1090.25	494.45	70.27	110.25
1091.7	495.4	69.48	109.3
1094.1	498.2	67.74	106.5
1096	497.7	66.5	107
1098.7	499.2	65.54	106.3
1100.9	498.3	65.08	108
1101.6	499.17	66.12	107.93
1104.2	500.03	65.26	107.87
1104.4	500.9	66.8	107.8
1105.98	501.47	66.56	108.43
1107.56	502.03	66.32	109.07
1109.14	502.6	66.08	109.7
1110.72	505.2	65.84	108.3
1112.3	503.6	65.6	111.1
1115.6	503.72	64.04	110.98
1117.8	503.84	63.58	110.86
1119.4	503.96	63.72	110.74
1120.5	504.08	64.36	110.62
1118.9	504.2	67.7	110.5
1118.52	507.1	71.16	107.6
1121.4	509.8	71.36	104.9
1122.4	510.2	71.1	104.5
1123.4	510.4	72.3	104.3
1125.8	511.1	72.9	103.6
1126.72	510.95	72.64	103.75
1127.64	510.8	72.38	103.9
1130	511.8	70.68	102.9
1131.3	513.1	70.04	101.6
1133.2	515.3	68.8	99.4
1135.5	515	65.3	99.7
1140.3	514.8	61.2	99.9
1141.2	516.1	60.9	98.6
1145.1	516.8	55.8	97.9
1148.1	518.1	54.9	96.6
1151.4	519.9	51.1	95.87
1151.85	520.9	55.35	95.94
1152.3	520.1	57.2	97.82
1154.6	522.55	59.83	96.44
1156.9	525	62.47	95.06
1159.4	525.57	62.51	94.49
1163.7	526.13	58	93.93
1165.9	529	59.2	91.06
1168.6	527.8	57.2	92.26
1168.1	531.7	58.4	88.36
1171.2	531.86	59	88.97
1172.2	532.02	58.48	89.58
1170.6	532.18	60.55	90.18
1171	533.3	60.63	89.83
1172.9	532.5	59.2	91.4
1168.26	534.8	65.74	88.63
1167.7	535.3	67.68	88.25
1167.13	535.8	69.62	87.87
1166.57	536.3	71.56	87.48
1166	535.3	73.5	88.6
1167.1	536	73.34	87.9
1168.2	536.7	73.18	87.2
1169.3	537.4	73.02	86.5
1168.5	538.2	74.76	85.7
1169.3	538.1	74.9	85.8
1170.25	537.92	73.95	88.3
1171.2	537.74	73	90.8
1171.3	537.56	72.9	93.3
1172.8	537.38	71.4	95.8
1174.8	539.5	69.4	96
1177.75	539.04	68.47	97.4
1180.7	538.58	67.54	98.8
1180.43	539.05	69.83	99.27
1180.17	539.53	72.11	99.73
1179.9	540	74.4	100.2
1181.78	540.15	73.3	100.05
1183.66	540.3	72.2	99.9
1185.54	541.6	71.1	98.6
1190.7	541.3	66.72	98.9
1192.1	541.9	66.1	98.3
1192.9	542.04	65.3	98.16
1194.8	542.18	63.4	98.02
1197.6	544.2	60.6	96
1198.6	545.2	59.6	95
1200.5	542.6	57.7	97.6
1199.74	543.46	57.83	96.74
1198.98	544.32	57.95	95.88
1198.22	545.18	58.08	95.02
1197.46	546.04	59.09	94.16
1196.7	546.9	60.1	93.3
1196.7	547.6	60.3	92.6
1196.7	548.3	60.5	91.9
1196.7	550.6	63	89.6
1196.7	550.1	65.6	90.1
1196.7	550.6	64.8	89.6
1197.86	551.18	66.09	94.6
1199.03	551.76	67.37	99.6
1200.19	552.33	68.31	104.61
1201.35	552.91	68.55	109.61
1202.51	553.49	69.19	114.61
1203.83	553.49	69.37	115.69
1205.15	553.49	70.98	116.77
1206.47	553.49	72.6	117.85
1207.79	553.49	74.21	118.93
1209.1	553.49	77.09	120.01
1211.27	553.88	77.09	120.01
1213.44	554.27	77.09	120.01
1215.62	554.65	77.08	120.01
1217.79	555.04	77.08	120.01
1219.96	555.43	77.08	120.01
1221.66	555.66	77.09	121.71
1223.37	555.9	77.08	123.4
1225.07	556.13	77.09	125.11
1226.78	556.37	77.09	126.8
1228.48	556.6	77.09	128.5
1231.05	560.3	74.37	124.96
1233.61	560.3	71.65	125.11
1237.27	559.83	67.84	125.73
1240.94	559.37	64.01	126.35
1244.6	558.9	60.2	126.97
1245.3	558.9	57.3	126.97
1249.2	558.9	52.8	126.97
1250.9	562.6	51.96	123.27
1250.1	562.29	51.61	123.58
1249.3	561.98	51.25	123.89
1248.5	561.67	50.9	124.2
1247.7	561.37	51.4	124.5
1246.9	561.06	52.1	124.81
1244.2	560.75	55.4	125.12
1242.3	560.44	59.57	125.43
1242.1	561.5	62.03	124.37
1241.9	560.85	64.5	125.02
1241.7	560.2	66.97	125.67
1241.5	559.55	69.43	126.32
1241.3	558.9	71.9	126.97
1242.78	558.9	73.15	126.85
1244.26	558.9	74.41	126.72
1245.74	558.9	75.66	126.59
1247.22	558.9	76.48	126.46
1248.7	558.9	77.2	126.33
1250.77	558.71	76.46	126.32
1252.83	558.51	75.72	126.33
1254.9	558.32	74.98	126.33
1256.97	558.13	74.24	126.32
1259.04	557.93	73.5	126.33
1260.39	557.79	73.5	125.95
1261.75	557.64	73.5	125.59
1263.11	557.49	73.5	125.22
1264.46	557.35	73.5	124.84
1265.82	557.2	73.5	124.48
1266.66	557.65	74.74	124.26
1267.49	558.1	75.98	124.04
1268.33	557.2	77.22	125.17
1269.16	555.35	78.46	127.25
1270	555.35	79.7	129.45
1271.45	556.22	79.7	129.49
1272.91	557.1	79.7	129.52
1274.36	557.97	79.7	129.56
1275.81	558.85	79.7	129.6
1277.27	559.72	79.7	129.64
1278.72	560.6	79.7	129.67
1280.17	561.47	79.7	129.71
1281.63	562.35	79.7	129.74
1283.08	563.22	79.7	129.78
1284.54	564.1	79.7	129.81
1283.6	564.1	81.9	129.91
1282.67	564.1	84.1	130.01
1281.73	564.1	86.3	130.11
1280.8	564.1	88.5	130.21
1281.42	564.1	89.15	130.31
1282.05	564.1	89.78	130.41
1282.67	564.1	90.43	130.5
1283.29	564.1	91.08	130.6
1283.91	564.1	91.72	130.7
1284.54	564.1	92.36	130.8
1284.54	564.1	94.54	131.44
1284.54	564.1	96.72	132.08
1284.54	564.1	98.9	132.72
1284.54	564.1	101.08	133.36
1284.54	564.1	103.26	134
1285.83	564.1	101.97	134
1287.12	564.1	100.68	134
1288.41	564.1	99.39	134
1289.71	564.1	98.09	134
1291	564.1	96.8	134
1291.84	564.1	97.64	134.9
1292.68	564.1	98.48	135.8
1293.52	564.1	99.32	136.7
1294.36	564.1	100.16	137.6
1295.2	564.1	101	138.5
1295.2	564.1	101.84	139.14
1295.2	564.1	102.68	139.78
1295.2	564.1	103.52	140.42
1295.2	564.1	104.36	141.06
1295.2	564.1	105.2	141.7
1295.2	564.1	105.58	142.56
1295.2	564.1	105.96	143.42
1295.2	564.1	106.34	144.28
1295.2	564.1	106.72	145.14
1295.2	564.1	107.1	146
1299.4	564.1	103.44	146.86
1305.3	564.1	98.08	147.72
1308	564.1	95.92	148.58
1310	562.2	94.46	151.34
1309.2	560.8	95.8	153.6
1314.2	562	91.19	152.71
1313.2	561.97	92.58	153.05
1312.2	561.93	93.97	153.4
1310.3	562.62	96.26	153.02
1308.4	563.3	98.55	152.65
1306.5	563.5	100.84	152.76
1304.6	559.9	103.13	156.67
1304.6	558.7	103.52	158.18
1305.5	556.6	103.01	160.59
1301.2	558.3	107.7	159.2
1301.7	558.3	107.9	159.56
1302.2	558.3	108.1	159.92
1302.7	558.3	108.3	160.28
1299.9	558.3	111.8	160.64
1299.43	558.12	112.97	161.18
1298.97	557.94	114.13	161.72
1298.5	557.76	115.3	162.26
1299.6	557.58	114.9	162.8
1299.4	557.4	115.8	163.34
1299.63	557.22	116.27	163.88
1299.87	557.04	116.73	164.42
1300.1	556.86	117.2	164.96
1300.9	556.68	117.1	165.5
1305.4	556.5	113.3	166.04
1305.4	557.7	114	165.2
1308.1	558.7	112.86	165.68
1308.36	558.2	114.16	167.66
1308.62	558.2	115.46	169.14
1308.88	558.1	116.76	170.72
1312.3	557.7	114.9	172.6
1313.76	557.98	114.06	172.78
1315.22	558.25	113.22	172.97
1316.68	558.53	112.38	173.15
1318.14	558.8	111.54	173.34
1319.6	557.7	110.7	174.9
1318.98	558.25	110.86	175.67
1318.36	558.8	111.02	176.44
1317.74	559.35	111.18	177.21
1317.12	559.9	111.34	177.98
1316.5	561.1	111.5	178.1
1319.84	561.8	109.78	179.42
1323.18	562.5	108.06	180.74
1326.52	563.2	106.34	182.06
1329.86	563.9	104.62	183.38
1333.2	565	102.9	184.3
1333.2	565.68	102.9	185.02
1333.2	566.35	102.9	185.75
1333.2	567.03	102.9	186.47
1333.2	567.7	102.9	187.2
1333.2	565.5	102.9	190.8
1333.2	568.2	102.9	189.12
1328.75	567.87	107.35	190.47
1324.3	567.53	111.8	191.83
1326.5	567.2	109.6	193.18
1326.2	567.18	109.9	194.22
1324.6	567.16	111.5	195.26
1324.1	567.14	112	196.3
1323.6	567.12	112.5	197.34
1323.1	567.1	113	198.38
1322	568.9	114.1	197.6
1323.22	569.34	112.88	197.82
1324.44	569.78	111.66	198.04
1325.66	570.22	110.44	198.26
1326.88	570.66	109.22	198.48
1328.1	571.1	108	198.7
1326.35	571.37	108.62	199.17
1324.6	571.65	109.25	199.63
1322.85	571.93	109.87	200.09
1321.1	572.2	110.5	200.56
1319.3	572.2	114.6	201.3
1318.14	573.1	113.46	201
1316.98	574.8	112.42	199.9
1315.82	574.7	109.08	200.6
1314.66	574.6	111.94	201.3
1313.5	572.8	113.1	203.7
1315.7	572.46	110.5	203.9
1316.8	572.12	110.7	204.1
1315	571.78	111.5	204.3
1315	571.44	111.55	204.5
1312.7	571.1	113.9	204.7
1312.4	575	111.1	201.08
1309.8	576.8	116.8	199.56
1310.5	576.6	118.04	200.04
1310.7	575.8	115.32	201.12
1307	575	116.5	202.2
1306.3	575.9	116.28	201.44
1307.3	576.4	114.36	201.08
1307.7	576.3	113.04	201.32
1304.8	576.5	115.02	201.26
1304.6	576.7	112.1	201.2
1303.5	577.2	111.3	200.28
1301.7	578.4	114	198.66
1300.3	578.9	113.7	197.74
1299.3	578.3	111.7	197.92
1297.8	580	111.3	195.8
1296.16	579.35	113.96	196.73
1294.52	578.7	116.62	197.66
1292.88	580.1	119.28	196.54
1291.24	581.2	121.94	195.72
1289.6	578.4	124.6	198.8
1288.58	580.5	121.72	196.7
1287.56	579.78	121.62	197.42
1286.54	579.05	121.51	198.15
1285.52	578.33	121.41	198.87
1284.5	577.6	121.3	199.6
1282.82	577.88	123.82	199.32
1281.14	578.16	126.34	199.04
1279.46	578.44	128.86	198.76
1277.78	578.72	131.38	198.48
1276.1	579	133.9	198.2
1274.7	578.82	135.5	198.38
1273.3	578.64	137.1	198.56
1271.9	578.46	138.7	198.74
1270.5	578.28	140.7	198.92
1269.1	578.1	144.3	199.1
1270.5	578.46	145.2	196.88
1268.4	580.5	144.73	192.98
1266.3	580.3	141.36	191.32
1264.2	580.1	138	189.66
1262.1	579.9	138.8	188
1260.42	579.9	135.38	187.54
1261	582.1	131.1	184.88
1258.57	583	135.03	183.52
1256.7	583.1	133.9	182.96
1254.8	582.7	134	182.9
1253	582.9	136.24	181.3
1251.2	583.1	138.48	179.7
1249.4	583.3	140.72	178.1
1246.2	584.6	141.6	175.4
1243	585.9	143.5	172.7
1240.68	585.9	145.32	171.86
1238.36	584.8	146.54	172.12
1237.7	586.1	149.23	169.98
1236.5	584.9	149.7	170.34
1233.6	585.9	152.38	168.5
1233.12	585.46	149.48	167.82
1231.5	587.8	150.4	164.36
1229.13	587.6	153.27	163.44
1226.77	585.65	153.23	164.27
1224.4	587.6	155.4	157.3
1223.1	587.4	156.71	153.5
1221.8	587.2	158.02	149.1
1218.5	587.1	160	139.9
1219	587.6	161	136.1
1215.1	588.7	165.3	134.5
1213.42	588.8	166.88	121.3
1211.74	589.5	171.24	118.1
1210.06	589.25	174.48	114.15
1208.38	589	177.72	114.2
1206.7	583.7	184.3	112
1204.38	585.4	186.62	114.14
1202.06	582	188.94	121.38
1199.74	582	189.06	125.22
1197.42	579.8	190.78	131.26
1195.1	579.2	189.8	129.6
1192.96	579.1	191.31	130.92
1190.82	577.6	192.81	133.64
1188.68	580.1	194.32	132.36
1186.54	576.8	205.11	136.88
1184.4	579.6	215.9	135.3
1182.82	580.6	217.86	124.2
1181.24	581.6	219.82	118.1
1179.66	584	221.78	113.4
1178.07	586.4	218.73	109.8
1176.49	588.8	220.11	107.8
1174.91	591.97	217.99	106.66
1173.33	595.13	224.22	105.54
1171.76	598.3	230.44	104.4
1170.18	599.7	224.12	102.3
1168.6	600	225.9	106.8
1167.02	601	217.98	106.45
1165.44	602	221.46	106.1
1163.86	603.1	217.54	105.1
1162.28	604.2	223.42	105.2
1163.5	604.7	216.5	100.1
1160.8	606.3	217.4	97.4
1157.54	605.3	216.56	95.2
1155.96	605.1	220.74	98.4
1154.38	604.4	212.62	94.3
1156.1	605.9	205.7	90.7
1154.5	605.12	207.13	90.28
1153.9	604.35	207.57	90.05
1152.2	603.58	209.1	91.92
1149.4	604.8	202.6	95.8
1148.4	604.4	197.8	93.5
1147.4	602.95	201.16	97.03
1146.4	601.5	204.52	100.56
1145.1	601	208.18	103.14
1140.1	599.9	215.54	106.32
1140.5	598.1	209.5	110.2
1138.48	595.1	213.04	112.74
1139.1	592.95	213.94	109.75
1136.2	590.8	218.36	113
1133.3	588.65	222.78	116.25
1130.4	586.5	227.2	119.5
1130.4	586.5	226.82	120.34
1130.4	586.5	226.44	121.18
1130.4	586.5	226.06	122.02
1130.4	586.5	225.68	122.86
1130.4	586.5	225.3	123.7
1129.56	585.3	226.14	123.12
1128.72	584.1	226.98	122.54
1127.88	582.9	227.82	121.96
1127.04	581.7	228.66	121.38
1126.2	580.5	229.5	120.8
1124.24	578.74	228.39	122.02
1122.28	576.98	227.27	123.24
1120.32	575.22	226.16	124.46
1118.36	573.46	225.04	125.68
1116.4	571.7	226.4	126.9
1114.82	569.66	219.88	128.28
1113.24	567.62	218.06	129.66
1111.66	565.58	218.54	131.04
1110.08	563.54	218.02	132.42
1108.5	561.5	217.5	133.8
1108.04	560.76	217.46	133.7
1107.58	560.02	218.22	133.6
1107.12	559.28	216.93	133.5
1106.66	558.54	215.64	133.4
1106.2	557.8	216	133.3
1103.78	556.86	206.92	134.24
1101.36	555.92	197.84	135.18
1098.94	554.98	199.86	136.12
1096.52	554.04	198.88	137.06
1094.1	553.1	211.4	138
1092.14	552.54	207.34	138.56
1090.18	551.98	203.28	139.12
1088.22	551.42	199.22	139.68
1086.26	550.86	195.16	140.24
1084.3	550.3	191.1	140.8
1083.18	549.46	192.52	140.8
1082.07	548.62	194.53	140.8
1080.95	547.79	191.85	140.8
1079.83	546.95	194.52	140.8
1078.72	546.11	197.18	140.8
1077.46	545.28	190.04	140.8
1076.2	544.44	189.7	140.8
1076	545.6	190.9	138.8
1072.2	545.4	193	138.16
1070.4	544.6	197.8	138.13
1067.6	544.3	200.62	126
1064.8	544	203.44	123.2
1064.7	543.5	194.1	113.3
1061.9	542.6	193.6	115.8
1059.1	544.4	195.8	115.7
1057.85	543.25	194.95	116.05
1056.6	542.1	194.1	116.4
1054.2	541.3	197.71	118.6
1051.8	534.7	201.33	126.6
1049.4	533.6	204.94	129.1
1047.44	533.6	203.65	128.08
1045.48	533.6	202.36	127.06
1043.52	533.6	201.08	126.04
1041.56	533.6	199.79	125.02
1039.6	533.6	198.5	124
1037.46	533.6	197.7	121.76
1035.32	533.6	196.9	119.52
1033.18	533.6	196.1	117.28
1031.04	533.6	195.3	115.04
1028.9	533.6	194.5	112.8
1027.22	531.73	197.18	112.07
1025.54	529.87	199.86	111.33
1023.86	528	202.54	110.6
1022.18	528.95	200.32	107.05
1020.5	529.9	198.1	103.5
1018.46	528.32	199.4	101.18
1016.42	526.74	200.7	98.86
1014.38	525.16	202	96.54
1012.34	523.58	203.3	94.22
1010.3	522	204.6	91.9
1008.54	522	205.42	89.94
1006.78	522	206.24	87.98
1005.02	522	207.06	86.02
1003.26	522	207.88	84.06
1001.5	522	208.7	82.1
999.46	520.88	209.34	83.22
997.42	519.76	209.98	84.34
995.38	518.64	210.62	85.46
993.34	517.52	211.26	86.58
991.3	516.4	211.9	87.7
988.5	514.92	214.7	86.08
985.7	513.44	217.5	87.21
982.9	511.96	220.3	88.34
980.1	510.48	223.1	90.77
977.3	509	225.9	93.2
