1379.99	445.61	238.11	98.59
1380	445	238	98
1383	445	238	98
1383	445.48	238	97.02
1384.94	444	238	97
1386.45	444.71	236.45	97
1384.29	445.1	241.21	97
1383.84	445.32	242.06	97
1385.03	445	242	97
1384.13	445.45	246.17	97
1385.1	444.48	246	97
1386.03	445	246	97
1385.36	443.9	246.54	97
1385.03	445.1	248.57	98
1385.74	444.84	249.56	98
1388.74	445	249	98
1386.23	446	250.57	96.5
1387	445	253.6	96
1387.52	441.58	253	101.12
1387.36	442	255.54	101
1389.97	440.45	255	102.05
1389.39	441	257.11	102
1390.68	439.97	257	102
1392.13	439	257	102
1391.94	438.45	257	103.05
1392.42	437.87	259.08	105.63
1393	438	259	105
1393.9	437.03	259	105
1394.06	435.55	261.54	106.05
1396.06	436.1	261	106
1396.52	436.06	261	106
1398.97	436.61	261	106
1398.55	436	262.55	107
1399.23	436.64	262	107
1400.64	437.26	262	107
1403.26	438.65	262	107
1406.06	436.64	259.94	107
1407.71	437.48	259	107
1409.36	437.55	259	107
1412.13	438.03	259	104.47
1410.9	437.06	259	104
1413.42	437.36	259	105.04
1414	439.61	259	105
1415	440	259	105
1415	440	259	105
1417.94	441.03	259	102.47
1419.39	441.16	259	102
1420.68	444.52	259	100.98
1422.61	444.58	259	100
1425	445	257.5	98.5
1425.2	448	257	98
1429	446.94	257	98
1428.42	447.55	257	98
1431.1	447.16	257	98
1431.22	447	257	98
1433.03	448.45	257	97.45
1435.52	447.42	255.98	97
1437.64	446.45	253.46	97
1438.42	446.48	253	97
1440.52	447.9	253	97
1441.13	447.58	253	97
1443	446.55	253	97
1445.29	448	253	97
1446	446.29	253	97
1447.81	447.06	253	97
1449.87	446.39	253	97
1451	446	253	97
1451	447.06	253	97
1451.74	447.48	253	97
1453.77	448.1	253	97
1453.87	448	253	97
1456.9	447	253	97
1457.71	446.9	253	97
1460	447	253	97
1459.81	447.55	253.99	97
1461	447	253	97
1461.55	446.52	254.55	97
1464.97	446.1	254	97
1464.9	446	254	97
1467	446.16	254	97
1467.39	446.03	254	97
1469.97	446.45	254	97
1470.29	446.52	254	97
1470.55	446.48	254	97
1472.19	446.16	254	97
1474	446.81	254	97
1475.19	446.52	254	97
1475.58	445.94	254	97
1477.16	446.61	254	97
1479.03	445.97	254	97
1480.39	445.45	254	97
1482.35	440.87	254	98.53
1483.06	442.03	254	98
1484.19	442.94	253.51	98
1486.68	441.42	253	98
1489	441	253	98
1489.68	439.52	253	98
1490	441	253	98
1491.13	439.74	253	97.46
1491.26	439.48	253	97
1493.81	438.52	251.49	97
1495.77	438.1	251	97
1495.61	437.9	251	97
1498.42	438.9	248.98	97
1500.1	439	248	97
1502.16	439.03	248	94.97
1503.26	437.16	246.44	96.54
1505	438.03	246	94.97
1507.36	438.58	244.94	94.52
1508.32	440.39	244	94
1509.42	441.97	244	94
1511.06	440.55	242.44	93.95
1511.2	441.61	242	93.99
1513.87	443.19	239.43	93
1515	446.61	238.5	88.89
1516.5	446.48	239.4	87.02
1517.3	447.61	238.9	86.99
1518.6	447	237.4	86.5
1520.42	447.61	236.18	86
1522.26	447.81	235.24	86
1524.03	447.58	235.17	86
1524.45	446	234.65	86.5
1528.19	447	234	86
1531.55	446.97	229.85	86
1532.55	447	229	86
1535	446.55	226.9	86
1536.32	446.03	226	86
1538.61	446.48	226	86
1542.68	447.07	222.42	86
1542.03	446.55	224.57	86
1545.1	447.61	224	86
1546	447	224	86
1549.81	448.32	218.79	86
1551.61	447.84	218	86
1552.64	447.65	217.46	86
1554.68	448.1	217	86
1558.13	446.68	214.37	86
1558.29	446.77	214	86
1560.16	447.06	214	86
1561.48	448.42	214	86
1564.45	448.22	211.45	86
1565.39	448.64	211	81.86
1565.97	447.45	211	80.45
1569	447.03	206.9	77.47
1570.84	448.06	206	77
1571.19	447.52	200.31	81.08
1574.32	448.64	161.28	82.06
1577.23	449.03	153.27	83.07
1578.52	448	166.38	83
1580.39	447.71	181.51	83
1581.06	448.06	196.44	83
1582.68	448.48	201.12	83
1586.09	450.39	197.91	83
1588.23	449.42	197	83
1588	449.06	197	83
1589.58	450	197	83
1592.03	449.94	197	83
1592.48	449.45	197	83
1595.68	448.52	193.92	83
1596.55	448	193	83
1598.84	449.06	189.86	83
1601.06	449.48	189	83
1603.42	449.77	188.48	83
1604.97	450.48	185.93	83
1606.9	450.77	185	83
1607.8	450.42	185	83
1609	450.42	185	83
1608.74	451.55	185	83
1613.06	451.06	185	83
1613	451	182.9	83
1616.16	451.03	180.94	83
1617.29	451.13	180	83
1620.29	451.16	177.91	83
1621	452	177	83
1622.13	451.97	177	83
1623.42	451.52	177	83
1626.58	451.55	171.82	83
1628.1	453	171	83
1629.55	452.55	171	83
1629.77	451.9	171	83
1632.13	450.94	171	83
1632.64	451.52	171	83
1632.94	451.52	171	83
1633.9	452.13	171	83
1636.77	452.45	171	83
1638.97	452.48	171	83
1639.74	451	164.76	83
1640.97	452	164	83
1643.68	452	164	83
1642.3	452.94	161.96	83
1645	451.94	161	77.36
1645.84	451.13	161	77
1648.39	452.26	158.91	72.84
1650.36	452.22	159.54	77.08
1651.29	453.03	137.78	76.07
1653.1	452.87	158.1	80.73
1654.1	452.06	162.75	79.64
1654.9	451.64	163	78.16
1658.39	452.52	160.41	83.18
1659.74	451.26	160	83
1660.45	450.9	158.95	83
1664.13	451.61	156.43	81.49
1666.16	451	152.74	83
1666	452	152	83
1669.13	452	150.47	83
1668.58	451.36	150	83
1671.06	450	150	83
1672.68	451.48	150	83
1674.84	451.32	150	83
1676.16	451.52	150	80.98
1678.26	450.58	147.94	83
1678.39	450	147	83
1679.9	450.64	147	81.96
1682.61	450.68	147	82.52
1683.61	450.58	147	84.02
1685.19	450.97	146.51	83.93
1687	451	142.8	87
1688.03	451.97	142	87
1689.84	449.94	142	87
1691.68	450.64	142	87
1694.58	451.1	139.92	87
1695.19	449.06	139	87
1697.55	448.97	139	87
1698.48	448.64	139	87
1698.36	449.45	139	87
1702.06	450	139	87
1703	449.97	139	87
1704.71	449	136.39	87
1708.1	449.48	131.4	87
1707.97	449.94	131	87
1709.55	448.58	131	87
1711.64	448.45	131	87
1712.16	448.52	129.94	87
1712.29	448.52	129	87
1717.06	448	125.44	87
1716.97	447.45	125	87
1719	448.03	125	87
1719.64	446.97	125	87
1723.29	446.45	122.41	87
1723.45	446	119.3	87
1724.71	445.48	121.59	91.62
1726.74	445.61	121	92.19
1728.22	445	121	92
1728.46	444.01	121	92
1729.6	443.6	119.2	94.1
1732.09	443.01	117.81	94
1732.05	443.99	117	94
1734.83	443.7	117	94
1737	444	115.2	94
1738	443.7	114.4	94.9
1738.7	443.09	114	95.81
1740.58	442.79	114	95
1742.18	442.6	112.22	95
1743	444	112	95
1744.42	444.3	112	95
1744.81	443.7	112	95
1746.97	443.1	112	95
1748.35	441.18	110.25	95
1749.88	441.4	107.92	95
1751.28	441.24	107	95
1752.99	441.99	104.71	95
1752.99	441.99	106.01	95
1751.74	441.74	106	95
1753.03	442.32	106	95
1754.01	441.74	106	95
1753.56	442.27	106	95
1754	441.99	106	95
1754.51	442	106	95
1752	441.49	110.7	95
1759.23	441.48	106.47	95
1759.52	443.03	106	95
1756.02	441.49	106	95
1756.76	441.26	106	95
1758.98	441.99	106	96.71
1759.73	441.75	106	96.95
1759.97	441.25	106	96
1759.75	441.51	106	96
1761.04	440.73	106	96
1759.5	440.52	106	96
1761	441	106	97.5
1760.99	440.55	106	98.45
1761.7	440.76	106	98
1761.25	440.8	106	98
1760.49	440.98	106	98
1761	440.51	106	98
1762	441	106	98
1761	441	106	98
1763.49	439.49	106	98
1765	439	106	99.7
1765	439.49	106	98
1765	440	106	98.2
1765.25	439.99	106	98
1764.41	439.96	106	99.24
1767	439.99	106	103.01
1766.26	439.99	106	102.01
1766.5	440	105.51	100.3
1766	439	105	100
1767.24	439.24	105	100
1767.25	439.51	105	100
1768	440	105	100
1768.51	439	105	100
1768.75	438.99	105	100
1767.99	438.25	105	100
1770.74	439.74	105	100
1770.49	438.76	105	100
1770.52	438.49	105	100
1769	438.49	105	100.51
1771.48	438.28	104.22	100
1772.24	437.97	104	101.23
1774.8	438.17	98.8	101
1775	437	99.7	102
1775.25	437.98	99	102
1775.45	438.53	99	102
1775.92	437.43	99	102
1775.52	438.22	99	103.28
1775.75	438.49	100.95	103
1775.5	438.01	103	103
1775.47	438.48	103	103
1776.55	438.26	103.55	104.54
1776.5	438.74	103	104
1776.94	438.8	101.46	104
1778	438.74	101	104
1777.99	438.26	101	104
1776.99	438.97	101	104
1776.99	438.75	101	104
1777.54	439.43	101	104
1777.26	438.3	101	104
1776.85	437.86	101	106.14
1778.73	438.44	101	106.86
1777.69	438.01	101.91	106
1778.88	439	101	106
1777	438.85	101	106
1778	440.16	101	106
1778.85	438.71	101	106
1778.28	439.59	101	106
1777.42	438.86	104.48	106
1779	440	104	106
1776.7	439.58	105.7	107.72
1777.91	438.68	106.69	108.12
1777.72	438.2	106.48	109.67
1778.1	439.01	106.9	109
1777	434.7	110.7	113.3
1775.85	433.4	111.75	113.9
1776.01	435	111	113
1776.57	435	112.33	113
1776.28	434.1	112.82	113.9
1775.85	433.71	113.75	113
1776	436.16	117.7	113
1776	435	117	113
1776.16	433.99	119.14	115.11
1774.87	433.27	122.13	113
1775.15	434.72	124.15	113
1774.55	436.58	127.05	113
1774.59	432.98	128.31	115.62
1774.57	436.59	128	115
1774.58	435.71	129.72	115
1774.21	436.1	129	115
1774.14	433.99	132.46	115.81
1773.87	435.58	133.33	115
1774.29	435.86	133	115
1773.29	434.85	134.71	116.25
1773	432.13	136.6	117.67
1772.9	434.12	137.27	117.38
1773	433	137	117
1772	433	137	117
1772	433.86	135.3	117
1771.56	433.28	135	115.72
1770.91	431.7	142.29	117.97
1771.14	431.1	142.46	117.9
1772	434	143.7	114.43
1771.31	435.7	142.59	112.27
1770.29	436	142	112
1770.42	435.7	143.28	111.59
1771	435.72	143	111
1770	436	143	111
1769.28	436.9	144.32	110.1
1769.91	436.66	144	112.54
