446.61	1498.92	513.43	303.3
445.16	1498.56	508.03	303.3
443.72	1498.2	502.62	303.3
442.27	1497.84	497.21	303.29
438.9	1499.29	499.52	300.61
442.24	1498.62	500.39	301.06
445.58	1497.96	501.25	301.51
448.92	1497.3	502.12	301.95
452.26	1496.64	502.98	302.4
455.6	1495.98	503.84	302.84
459.2	1495.31	504.45	303.3
466	1492.24	508.56	304.93
475.6	1484.66	493.03	311.04
484.7	1482.16	483.64	313.94
487.6	1476.04	488.06	314.76
482.72	1474.14	489.58	315.56
477.85	1472.24	491.1	316.36
472.97	1470.33	492.63	317.17
469.6	1464.82	492.9	321.58
463.97	1462.92	486.88	322.38
458.34	1461.01	480.86	323.19
455.16	1459.39	501.84	322.01
448.98	1457.76	500.74	322.83
442.8	1456.14	499.64	323.64
436.61	1454.51	498.55	324.46
430.43	1452.89	497.45	325.27
424.25	1451.27	496.35	326.07
414.45	1449.64	499.71	326.89
409.47	1448.02	503.07	327.7
404.49	1446.39	506.43	328.52
399.52	1444.77	509.78	329.33
401.77	1440.33	507.08	330.97
404.03	1435.89	504.37	332.61
403.35	1434.84	503.92	332.01
409	1431.98	503.46	332.92
414.64	1429.12	503.01	333.83
420.28	1426.26	502.55	334.74
428.4	1424.76	502.1	333.01
438.03	1422.05	499.87	333.05
443.6	1421.6	500.3	333.15
449.16	1421.15	500.74	333.25
453.83	1420.8	499.76	332.72
460.8	1422.46	498.79	332.18
462.92	1421.87	497.81	331.63
465.04	1421.27	496.84	331.09
466.85	1416.46	494.95	338.64
465.42	1420.32	494.16	336.48
463.99	1424.17	493.37	334.33
462.56	1428.03	492.58	332.17
461.13	1431.88	491.79	330.02
459.69	1435.74	491.01	327.86
459.39	1436.04	494.54	327.64
459.09	1436.34	498.08	327.42
458.79	1436.64	501.61	327.2
458.83	1443.26	502.99	323.34
461.43	1441.6	503.46	323.73
464.03	1439.95	503.93	324.1
466.63	1438.3	504.4	324.48
469.23	1436.64	504.87	324.86
470.48	1437.69	508.07	325.26
471.73	1438.75	511.27	325.65
475.64	1434.46	508.04	327.23
479.55	1430.57	504.81	333.33
486.2	1430.75	498.84	334.35
489.7	1419.19	496.02	345.31
494.43	1421.32	495.28	344.66
499.16	1423.45	494.55	344.02
503.88	1425.58	493.82	343.37
506.2	1427.72	488.87	342.71
508.52	1429.85	483.91	342.07
510.84	1431.98	478.96	341.42
513.7	1434.16	478.96	339.91
516.56	1436.34	478.96	338.39
519.42	1438.52	478.96	336.88
522.28	1440.7	478.96	335.81
525.14	1442.89	478.96	334.74
527.99	1445.07	478.97	333.67
530.85	1447.25	478.97	332.61
533.71	1449.43	478.97	331.54
536.57	1451.61	478.97	330.48
539.43	1453.79	478.97	329.41
543.11	1453.02	478.29	330.56
546.8	1452.26	477.6	331.7
550.49	1451.49	476.91	332.85
554.17	1450.72	476.23	334
557.86	1449.95	475.54	335.15
561.54	1446.66	474.88	339.56
565.23	1443.36	474.21	343.98
568.92	1440.07	473.54	348.39
572.6	1436.77	472.88	352.81
576.29	1433.48	472.21	357.22
578.69	1437.69	482.01	353.09
581.1	1441.9	491.8	348.96
578.09	1446.12	507.11	344.82
581.27	1450.33	513.53	340.69
584.45	1454.54	520.1	336.56
587.63	1458.75	526.67	332.43
590.81	1462.96	531.39	328.3
594	1467.18	529.95	324.16
597.18	1471.39	528.52	320.03
600.36	1475.6	520.34	313.2
600.06	1473.49	535.04	313.47
599.76	1464.17	536.74	318.23
603.97	1462.96	538.46	317.94
605.73	1457.24	534.77	317.65
605.23	1452.28	536.92	324.57
604.74	1447.32	539.06	331.48
602.89	1449.12	541.91	327.59
601.04	1450.93	544.76	323.69
599.2	1452.73	547.6	319.8
597.35	1454.54	550.45	315.9
595.32	1453.26	542.78	316.2
593.29	1451.98	535.11	316.5
591.26	1450.7	527.44	316.8
584.5	1447.28	526.6	317.09
577.74	1443.85	531.41	317.39
570.98	1440.42	536.22	317.69
564.22	1436.99	537.88	318
557.46	1433.56	539.54	318.3
550.7	1430.14	536.7	318.59
543.94	1426.71	533.86	318.89
534.39	1412	532.58	330.14
524.84	1406.28	540.36	332.4
519.8	1404.17	533.4	331.03
509.6	1397.94	523.5	333.76
504.82	1391.7	508.68	332.9
494.44	1385.46	502.16	336.44
479.32	1379.22	506.89	339.96
469.02	1373.88	510.12	342.57
458.71	1368.54	513.36	345.19
448.41	1363.2	516.59	347.8
437.51	1360.3	513.42	349.05
430.11	1361.91	510.26	343.99
420.57	1359.35	510.73	344.25
413.87	1355.76	507.04	346.54
409	1352.16	507.84	348.84
405	1348.57	507.77	351.13
405.73	1344.97	502.98	353.43
406.47	1341.38	498.17	355.72
407.2	1337.78	493.37	358.02
411.55	1334.19	484.95	360.31
416.14	1332.89	475.26	361.99
420.73	1331.6	465.57	363.66
425.32	1334.27	454.08	361.37
429.91	1336.95	443.49	359.07
433.59	1339.62	424.91	356.78
434.75	1342.3	431.95	354.48
433.68	1344.97	436.72	352.19
432.6	1347.65	441.5	349.89
426.96	1350.32	441.84	347.6
457.44	1352.99	424.06	345.31
460.23	1353.82	425.64	345.98
463.02	1354.65	427.21	346.65
465.81	1355.48	428.79	347.32
468.6	1356.3	430.37	348
469.3	1355.25	439.15	349.05
473.4	1354.2	444.71	350.1
477.7	1353.14	447.14	351.16
482	1352.09	449.57	352.21
488.15	1351.04	444.73	353.26
494.29	1349.98	439.91	354.32
500.69	1342.39	433.81	364.02
507.08	1334.79	427.72	373.73
513.48	1327.2	421.62	383.43
519.87	1319.6	415.53	393.14
526.56	1319.6	403.57	395.25
533.26	1319.6	391.61	397.36
539.96	1319.6	379.64	399.47
546.05	1316	367.95	405.18
552.14	1323.21	357.66	400.08
558.23	1330.43	347.37	394.97
560.94	1329	343.26	397.45
563.65	1333.59	332.25	393.91
566.36	1337.3	327.14	391.25
569.06	1325.8	313.04	403.8
571.77	1333.22	317.88	397.43
574.48	1340.63	322.72	391.07
577.19	1348.05	327.56	384.7
579.9	1355.46	332.4	378.34
582.6	1362.88	337.25	371.97
585.31	1370.29	342.09	365.61
587.57	1370.22	343.89	366.8
589.83	1370.14	345.69	368
597.7	1370.07	334.88	369.23
599.5	1369.09	333.1	369.51
608.7	1369.16	321.37	370.84
610.34	1369.24	334.56	372.18
611.98	1369.31	351.82	373.53
613.62	1369.39	357.28	374.87
615.26	1369.47	358.69	376.21
616.9	1369.54	360.1	377.56
616.46	1370.44	359.34	378.32
616.01	1371.35	358.59	379.07
616.3	1364.1	348.7	387.98
612.52	1366.17	343.98	387.57
610.99	1368.23	339.11	387.17
609.46	1370.3	334.24	386.76
604.55	1376.9	324.15	381.82
599.65	1377.5	339.05	382.88
594.74	1378.03	352.56	384.01
589.83	1378.57	366.07	385.13
592.2	1376.91	373.55	381.22
591.02	1377.97	371.04	377.3
605.06	1375.98	368.54	377.92
613.7	1364.05	366.03	390.55
628.65	1362.81	363.52	382.69
643.6	1361.57	361.02	374.83
658.55	1361.68	358.51	367.17
673.51	1361.8	356	359.5
688.46	1361.91	353.49	352.74
703.41	1362.02	350.99	345.98
718.38	1361.87	359.52	340.03
733.15	1334.64	358.85	357.06
743.86	1330.65	369.04	352.75
745.28	1334.92	385.12	356.58
746.7	1339.19	376.25	358.16
748.12	1343.45	367.38	359.75
747.74	1351.33	346.76	350.47
749.76	1356.2	380.64	341.2
751.79	1354.74	410.51	339.16
753.81	1360.52	418.69	322.68
751.33	1361.42	436.27	320.65
748.85	1362.32	453.85	318.62
742.76	1363.22	474.14	313.88
740.79	1372.25	480.71	306.85
738.82	1371.8	475.65	306.1
736.85	1371.35	470.58	305.35
734.89	1370.9	465.51	304.6
732.92	1370.44	460.45	303.86
730.95	1369.99	455.38	303.11
728.99	1369.54	450.31	302.36
733.8	1369.47	445.8	299.73
738.62	1369.39	423.48	301.11
743.43	1368.71	424.67	302.49
748.25	1368.04	425.85	303.86
753.06	1367.36	427.04	305.24
757.88	1364.93	426.32	306.57
762.69	1365.9	425.56	307.95
767.5	1366.86	424.8	309.34
772.32	1367.82	424.03	310.73
777.13	1368.79	423.27	312.11
773.45	1366.68	434.45	313.02
769.76	1364.58	456.44	313.92
766.07	1362.47	462.23	314.83
762.39	1360.36	458.58	315.74
758.7	1358.26	454.93	316.64
755.02	1356.15	451.28	317.55
746.82	1354.04	454.28	318.46
744.64	1351.94	451.23	319.36
742.46	1349.83	448.17	320.27
740.27	1347.73	445.13	321.17
736.29	1348.03	443.17	320.34
734.15	1347.42	441.22	319.52
732.02	1346.82	439.26	318.68
733.95	1347.38	435.04	317.85
735.88	1347.94	430.82	317.02
737.81	1348.5	426.14	314.83
739.74	1349.06	421.46	312.64
741.68	1349.62	422.82	312.71
743.61	1350.18	424.19	312.79
745.54	1350.73	425.56	312.87
752.46	1350.66	421.04	313.54
759.38	1350.58	416.52	314.22
766.3	1350.51	414.36	314.89
773.22	1350.43	412.2	315.57
780.14	1350.36	410.04	316.24
787.06	1350.28	407.88	316.92
793.98	1350.21	405.72	317.59
800.9	1350.13	397.3	318.27
807.82	1350.06	388.88	318.94
814.74	1349.98	380.46	319.62
825.12	1341.9	376.88	328.6
835.51	1345.81	377.76	327.39
845.89	1349.71	378.64	326.19
856.27	1353.62	379.53	324.98
866.65	1366.11	383.15	312.49
877.03	1378.6	386.77	300
887.41	1378.22	383.39	297.68
897.79	1377.83	370.38	298.97
908.17	1377.45	357.36	300.25
918.55	1377.06	344.35	301.54
921.26	1373	336.64	303.57
923.97	1368.94	356.73	305.6
929.38	1357.65	380.62	307.65
942.54	1352.82	368.96	315.98
943.05	1350.09	367.15	317.01
943.57	1347.36	368.93	317.94
944.08	1344.63	359.4	318.92
944.6	1341.9	349.85	319.9
945.12	1339.17	340.31	320.88
945.63	1336.44	330.77	321.86
943.53	1335.24	314.77	317.56
941.42	1329.53	319.78	321.77
950.15	1324.37	328.95	321.83
946.49	1324.38	326.96	320.86
942.84	1324.38	324.96	319.91
939.18	1324.39	314.1	318.94
935.53	1324.39	303.23	317.98
931.88	1324.4	292.36	317.01
928.23	1324.4	281.49	316.06
924.57	1324.41	270.63	315.09
919.01	1310.34	258.39	320.16
917.45	1305.79	254.45	324.71
915.9	1301.25	250.5	329.25
914.34	1296.7	246.56	333.8
912.79	1300.7	251.21	329.8
911.23	1287.2	252.27	343.3
909.68	1287.5	244.27	343
908.12	1287.8	236.28	342.7
906.57	1289.9	243.53	340.6
905.01	1301.1	234.59	329.4
904.64	1302.08	239.94	329.02
904.26	1303.05	245.3	328.65
903.89	1304.03	250.65	328.27
903.51	1305.01	256.01	327.89
903.13	1305.98	261.37	327.52
902.76	1306.96	259.14	327.14
902.38	1307.94	256.92	326.76
902.01	1308.92	254.69	326.38
901.63	1309.89	252.47	326.01
901.26	1310.87	250.24	325.63
901.93	1305.08	252.57	331.95
902.61	1299.3	254.89	338.26
894.26	1300.63	262.54	337.46
885.91	1301.95	270.19	336.67
877.55	1303.28	277.85	335.87
869.2	1304.6	285.5	335.08
870.8	1303.8	292.3	336.41
872.4	1304	295.6	336.74
874.9	1302.8	296.3	338.47
861.1	1308.9	305.1	332.9
843.4	1306.6	330.6	335.27
825.7	1309.7	354.2	332.24
829.86	1310.5	342.24	331.51
834.02	1316.7	343.88	325.38
838.18	1308.5	344.52	333.65
842.34	1308.1	346.96	334.12
850.11	1312.7	348.59	329.59
857.88	1313.6	346.52	328.76
865.65	1316.37	336.35	326.06
873.42	1319.14	326.18	323.36
880.18	1320.12	319.57	323.21
886.95	1321.1	312.95	323.06
893.71	1322.08	306.34	322.91
900.47	1323.06	299.73	322.76
907.24	1324.04	293.11	322.61
914	1325.01	286.5	322.47
917.6	1325.99	283.05	322.32
919.8	1326.97	281	322.17
922.6	1327.94	278.35	322.03
920.06	1328.92	281.04	321.88
917.73	1330.11	286.17	321.44
915.4	1331.3	291.3	321
903.47	1331.94	300.93	321.11
894.9	1332.59	310.55	321.21
886.33	1333.23	320.17	321.32
878.94	1333.87	329.79	321.43
871.54	1334.51	339.41	321.54
860.08	1335.16	349.04	321.64
858.1	1335.8	358.66	321.75
856.12	1336.44	368.28	321.86
860.86	1337.49	359.84	322.54
865.6	1338.55	351.4	323.22
870.34	1339.6	342.96	323.9
870.82	1340.65	342.18	324.55
863.93	1341.7	337.27	325.2
862.82	1342.76	341.05	325.88
861.71	1343.81	344.84	326.57
863.61	1344.87	343.19	327.23
865.51	1345.92	349.69	327.93
867.41	1346.97	356.19	328.63
873.5	1349.3	361.1	327.73
879.59	1351.63	358.46	326.83
885.69	1353.96	355.81	325.93
899	1356.29	347.38	325.03
906.6	1358.63	333.09	324.12
914.2	1360.96	318.8	323.22
917.73	1363.29	313.3	322.32
921.27	1365.62	307.78	321.42
924.8	1367.96	302.28	320.51
928.34	1370.29	296.76	319.61
935.71	1371.79	286.19	316.01
947.09	1373.19	277.21	317.41
956.44	1373.58	263.36	318.82
960.12	1349.6	254.48	345.5
959.59	1354.05	248.01	342.7
959.05	1358.5	241.55	339.9
958.52	1351.22	233.48	343.38
957.99	1355.07	236.61	341.13
957.45	1353.95	233.85	347.55
956.92	1376.3	245.58	328.6
922.27	1364.19	283.03	341.91
912.9	1360.5	301.2	346.2
892.7	1354.1	319.4	353.2
892.35	1353.12	317.65	361.08
889.08	1352.06	317.12	360.44
874.97	1347.39	329.33	367.91
876.62	1348.39	314.38	367.01
875.6	1347.09	306.72	362.04
888.09	1349.45	298.11	370.55
889.97	1341.85	287.53	374.65
887.56	1340.41	290.34	376.74
885.16	1338.96	293.14	378.84
886.47	1337.29	295.39	377.55
888.56	1335.24	294.94	384.36
891.25	1338.45	293.72	382.92
893.94	1341.66	292.49	381.47
896.63	1344.87	291.27	380.03
900.2	1341.76	287.1	382.54
894.33	1348.12	299.07	375.53
888.46	1354.49	311.04	368.51
881.54	1355.99	322.16	368.36
874.62	1357.5	333.28	368.2
867.7	1359	344.4	368.05
860.78	1360.51	351.66	367.89
853.86	1362.01	358.93	367.74
846.94	1363.52	366.19	367.58
840.02	1365.02	373.45	367.43
833.1	1366.52	380.71	367.28
826.18	1368.03	387.98	367.12
819.26	1369.53	395.24	366.97
813.02	1369.53	402.61	366.97
806.77	1369.53	409.99	366.97
800.53	1369.53	417.36	366.97
794.29	1369.53	424.73	366.97
788.04	1369.53	432.11	366.97
781.8	1369.53	439.48	366.97
775.56	1369.53	446.85	366.97
769.31	1369.53	454.23	366.97
763.07	1369.53	461.6	366.97
756.83	1369.53	468.97	366.97
750.51	1369.76	471.82	366.36
744.19	1369.99	474.68	365.75
737.87	1370.21	477.53	365.15
731.55	1370.44	477.38	364.54
725.23	1370.66	477.23	363.94
718.91	1370.89	477.08	363.33
712.6	1371.11	476.91	362.73
706.28	1371.34	476.76	362.12
699.96	1371.56	476.61	361.52
693.64	1371.79	476.46	360.91
687.02	1370.66	475.78	361.81
680.4	1369.53	475.1	362.71
673.78	1368.4	474.42	363.61
667.16	1367.28	473.74	364.5
660.54	1366.15	472.61	365.4
653.92	1365.02	471.48	366.3
647.3	1363.89	470.35	367.2
640.69	1362.76	469.21	368.1
634.06	1349.9	472.84	380.73
627.45	1351.5	476.45	378.9
619.55	1351.87	480.14	378.61
611.65	1352.25	483.83	378.31
603.75	1352.62	487.51	378.02
595.85	1353	491.2	377.72
587.95	1353.37	494.89	377.43
580.06	1353.75	498.57	377.13
572.16	1354.12	502.25	376.84
564.26	1354.49	505.94	376.55
556.36	1354.87	508.49	376.25
548.46	1355.24	511.04	375.96
541.17	1356.52	512.46	375.21
533.87	1357.8	513.89	374.46
526.57	1359.08	515.32	373.71
519.28	1360.36	516.74	372.96
511.98	1361.64	518.17	372.21
504.68	1362.91	519.6	371.47
497.39	1364.19	521.02	370.72
490.09	1365.47	522.45	369.97
482.79	1366.75	523.88	369.22
475.5	1368.03	525.3	368.47
471.36	1368.78	520.49	367.12
467.22	1369.53	515.68	365.77
463.09	1370.29	510.86	364.41
458.95	1371.04	506.05	363.06
454.81	1371.79	501.24	361.71
450.67	1372.54	496.43	360.36
446.54	1373.3	491.61	359
442.4	1374.05	486.8	357.65
438.26	1374.8	481.99	356.3
434.12	1375.55	477.18	354.95
432.39	1375.93	472.29	353.54
430.66	1376.3	467.4	352.13
428.93	1376.68	462.51	350.72
427.2	1377.06	457.62	349.31
425.47	1377.43	452.73	347.9
423.74	1377.81	447.84	346.49
422.01	1378.19	442.95	345.08
420.28	1378.56	438.06	343.67
418.55	1378.94	433.17	342.26
416.82	1379.31	428.28	342.89
416.52	1380.22	421.43	340.02
416.22	1381.12	414.58	337.16
415.92	1382.02	407.73	334.3
415.62	1382.92	400.88	331.44
415.32	1383.83	394.03	328.57
415.02	1384.73	387.18	325.71
414.72	1385.63	380.33	322.85
414.42	1386.53	373.48	319.99
414.12	1387.44	366.63	317.12
413.81	1388.34	359.79	314.26
415.02	1386.23	352.93	313.59
416.22	1384.13	346.08	312.91
417.43	1382.02	339.22	312.24
418.63	1379.91	332.37	311.57
419.83	1377.81	325.52	310.89
421.04	1375.7	318.66	310.22
422.24	1373.59	311.81	309.55
423.44	1371.49	304.96	308.87
424.65	1369.38	298.1	308.2
425.85	1367.28	291.25	307.52
425.92	1368.4	288.85	303.92
426	1369.53	286.44	300.31
421	1370.66	282.77	296.7
415.99	1371.79	279.11	293.09
414.38	1372.92	280.5	289.48
412.76	1374.04	281.89	285.88
411.14	1375.17	283.29	282.27
409.53	1376.3	284.67	278.66
405.43	1377.43	296.24	275.05
401.33	1378.56	307.81	271.44
397.38	1378.56	304.62	268.51
393.44	1378.56	305.39	265.58
389.5	1378.56	306.17	262.65
385.56	1378.56	306.94	259.72
381.62	1378.56	307.71	256.79
377.68	1378.56	308.49	253.86
373.74	1378.56	309.26	250.93
369.79	1378.56	310.04	248
365.85	1378.56	310.82	245.07
361.91	1378.56	311.59	242.14
367.28	1381.8	303.64	235.58
372.65	1384.1	295.7	229.95
378.01	1312.3	287.76	298.43
395.1	1322.35	268.09	285.06
401.4	1332.4	259.21	271.69
412.6	1334.97	245.43	265.8
413.15	1337.54	242.31	259.9
413.7	1340.11	239.18	254.01
410.2	1342.68	240.1	248.12
413.06	1338.69	237.54	242.14
423.4	1329.08	228.91	250.25
430.1	1319.47	223.92	258.36
448.8	1294.5	206.93	281.82
447.48	1287.45	207.69	287.37
446.17	1280.4	208.43	292.92
444.85	1273.34	212.6	298.47
443.53	1266.29	216.77	304.02
442.21	1259.24	220.94	309.56
440.9	1252.19	225.1	315.11
435.56	1247.82	234.28	315.57
430.22	1243.46	243.46	316.02
424.87	1239.1	252.65	316.47
419.53	1234.73	261.83	316.93
414.19	1230.37	271.01	317.38
408.85	1226.01	280.19	317.83
403.51	1221.65	289.37	318.28
398.17	1217.28	298.55	318.74
392.83	1212.92	307.73	319.19
387.49	1208.56	316.91	319.64
389.3	1204.95	318.41	319.34
391.1	1201.34	319.92	319.04
392.91	1197.72	321.42	318.75
394.71	1194.11	322.93	318.45
396.52	1190.5	324.43	318.15
398.32	1186.89	325.94	317.85
400.13	1183.28	327.44	317.55
401.93	1179.67	328.95	317.25
403.74	1176.06	330.45	316.95
405.54	1172.45	331.96	316.65
408.32	1169.07	331.58	317.25
411.11	1165.68	331.19	317.86
413.89	1162.3	330.81	318.46
416.67	1158.91	327.43	318.61
419.46	1155.53	324.04	318.75
422.24	1152.14	320.66	318.9
425.02	1148.76	317.28	319.04
427.81	1145.37	313.89	320.26
430.59	1141.99	310.51	321.48
433.37	1138.6	307.13	322.7
435.33	1136.35	303.21	322.62
437.28	1134.09	299.3	322.55
439.24	1131.83	295.38	322.48
441.2	1129.58	291.46	322.4
443.15	1127.32	287.55	322.33
445.11	1125.06	283.63	322.26
447.06	1122.81	279.72	322.18
449.02	1120.55	275.8	322.11
450.98	1118.29	271.88	322.04
452.93	1116.04	267.97	321.96
454.29	1120	255.48	316.42
455.64	1122.7	243	312.14
456.99	1118.5	230.52	314.76
458.35	1126.4	218.03	305.28
459.7	1127.1	205.55	303
461.06	1174.39	193.06	254.13
462.41	1221.68	180.58	205.26
463.76	1268.96	168.1	156.4
465.12	1316.25	155.61	107.53
466.47	1363.54	143.13	58.66
0.00	0.00	0.00	0.00
0.00	0.00	0.00	0.00
0.00	0.00	0.00	0.00
0.00	0.00	0.00	0.00
0.00	0.00	0.00	0.00
0.00	0.00	0.00	0.00
0.00	0.00	0.00	0.00
0.00	0.00	0.00	0.00
0.00	0.00	0.00	0.00
0.00	0.00	0.00	0.00
0.00	0.00	0.00	0.00
0.00	0.00	0.00	0.00
0.00	0.00	0.00	0.00
0.00	0.00	0.00	0.00
0.00	0.00	0.00	0.00
833.5	1086.49	45.09	79.01
830.7	1081.77	52.11	86.81
824.2	1077.04	62.83	90.06
818.7	1066	71.65	102.7
801.3	1061.8	93.34	110.48
808.1	1057.61	94.5	118.26
786.11	1053.41	120.42	126.04
764.12	1049.21	146.34	133.83
742.13	1045.02	172.26	141.6
720.14	1040.82	198.18	149.38
698.15	1036.62	224.1	157.16
676.16	1032.42	250.01	164.95
654.17	1028.23	275.93	172.72
632.18	1024.03	301.85	180.5
610.19	1019.83	327.77	188.29
588.2	1015.63	353.69	196.07
589.64	1010.18	355.81	203.69
591.08	1004.73	357.92	211.31
592.52	999.28	360.04	218.93
593.96	993.82	362.16	226.56
595.4	988.37	364.27	234.18
596.84	982.92	366.39	241.8
598.28	977.47	368.5	249.42
599.72	972.01	370.62	257.05
601.16	966.56	372.74	264.67
602.6	961.11	374.85	272.29
598.24	956.59	378.61	275.68
593.88	952.08	382.37	279.06
589.52	947.57	386.13	282.44
585.16	943.05	389.89	285.83
580.8	938.54	393.64	289.21
576.44	934.03	397.4	292.59
572.08	929.51	401.16	295.98
567.72	925	404.92	299.36
563.36	920.49	408.68	302.74
559	915.97	412.44	306.13
567.2	910.56	398.1	308.98
575.4	905.14	389.83	313.65
583.6	899.73	381.56	318.31
591.8	894.31	373.29	322.98
600	888.89	365.02	327.65
608.2	883.48	356.75	332.32
616.4	878.06	348.48	336.99
624.6	872.65	340.21	341.65
632.8	867.23	331.93	338.17
641	861.81	323.66	334.69
649.09	857.38	320.39	333.63
657.18	852.94	317.11	332.58
665.26	848.5	313.85	331.53
673.35	844.06	310.57	330.48
681.44	839.62	307.29	329.43
689.53	835.18	304.02	328.38
697.61	830.75	300.75	327.32
705.7	826.31	297.47	326.27
710.96	821.87	297.03	325.22
716.22	817.43	296.58	324.17
723.21	812.62	293.43	323.94
730.2	807.8	290.28	323.72
733.81	802.99	290.51	323.49
737.43	798.18	290.73	323.26
741.04	793.36	290.96	323.04
744.65	788.55	291.19	322.81
748.26	783.73	291.42	322.59
751.88	778.92	291.64	322.36
755.49	774.11	291.87	322.13
759.1	769.29	292.1	321.91
757.6	765.83	280.21	321.01
756.09	762.37	268.33	320.11
754.59	758.91	256.45	319.21
725.4	755.45	260.8	318.31
720.4	751.99	258.83	317.41
730.55	748.53	238.15	316.51
757.85	745.07	203.85	315.61
773.1	736.19	178.3	321.91
772.12	735.44	175.78	317.41
771.14	734.69	173.26	312.91
769.86	730.03	174.69	313.36
768.58	725.36	176.12	313.82
767.3	720.7	177.55	314.27
766.02	716.03	178.98	314.73
764.75	711.37	180.4	315.18
763.47	706.71	181.83	315.63
762.19	702.04	183.26	316.09
760.91	697.38	184.69	316.54
759.63	692.72	186.12	316.99
758.35	688.05	187.55	317.45
753.84	683.62	192.31	317.43
749.32	679.18	197.08	317.42
744.92	672.94	201.88	317.46
738.46	668.76	209.83	317.45
731.99	664.57	217.78	317.46
725.53	660.39	225.73	317.45
719.07	656.21	233.67	317.45
712.6	652.03	241.63	317.44
706.14	647.85	249.57	317.44
699.68	643.67	257.52	317.43
692.76	640.36	265.64	318.34
685.84	637.05	273.76	319.25
678.92	633.74	281.88	320.16
672	630.43	296.75	319.72
665.08	627.12	311.62	319.28
658.16	623.81	317.04	320.71
651.24	620.5	322.46	322.14
644.32	617.19	327.88	323.57
637.39	613.88	333.31	325
630.47	610.57	338.73	326.43
622.95	608.01	344.98	326.42
615.43	605.46	351.24	326.41
607.91	602.9	357.49	326.4
600.39	600.34	360.72	326.41
592.86	597.78	363.97	326.41
585.34	595.23	367.2	326.41
577.82	592.67	370.44	326.41
570.3	590.11	373.67	326.42
562.77	587.55	376.92	326.43
555.25	584.99	380.15	326.43
546.6	582.66	381.35	327.41
537.95	580.33	382.55	328.39
529.3	578	383.75	329.37
520.65	575.67	384.95	330.34
512	573.33	386.15	331.33
503.35	571	387.35	332.31
494.7	568.67	388.55	333.29
486.05	566.34	389.75	334.26
477.4	564.01	390.95	335.24
468.75	561.67	392.15	336.23
458.52	559.64	396.06	337.28
448.29	557.61	399.98	338.33
438.06	555.58	403.89	339.38
427.83	553.55	407.8	340.43
417.6	551.52	411.72	341.48
407.37	549.49	415.63	342.53
397.14	547.46	415.63	342.69
386.91	545.43	415.62	342.84
376.68	543.4	415.62	343
366.45	541.37	413.25	346.73
356.14	539.79	418.89	347.34
345.83	538.21	424.52	347.94
335.53	536.63	430.15	348.55
325.22	535.05	435.78	349.15
314.92	533.47	440.98	349.63
304.61	531.89	449.43	351.15
294.31	530.31	457.87	352.67
284	528.73	466.32	354.19
273.7	527.15	474.76	355.71
263.39	525.57	483.21	357.23
253.24	525.87	491.04	357.83
243.08	526.17	498.87	358.43
232.93	526.47	506.7	359.03
222.77	526.77	514.53	359.63
212.62	527.07	521.15	360.23
202.46	527.38	527.77	360.82
192.31	527.68	534.39	361.42
182.15	527.98	537.38	362.02
172	528.28	540.37	362.62
161.84	528.58	543.36	363.22
155.75	527.83	541.05	364.35
149.66	527.07	538.74	365.49
136.34	526.32	539.36	366.62
131.28	525.57	532.73	367.75
126.22	524.82	526.11	368.88
121.16	524.06	519.48	370.02
116.1	523.31	512.86	371.15
111.04	522.56	506.23	372.28
105.98	521.81	499.61	373.41
100.92	521.05	492.98	374.55
93.62	522.41	493.5	376.8
86.32	523.76	494.02	379.06
79.03	525.12	494.53	381.31
71.73	526.47	495.05	383.57
64.43	527.83	495.57	385.82
57.14	529.18	491.74	388.08
49.84	530.53	487.92	390.34
42.54	531.89	484.1	392.59
35.25	533.24	480.27	394.85
27.95	534.6	476.45	397.1
22.43	536.7	468.43	395.6
16.9	538.81	460.42	394.09
9.8	540.91	453.98	392.59
2.7	543.02	447.54	391.08
2.25	545.12	434.45	389.58
1.8	547.23	421.36	388.07
1.35	549.34	408.27	386.56
0.9	551.44	395.18	385.06
0.45	553.55	382.09	383.55
0	555.66	369	382.04
0	558.06	357.73	385.51
0	560.47	346.47	388.97
0	562.88	335.2	392.43
0	565.28	320.9	395.9
0	567.69	306.6	399.36
0	570.1	292.3	402.82
0	572.51	278	406.28
0	574.91	263.71	409.75
0	577.32	249.41	413.21
0	579.73	235.11	416.67
0	587.55	216.53	414.87
0	595.37	197.75	413.07
0	603.2	178.97	417.6
0	610.57	160.45	418.03
0	617.94	141.92	421.16
0	625.94	125.21	421.16
0	633.95	122.03	419.15
0	639.24	108.02	412.32
0	648.6	110.26	405.48
0	657.96	112.5	398.64
0	666.08	110.31	390.6
0	674.21	108.13	382.55
0	682.33	105.95	374.51
0	690.45	103.77	366.47
0	698.58	101.59	358.42
0	706.7	99.41	350.38
0	714.83	97.23	342.33
0	722.95	95.04	334.29
0	731.07	92.86	326.25
0	739.2	90.68	318.2
0	743.94	91.13	313.54
0	748.67	91.59	308.89
0	753.41	92.04	304.23
0	758.15	92.49	299.57
0	762.89	92.94	294.91
0	767.63	93.39	290.25
0	772.37	93.84	285.59
0	777.11	94.3	280.93
0	781.85	94.75	276.27
0	786.59	95.2	271.61
0	792.69	96.33	265.43
0	798.79	97.46	259.25
0	804.9	98.59	253.06
0	811	99.72	246.88
0	814.45	100.85	243.35
0	817.91	101.98	239.81
0	821.36	103.11	236.28
0	824.81	104.24	232.75
0	828.27	105.37	229.21
0	831.72	106.5	225.68
0	841.65	109.3	219.95
0	842.15	113.4	217.75
0	851.2	106.3	202.37
0	855.25	108.1	198.05
0	859.3	109.9	193.73
0	871.8	106.7	185.11
0	873.5	108.6	182.32
214.6	1169.03	24.74	92.97
216.1	1154.04	27.61	131.86
215.9	1138.6	35.8	159.5
215.75	1131.7	40.46	172.34
215.6	1124.8	45.12	185.18
215.45	1125.1	49.79	190.83
215.3	1118.3	54.45	203.57
215.15	1089.7	59.11	238.11
215	1061.1	63.77	272.65
214.85	1054.15	68.44	285.55
214.7	1047.2	73.1	298.44
214.55	1040.25	77.76	311.33
214.4	1033.3	82.42	324.22
214.25	1032.4	86.11	330.31
214.1	1031.49	89.8	336.41
213.95	1030.59	93.49	342.5
213.8	1029.69	97.17	348.58
213.65	1028.79	100.86	354.67
213.5	1027.88	104.55	360.77
213.35	1026.98	108.24	366.86
213.2	1026.08	111.92	372.94
213.05	1025.18	115.61	379.03
212.9	1024.27	119.3	385.13
213.12	1026.68	123.59	388.92
213.35	1029.09	127.87	393.11
213.58	1031.49	142.12	399.21
213.8	1033.9	146.8	400.35
214.03	1036.31	151.47	401.49
214.25	1038.71	153.61	395.07
214.48	1041.12	155.74	388.64
214.7	1043.53	157.88	382.21
214.93	1045.94	160.01	375.78
215.15	1048.34	162.15	369.36
215.23	1054.66	164.85	363.27
215.31	1060.98	167.55	357.19
215.38	1067.3	170.26	351.1
215.46	1073.62	172.96	339.41
215.53	1079.94	175.67	327.72
215.61	1086.26	178.37	316.03
215.68	1092.57	181.08	304.34
215.76	1098.89	183.78	292.65
215.83	1105.21	186.49	280.96
215.91	1111.53	189.19	269.27
215.68	1115.82	189.8	259.41
215.45	1120.11	190.41	249.55
215.23	1124.39	191.01	239.7
215	1128.68	191.62	229.84
214.78	1132.97	192.22	219.98
214.55	1137.26	192.83	210.12
214.33	1141.55	193.43	200.26
214.1	1145.83	194.04	190.41
213.87	1150.12	194.65	180.55
213.65	1154.41	195.25	170.69
214.23	1161	195.8	156.92
214.81	1167.58	196.36	143.15
215.39	1174.17	196.91	129.38
215.97	1180.76	197.46	115.61
216.55	1187.35	198.02	101.83
217.12	1193.94	198.58	88.06
217.71	1200.53	199.12	78.37
218.29	1207.11	199.68	68.69
218.87	1213.7	200.23	59
509.3	1522.2	64.34	43.61
499.22	1536.6	70.38	49.4
489.14	1537.7	84.4	55.5
479.06	1380	98.43	220.4
468.98	1378.9	112.45	228.7
458.9	1368.5	126.48	246.3
448.82	1353.5	140.5	268.5
438.74	1339.6	154.53	289.6
428.66	1337.03	168.55	299.37
418.58	1334.46	182.58	309.14
408.5	1331.89	196.6	318.91
403.69	1330.46	200.11	324.32
398.87	1329.03	206.13	329.73
394.06	1327.6	213.64	335.14
389.24	1326.17	217.16	340.53
391.65	1324.74	217.55	345.96
385.39	1325.12	224.01	349.58
379.13	1324.14	234.57	351.86
372.88	1321.96	242.12	358.94
366.62	1319.78	247.88	364.12
360.36	1317.6	295.14	373
361.26	1322.71	303.54	370.74
362.16	1327.83	311.94	368.47
355.62	1332.38	330.28	367.12
359.01	1331.77	342.09	369.03
358.33	1331.17	351.27	371.93
349.72	1330.56	362.73	374.86
341.1	1329.95	374.2	377.79
347.52	1329.35	363.88	380.71
353.94	1328.74	353.56	383.64
360.36	1328.13	343.24	386.57
367.05	1329.11	348.85	385.89
375.35	1330.09	338.36	385.21
379.59	1331.06	319.71	382.74
385.18	1332.5	296.42	381.85
390.78	1333.93	273.12	380.97
401.69	1334.72	255.81	380.78
403.58	1335.52	255.47	380.53
405.47	1336.32	255.13	380.28
407.37	1337.12	254.78	380.03
409.26	1337.91	254.44	379.79
410.53	1338.89	254.27	379.11
411.81	1339.87	254.09	378.43
413.09	1340.85	253.91	377.75
414.37	1341.82	253.73	377.08
415.65	1342.8	253.55	376.4
416.93	1343.78	253.37	375.72
418.21	1344.76	253.19	375.04
419.48	1345.74	255.62	374.36
420.76	1346.71	258.04	373.69
422.04	1347.69	260.46	373.01
424.3	1347.24	261.13	373.54
424.55	1346.79	263.81	374.07
424.8	1346.34	266.49	374.6
425.05	1345.89	269.17	375.13
425.3	1345.44	271.85	375.66
425.55	1344.99	274.53	376.19
425.8	1344.53	277.21	376.73
426.05	1344.08	279.89	377.26
426.3	1343.63	282.57	377.79
426.55	1343.18	285.25	378.32
426.31	1343.18	291.28	377.56
426.08	1343.18	297.3	376.8
425.84	1343.18	303.33	376.04
425.6	1343.18	309.36	375.28
427.64	1343.18	333.86	374.52
426.97	1343.18	338.88	373.76
426.3	1343.18	343.9	373
430.15	1343.18	339.88	372.24
433.99	1343.18	335.88	371.48
437.84	1343.18	331.86	370.72
445.88	1342.5	324.65	369.59
453.93	1341.83	317.43	368.45
461.98	1341.15	310.21	367.32
470.03	1340.47	302.99	366.19
478.08	1339.8	295.77	365.05
486.13	1339.12	288.55	363.92
494.18	1338.44	281.33	362.79
502.23	1337.77	274.11	361.65
510.27	1337.09	266.9	360.52
518.32	1336.41	259.68	359.39
516.67	1335.73	262.08	358.04
515.01	1335.06	264.49	356.68
513.36	1334.38	266.89	355.33
511.7	1333.7	269.3	353.98
510.05	1333.03	270.05	352.62
508.39	1332.35	270.81	351.27
506.74	1331.67	271.56	349.92
505.08	1331	272.02	348.56
503.43	1330.32	272.47	347.21
501.77	1329.64	272.93	345.86
495.31	1327.39	276.99	346.15
484.12	1325.13	277.01	346.45
475.99	1322.88	277.01	346.74
467.85	1320.63	277.02	347.03
459.71	1318.37	277.03	347.33
451.58	1316.12	277.03	347.62
443.44	1313.86	277.04	347.92
435.3	1311.61	277.06	348.21
427.17	1309.35	277.06	348.51
419.03	1307.1	277.07	348.8
418.13	1305.37	279.7	347.9
417.22	1303.64	282.34	347
416.32	1301.91	284.97	346.1
415.42	1300.18	287.6	345.2
414.52	1298.45	290.23	344.3
413.61	1296.72	292.87	343.4
412.71	1294.99	295.5	342.5
411.81	1293.26	298.13	341.6
410.9	1291.53	300.77	340.7
410	1289.8	303.4	339.8
413.99	1288.9	297.15	338.29
417.98	1287.99	290.9	336.79
421.96	1287.09	284.66	335.28
425.95	1286.19	278.41	333.77
429.94	1285.29	272.16	332.26
433.92	1284.38	265.92	330.76
437.91	1283.48	259.67	329.25
441.9	1282.58	253.42	327.74
445.88	1281.67	247.18	326.24
449.87	1280.77	240.93	324.73
447.39	1278.89	242.21	323.83
444.9	1277.01	243.5	322.93
442.42	1275.13	244.78	322.03
439.94	1273.25	246.06	321.13
437.46	1271.37	247.34	320.23
434.98	1269.49	248.62	319.33
432.49	1267.61	249.91	318.43
430.01	1265.73	251.19	317.53
427.53	1263.85	252.47	316.63
425.05	1261.97	253.75	315.73
422.94	1259.94	253.75	315.73
420.83	1257.9	253.76	315.74
418.73	1255.87	253.75	315.74
416.62	1253.84	253.76	315.74
414.52	1251.81	253.75	315.73
412.41	1249.78	253.75	315.73
410.3	1247.75	253.76	315.73
408.2	1245.72	253.75	315.73
406.09	1243.69	253.75	315.73
403.98	1241.66	253.76	315.73
402.48	1239.02	254.43	315.59
400.98	1236.39	255.11	315.44
399.47	1233.76	255.8	315.29
397.97	1231.12	256.47	315.15
396.46	1228.49	257.16	315
394.96	1225.86	257.84	314.86
393.46	1223.23	258.51	314.71
391.95	1220.59	259.2	314.57
390.45	1217.96	259.87	314.42
388.94	1215.33	260.56	314.27
384.13	1213.22	264.62	314.27
379.32	1211.12	268.68	314.27
374.5	1209.01	272.75	314.27
369.69	1206.9	276.81	314.28
364.87	1204.8	280.88	314.27
360.06	1202.69	284.94	314.27
355.24	1200.58	289.01	314.28
350.43	1198.48	293.07	314.27
345.62	1196.37	297.13	314.27
340.8	1194.27	301.2	314.27
337.34	1193.06	302.48	314.27
333.88	1191.86	303.76	314.27
330.42	1190.65	305.04	314.28
326.96	1189.45	306.32	314.27
323.5	1188.25	307.6	314.27
320.04	1187.04	308.88	314.28
316.58	1185.84	310.16	314.27
313.12	1184.64	311.44	314.27
309.66	1183.43	312.72	314.27
306.2	1182.23	314	314.27
306.43	1180.8	312.27	315.17
306.65	1179.37	310.55	316.07
306.88	1177.94	308.82	316.97
307.1	1176.51	307.1	317.87
307.33	1175.08	305.37	318.77
307.56	1173.65	303.64	319.67
307.78	1172.22	301.92	320.57
308.01	1170.79	300.19	321.47
308.23	1169.36	298.47	322.37
308.46	1167.94	296.74	323.26
313.88	1167.03	290.12	323.19
319.3	1166.13	283.5	323.11
323.8	1165.23	277.8	323.03
331.4	1164.33	269	322.95
330.59	1163.42	268.61	322.88
329.77	1162.52	268.23	322.8
328.96	1161.62	267.84	322.72
328.14	1160.71	267.46	322.65
327.33	1159.81	267.07	322.57
326.51	1158.91	266.69	322.49
323.43	1159.28	267.59	321.82
320.35	1159.66	268.49	321.14
317.26	1160.04	269.4	320.46
314.18	1160.41	270.3	319.79
311.09	1160.79	271.21	319.11
308.01	1161.16	272.11	318.44
304.93	1161.54	273.01	317.76
301.84	1161.91	273.92	317.09
298.76	1162.29	274.82	316.41
295.67	1162.67	275.73	315.73
292.97	1169.44	274.82	308.96
290.26	1176.21	273.92	302.19
287.55	1182.98	273.02	295.42
284.84	1189.75	272.12	288.65
282.13	1196.52	271.22	281.88
279.43	1203.29	270.31	275.11
276.72	1210.06	269.41	268.34
274.01	1216.83	268.51	261.57
271.3	1223.6	267.61	254.8
268.59	1230.37	266.71	248.03
267.62	1236.61	262.34	241.87
266.64	1242.85	257.98	235.71
265.66	1249.1	253.62	229.54
264.68	1255.34	249.26	223.38
263.7	1261.58	244.9	217.22
262.73	1267.83	240.53	211.05
261.75	1274.07	236.17	204.89
260.77	1280.31	231.81	198.73
259.79	1286.56	227.45	192.56
258.81	1292.8	223.09	186.4
259.72	1299.42	223.83	179.33
260.62	1306.04	224.58	172.26
261.52	1312.66	225.33	165.19
262.43	1319.28	226.07	158.12
263.33	1325.9	226.82	151.05
264.23	1332.52	227.57	143.98
265.13	1339.14	228.32	136.91
266.04	1345.76	229.06	129.84
266.94	1352.37	229.81	122.78
267.84	1358.99	230.56	115.71
268.46	1362.83	221.36	112.4
269.07	1366.67	212.17	109.09
269.69	1370.5	202.97	105.79
270.3	1374.34	193.78	102.48
270	1378.17	185.5	99.18
269.7	1382.01	177.22	95.87
272.1	1385.85	166.24	92.56
278.1	1389.68	151.66	89.26
275.1	1393.52	146.08	85.95
270.2	1397.36	142.4	82.64
272.27	1401.3	140.37	79.26
274.33	1398.6	138.35	82.53
294.4	1400.4	118.31	81.3
295.6	1404.7	117.15	77.56
305.8	1408.5	106.99	74.32
307	1408.2	105.83	75.19
307.32	1409.5	105.54	74.46
307.64	1414.8	105.26	69.72
307.96	1415.7	104.98	69.39
308.28	1415.1	104.7	70.55
308.6	1416.7	104.41	69.52
308.92	1412	104.13	74.78
309.24	1410.6	103.85	76.75
309.57	1404.6	103.56	83.31
309.89	1404.5	103.27	83.97
310.21	1368.3	102.99	120.74
306.46	1363.72	106.78	125.88
302.7	1359.13	110.58	131.04
303.5	1354.55	109.82	136.19
301.6	1349.97	111.75	141.33
301.61	1349.52	112.35	143.51
301.62	1349.07	112.94	145.69
301.64	1348.62	113.53	147.87
301.65	1348.16	114.12	150.06
301.66	1347.71	114.72	152.24
301.67	1347.26	115.31	154.42
301.68	1346.81	115.91	156.6
301.7	1346.36	116.49	158.78
301.71	1345.91	117.09	160.96
301.72	1345.46	117.68	163.14
299.09	1343.65	121.74	166.53
296.46	1341.85	125.8	169.91
293.82	1340.04	129.87	173.3
291.19	1338.24	133.93	176.68
288.56	1336.43	137.99	180.07
285.93	1334.63	142.05	183.45
283.29	1332.82	146.12	186.84
280.66	1331.02	150.18	190.22
278.03	1329.21	154.24	193.61
275.4	1327.41	158.3	196.99
275.62	1325.9	160.64	198.88
275.85	1324.4	162.97	200.76
276.07	1322.89	165.31	202.65
276.3	1321.39	167.64	204.53
276.52	1319.88	169.98	206.42
276.75	1318.38	172.31	208.3
276.97	1316.87	174.65	210.19
277.2	1315.37	176.98	212.07
277.43	1313.87	179.31	213.95
277.65	1312.36	181.65	215.84
277.2	1313	188.72	215.2
276.74	1319.2	189.46	209
276.29	1315.7	193.81	209.8
275.84	1308.86	202.16	216.74
275.39	1302.02	210.51	223.68
274.94	1295.18	218.86	230.62
274.49	1288.34	227.24	238.06
274.04	1281.5	235.61	245.5
273.59	1268.35	243.99	259.25
273.13	1255.19	252.37	273.01
275.3	1229.7	254.71	297.82
274.3	1222.8	260.22	304.04
271.24	1220.93	267.79	305.23
268.18	1219.05	275.36	306.43
265.12	1217.18	282.93	307.62
262.06	1215.3	290.5	308.82
259	1213.43	298.07	310.01
255.94	1211.55	305.64	311.21
252.88	1209.68	313.21	312.4
249.81	1207.8	320.79	313.6
254.19	1203.29	321	313.52
258.57	1198.78	321.21	313.44
262.95	1194.26	321.42	313.37
267.33	1189.75	321.63	313.29
271.71	1185.24	321.84	313.21
276.09	1180.72	322.05	313.14
280.46	1176.21	322.27	313.06
284.84	1171.7	322.48	312.98
289.22	1167.18	322.69	312.91
293.6	1162.67	322.9	312.83
296.65	1157.71	323.91	312.83
299.7	1152.74	324.92	312.84
300.13	1147.78	328.55	312.84
300.57	1142.81	332.17	312.85
301	1137.85	335.8	312.85
302.05	1132.88	344.23	312.86
296.32	1127.92	352.66	312.86
290.6	1122.95	361.09	312.87
284.87	1117.99	369.52	312.87
279.15	1113.02	377.95	312.88
286.98	1107.38	372.6	313.63
294.8	1101.74	367.26	314.38
306.9	1096.1	357.64	315.13
324.6	1090.46	342.42	315.88
330	1084.82	339.5	316.63
335.4	1079.18	336.58	317.38
340.8	1073.53	333.66	318.14
346.2	1067.89	330.74	318.89
351.6	1062.25	327.82	319.64
348.35	1056.61	333.55	320.39
357.9	1051.34	326.78	321
367.45	1046.08	320.01	321.6
377	1040.81	313.24	322.21
386.55	1035.54	306.47	322.82
396.1	1030.28	299.7	323.42
405.65	1025.01	292.93	324.03
415.2	1019.75	286.16	324.63
424.75	1014.48	279.39	325.24
434.3	1009.22	272.62	325.84
443.88	1003.95	326.32	326.45
451.26	997.41	328.34	325.69
443.3	990.86	328.7	334.84
440.9	984.32	323.5	332.84
426.58	977.77	330.22	342.63
432.73	972.13	298.37	335.07
438.87	965.41	273.83	331.83
454.94	958.68	253.77	328.6
475.83	951.96	233.71	327.14
492.2	945.69	218.62	323.01
508.58	939.41	203.52	318.89
511.96	933.15	207.79	319.35
515.35	926.89	212.05	319.81
519.86	918.38	214.64	320.22
509.93	906.25	237.37	324.25
510.53	898.34	242.27	328.66
515.1	890.42	239.5	333.98
506.13	883.41	246.87	331.39
513.12	875.2	250.88	327.8
524.16	866.99	228.24	325.61
554.16	858.77	196.65	323.43
554.19	849.67	188.51	323.93
551.92	840.57	181.28	320.73
553.81	831.47	166.94	321.63
555.71	822.37	152.59	322.53
552.5	817.78	159.93	323.43
551.1	807.77	160.04	333.33
544.27	797.77	169.2	331.98
532.62	789.57	178.36	330.63
520.98	778.66	198.32	332.94
509.33	767.76	196.67	327.94
516.03	761.36	185.23	326.14
522.72	754.97	173.8	324.33
529.42	748.57	162.36	322.53
536.11	742.18	150.93	320.72
542.81	735.79	139.49	318.91
549.5	729.39	128.06	317.11
559.8	719.4	113.02	316.2
559.27	714.21	108.81	314.09
558.75	709.01	104.59	311.99
558.22	703.82	100.38	309.88
558.9	699.53	101.58	291.97
559.58	695.24	102.78	274.06
560.26	690.96	103.98	218.34
560.93	686.67	105.19	217.33
561.61	682.38	106.39	216.32
562.29	678.09	107.59	220.91
562.96	673.8	108.8	225.5
563.64	669.52	110	225.88
574.2	665.23	101.32	154.47
570.4	660.94	107	157.06
569.96	658.91	110	150.99
569.51	656.88	107.59	157.62
567.82	655.41	111.39	157.48
566.12	653.95	115.21	157.33
564.43	652.48	119.01	157.18
562.74	651.01	122.81	157.04
561.05	649.55	126.61	156.89
559.35	648.08	130.43	156.75
557.66	646.61	134.23	156.6
555.97	645.15	138.03	156.45
555.67	643.94	142.54	155.4
555.07	642.74	143.43	154.36
556.27	641.54	140.73	153.26
555.5	640.33	143.21	152.21
555.1	639.13	145.33	151.16
553.75	637.93	148.39	150.1
552.4	636.72	151.46	149.05
546.27	637.33	169.23	140.77
536.08	635.22	176.17	143.33
525.88	633.11	183.12	145.89
522.03	630.25	187.95	147.61
518.18	627.4	192.78	149.32
514.33	624.54	197.61	151.04
510.47	621.68	202.45	152.76
506.62	618.82	207.28	154.48
502.96	617.77	213.72	156.21
499.29	616.71	220.17	157.95
495.63	615.66	226.61	159.68
491.96	614.61	233.06	161.41
488.3	613.55	239.5	163.15
488.51	611.99	250.29	171.15
488.72	610.42	261.08	179.16
488.92	608.86	271.88	187.16
489.13	607.29	282.67	195.17
489.34	605.73	293.46	203.17
489.55	604.17	304.25	211.17
489.75	602.6	315.05	219.18
489.96	601.04	325.84	227.18
490.17	599.47	336.63	235.19
490.38	597.91	347.42	243.19
497.39	598.42	344.14	247.31
504.4	598.93	340.87	251.44
511.41	599.44	337.59	255.56
519.5	599.96	339.48	269.11
527.6	600.47	341.37	282.67
535.69	600.98	343.26	296.23
543.78	601.49	345.15	309.8
551.88	602	347.04	323.36
558.44	602.51	348.92	336.92
565	603.03	350.81	350.47
568.68	606.11	355.48	386.59
579.14	612.8	353.39	386
589.59	619.5	351.31	385.4
594.5	623.36	356.1	385.84
599.41	627.21	360.89	386.29
599.9	628.54	364.6	391.76
604	636.2	365.6	388.2
603.28	640.84	373.52	391.26
602.57	637.35	385.48	402.45
601.85	633.87	397.45	413.63
609.38	645.6	426.42	406.4
609.08	656.63	452.42	401.37
616.45	657.85	468.65	412.15
626.27	674.8	472.53	410.7
639.25	677.01	463.75	418.69
652.23	679.21	450.67	426.69
665.21	681.41	424.02	434.72
678.19	683.62	397.36	442.73
691.17	685.82	370.71	450.76
704.15	688.03	344.05	458.77
717.9	690.96	326	465.09
733.9	693.89	302.1	471.41
748.97	695.02	287.53	480.48
765.72	697.31	275.53	486.39
782.46	699.6	263.54	492.3
790.72	703.15	260.68	501.85
792.21	706.7	263.49	506.9
793.7	710.26	278.3	511.91
795.19	713.81	293.11	516.92
796.68	717.36	307.92	521.94
796	728.72	316.8	515.77
796.7	740.08	324.3	509.6
795.9	751.44	321.6	503.43
793.49	764.6	320.31	497.27
788.69	775.66	317.41	491.1
781.71	781.3	331.49	490.3
774.73	795.52	356.82	481.58
767.76	809.73	382.14	472.87
760.78	823.95	407.47	464.15
753.8	830.95	432.8	460.25
748.46	834.03	451.14	463.49
743.12	837.12	474.18	466.72
736.88	829.37	481.32	475.33
731.66	834	486.64	477.8
726.45	838.63	491.95	480.27
721.24	843.26	511.36	482.74
716.03	847.89	525.87	485.21
710.82	852.52	540.38	487.68
705.61	857.16	546.74	490.14
700.4	861.79	553.1	492.61
696.11	868.48	551.09	486.52
691.82	871.17	559.28	490.33
683.92	884.68	555.28	475.82
680.15	885.82	551.65	476.78
676.38	886.95	544.02	472.85
674.41	891.7	539.09	464.6
670.19	891.93	536.11	460.87
665.97	892.16	540.43	459.24
661.74	892.4	542.96	438.2
657.52	892.63	548.98	431.67
651.96	892.92	542.54	424.53
646.39	893.2	581.21	417.4
640.82	903.45	560.63	406.4
635.26	913.7	540.04	395.39
629.69	1038	474.91	272.74
624.12	1052.1	471.18	260.29
618.56	1041	480.14	279.36
612.99	1046.71	495.08	273.2
607.42	1052.41	510.01	267.04
601.86	1058.12	524.94	260.88
596.37	1067.75	527.03	240.55
591.88	1073.57	539.62	246.53
587.4	1036.73	550.6	289.07
582.91	999.9	561.59	331.6
578.43	971.2	578.27	366
573.94	977.15	580.9	371.17
569.46	976.33	584.44	384.47
564.97	975.51	586.73	394.19
560.49	974.69	589.06	393.01
556	973.87	591.4	391.83
551.86	977.1	591.14	391.4
547.72	980.34	590.92	386.93
543.59	983.57	590.7	382.46
539.45	986.81	590.48	377.99
535.31	990.04	590.27	373.53
531.18	993.28	590.04	369.05
527.04	996.51	589.83	364.59
522.9	999.74	589.61	360.13
518.77	1002.98	589.39	355.65
514.63	1006.21	589.17	351.19
509.97	1010.35	586.01	341.86
505.3	1014.49	582.86	332.54
500.64	1012.98	579.7	323.22
495.98	1011.48	576.54	313.89
491.31	1009.97	573.39	304.57
486.65	1008.47	570.23	295.24
481.99	1006.97	567.07	285.92
477.32	1005.46	563.92	276.6
472.66	1003.96	560.76	267.27
467.99	1002.45	557.61	257.95
465.29	999.74	553.54	263.37
462.58	997.03	549.48	268.79
459.87	994.33	545.42	274.2
457.16	991.62	541.36	279.62
454.45	988.91	537.3	285.04
451.75	986.2	533.23	290.46
449.04	983.49	529.17	295.88
446.33	980.79	525.11	301.29
443.62	978.08	521.05	306.71
440.91	975.37	516.99	312.13
437	972.89	516.7	313.94
433.09	970.4	516.41	315.77
429.18	967.92	516.12	317.58
425.27	965.44	520.12	319.37
421.36	962.96	524.11	321.17
417.45	960.47	528.11	322.97
413.53	957.99	532.11	324.77
409.62	955.51	536.11	326.56
405.71	953.03	540.1	328.36
401.8	950.54	544.1	330.16
397.14	947.69	538.76	330.15
392.47	944.83	533.43	330.15
387.81	941.97	528.09	330.15
383.14	939.11	522.76	330.15
378.48	936.25	517.42	330.15
373.82	933.39	512.08	330.15
369.15	930.54	506.75	330.14
364.49	927.68	501.41	330.14
359.83	924.82	496.07	330.14
355.16	921.96	490.74	330.14
349.75	919.25	486.45	329.84
344.33	916.54	482.17	329.54
338.91	913.84	477.89	329.23
333.5	911.13	473.6	328.93
328.08	908.42	469.32	328.63
322.67	905.71	465.03	328.33
317.25	903	460.75	328.03
311.83	900.3	456.47	327.72
306.42	897.59	452.18	327.42
301	894.88	447.9	327.12
299.95	892.25	447.52	327.49
289.42	889.62	447.14	327.86
278.89	886.98	446.75	328.24
283.55	885.55	446.38	328.61
269.11	882.47	445.99	328.98
263.6	879.84	445.61	329.36
258.09	877.21	445.24	329.73
243.11	873.82	444.85	330.11
243.47	873.14	434.53	330.48
234.81	867.05	444.09	330.85
220.59	864.79	439.21	331.76
222.02	865.24	434.32	332.66
213.07	862.65	429.44	333.57
204.12	860.05	424.55	334.48
203.59	857.5	435.01	335.34
203.07	854.9	427.05	336.25
202.54	852.29	419.1	337.18
202.01	849.69	411.15	338.09
201.49	847.09	403.19	339
200.96	844.48	395.24	339.92
200.39	843.17	388.29	341.71
199.83	841.86	381.32	343.49
199.27	840.55	374.36	345.28
198.7	839.24	367.4	347.06
198.14	837.93	360.44	348.85
197.57	836.62	353.48	350.63
197.01	835.31	346.52	352.42
196.45	834	339.55	354.2
