288.2	479.35	82.6	129.09
305.78	476.17	87.02	129
324.13	473.17	81.37	129
340.19	473.36	84.71	129
354.31	474.77	80.99	122.43
370.66	476.71	83.34	125.69
388.07	476.12	78.63	129
405.02	477.35	75.78	126.15
418.68	476.88	74.82	123.82
433.3	479.24	77.6	120.06
446.49	479.7	74.8	119.1
458.73	481.1	75.77	117.7
470.98	481.1	77.62	115.3
484.16	478.8	76.22	109.6
497.35	479.7	70.05	108.2
508.2	475.9	66.8	104
519.49	476.44	64.41	104.87
529.38	473.1	65.82	106.33
539.3	474.51	64.85	97.39
550.13	473.1	66.27	95
560.46	473.1	67.24	85.6
569.88	473.1	70.52	85.6
579.3	472.16	71.9	91.74
590.6	472.63	71.9	91.74
599.55	472.16	72.35	93.64
613.21	474.99	70.43	95.02
624.51	476.4	68.99	90.3
636.75	477.34	69	90.3
655.59	477.34	64.31	92.66
666.89	478.3	67.11	95
680.55	478.3	69.45	96.9
696.09	474.53	69.45	99.27
711.63	472.65	70.87	104.95
728.7	474.53	70.3	101.57
744.6	472.18	64.4	95.92
756.85	467.47	67.55	101.23
770.97	465.58	64.23	96.02
785.1	461.82	59	96.01
795.5	459.93	61.8	89.47
805.39	451.46	61.31	89.46
814.34	442.51	61.31	85.69
817.63	436.39	64.57	87.61
825.17	427.91	59.43	89.99
838.83	419.9	59.43	80.6
850.6	416.61	59.43	80.59
858.61	412.84	61.29	89.76
871.8	410.01	57.5	95.09
886.52	407.4	55.58	102.6
898.62	401.51	56.28	110.09
913.01	402.82	58.89	110.09
927.07	401.51	60.53	107.49
941.79	402.17	62.81	108.83
955.2	401.51	63.8	109.49
970.24	402.49	63.8	114.11
987.25	399.22	63.8	114.11
1004.58	396.28	63.8	114.11
1022.24	395.62	63.16	108.88
1038.92	391.37	60.58	112.83
1053.6	385.81	62.1	109.59
1068.6	383.6	62.5	109.8
1087	384.1	54.3	96.9
1101.06	378.29	57.7	97.11
1109.89	380.9	56.71	91.2
1126.9	380.6	56.71	90.5
1137.69	378	59.01	92.1
1145.21	371.1	59.01	92.8
1153.06	369.5	60.64	94.1
1161.24	369.1	62.26	86.7
1169.08	367.8	62.27	89.31
1177.5	369.4	63	87.71
1187.07	368.1	62.23	87.35
1193.61	367.8	63.19	88.6
1195.2	370.5	65.4	82.7
1198.4	369.5	66.3	83.3
1202.41	370.1	66.69	79.5
1208.79	370.1	66.41	88.2
1214.37	368.51	64.73	90.69
1216.4	369.12	64.1	87.18
1219.71	369.12	67.59	88.48
1224.94	368.79	68.56	91.91
1229.44	366.38	69.46	93.22
1237.42	364.9	73.17	97.1
1246.31	362.28	68.29	99.42
1255.36	360.24	68.54	100.36
1264.84	358	69.76	106.7
1270.7	354.4	71.9	106.8
1276.9	352.3	73.7	106.6
1283.4	351.74	73.2	105.56
1290.1	346.93	70.8	105.76
1295.91	344.59	70.59	109.01
1296.89	339.61	75.51	109.99
1301.8	335.43	74.9	103.17
1304.6	329.22	75.7	100.18
1308.9	322.02	77.6	99.08
1312.27	315.15	77.83	107.35
1317.5	306.65	77.2	94.25
1320.45	295.86	77.19	94.25
1322.08	287.03	79.12	94.25
1327.64	280.49	77.86	90.01
1329.28	275.58	77.85	90.01
1329.93	272.31	77.86	90.01
1333.5	269.69	78.6	82.51
1333.83	265.44	78.6	84.16
1334.81	260.86	78.6	84.16
1334.8	258.9	78	85.8
1333.8	256.29	80.6	89.11
1337.4	251.38	76.7	89.72
1338.38	248.44	75.42	87.06
1334.45	241.57	80.05	87.43
1334.45	238.3	77.75	87.43
1327.91	230.78	79.39	87.43
1326.28	224.24	72.82	99.56
1313.75	225.45	75.45	97.15
1305.05	225.04	76.25	94.76
1302.43	222.01	70.37	94.76
1296.6	222.62	70.5	94.76
1292.66	222.52	69.39	92.72
1288.72	222.42	68.28	90.68
1285.28	221.2	68.72	91.7
1283.36	220.2	69.14	91.49
1281.44	219.2	69.57	91.27
1276.59	223.85	68.51	89.85
1275.78	225.26	69.52	86.84
1273.16	223.6	69.51	87.69
1269.11	222.8	69.69	88.9
1264.46	222	71.14	88.68
1263.86	217.76	71.54	88.68
1260.62	218.16	70.98	84.64
1257.59	218.77	70.98	81.43
1253.35	220.38	72.75	82.63
1249.1	220.59	72.76	83.61
1240.61	223.62	73.59	82.18
1236.17	225.03	73.13	80.97
1228.89	226.04	73.13	79.56
1225.25	225.44	71.55	79.55
1216.96	227.66	71.94	74.34
1207.66	232.1	71.94	72.9
1199.18	236.8	71.52	69.8
1192.3	241.04	70.72	70.16
1184.82	243.88	72.98	75.02
1179.37	244.68	73.63	89.52
1178	246.5	71	89.6
1173.91	246.1	70.04	96.4
1165.59	244.08	78.81	98.4
1163.4	243.1	81	99.38
1162.6	241.9	81.8	100.58
1163.21	237.86	77.99	99.24
1165.63	234.22	78	99.48
1167.05	232.4	79.45	105
1167.96	232.4	78.64	103.3
1168.87	232.4	77.83	95.5
1170.28	230.58	75.82	97.9
1171.7	229.98	74.8	97.89
1172.31	229.57	75.19	97.43
1173.12	229.8	75.19	91
1173.12	229.8	75.19	101.9
1171.2	226	77.11	97.2
1167.4	223.2	76.2	100
1165	223.2	76.7	96.7
1164.1	223.2	75.2	96.7
1162.7	219.5	74.2	97.6
1158	218.6	76.5	94.3
1153.8	212.9	83.1	102.4
1151.4	214.3	76.1	102.9
1147.6	215.7	70.5	90.2
1141.9	217.1	71.96	94
1137.66	218.51	71.96	95.39
1134.84	223.22	70.56	94.48
1129.75	223.22	71.15	94.48
1121.84	223.22	71.76	94.48
1120.14	228.87	70.06	94.48
1118.45	230.57	70.05	94.48
1118.73	229.72	67.17	94.48
1119.01	233.39	67.79	94.48
1119.01	233.39	66.69	92.81
1113.36	237.92	66.69	84.88
1110	237.92	68.4	85.98
1108.87	238.48	66.13	85.99
1104.3	238.48	67.3	89.42
1101.47	237.9	67.3	88.87
1096.95	233.5	70.65	97.79
1097.5	231.4	70.1	100.5
1097.5	227.1	70.7	104.8
1097.5	224	70.7	107.9
1095.2	221.7	71.9	100.6
1090.68	218.8	75.82	99.5
1090.68	214.6	75.82	100.9
1087.3	213	75.8	108.7
1088.7	205.3	73.9	116.4
1087.9	199.9	79.2	122.7
1092.6	203.3	75.1	114.7
1089.73	200.9	74.67	115.7
1089.3	201.37	72.7	115.7
1087.89	201.37	73.61	110.53
1087.89	203.3	73.61	108.6
1085.5	202.4	73.3	103.85
1083.6	202.4	75.2	101.7
1074.6	199.9	82	109.9
1072.4	199.9	80.9	109.9
1074.6	198.5	79.5	111.3
1080.1	195.5	80.5	114.3
1083.92	192.8	79.68	115.37
1089.91	186.8	75.89	115.37
1089.09	187.1	78.31	116.16
1084.46	183	81.54	115.1
1079.3	183	86.7	116.5
1077.7	183	85.6	113.5
1071.7	183	88.6	114.4
1071.7	185.7	85.9	111.7
1068.16	183.3	83.74	112.19
1063.8	183.57	85.6	112.2
1067.9	179.2	81.5	116.57
1072.26	175.7	78.24	119.79
1071.17	170.25	79.33	120.65
1072.53	164.5	77.47	125.31
1073.08	162.9	78.52	124.2
1076.62	157.2	78.52	123.09
1077.17	152.6	81.03	130.14
1075.53	144.15	82.17	130.14
1078.25	142.2	84.35	132.36
1080.9	140.6	81.7	131.7
1084.2	135	80	139.6
1084.9	134.3	81.6	140.3
1088.2	131.7	78.6	138.1
1089.8	129.4	78.6	137
1089.8	129.4	81.2	134.1
1093.7	130.7	80.9	131.5
1095.7	130.7	80.2	128.6
1097	132	81.5	122.1
1099	133.3	79.5	120.8
1097.7	131	80.5	121.1
1097.7	127.1	81.2	119.4
1097.05	125.5	79.55	123
1093.78	124.2	77.22	124.95
1089.52	120.9	81.78	119.42
1087.23	126.8	78.47	114.83
1084.6	125.2	75.9	113.49
1080.02	127.2	75.88	111.49
1078.39	127.9	76.51	110.46
1080.02	134.1	75.88	108.51
1079.4	127.2	76.5	112.47
1081.04	127.9	75.16	112.75
1081.36	128.9	73.84	110.44
1081.36	127.6	74.84	113.7
1083.3	124.7	77.8	121.5
1083.3	122.7	79.1	130.4
1083.3	121.7	81.4	134.7
1083.3	119.4	85	137
1083.3	117.8	83.4	136.6
1083.3	117.5	83.1	136.9
1085.6	114.2	82.8	140.2
1085.6	114.9	83.5	137.54
1087.89	114.6	87.41	138.82
1087.23	111.62	88.12	140.82
1090.83	109.7	91.07	135.22
1093.12	103.2	87.48	139.43
1096.06	100.58	86.84	139.43
1094.76	99.9	90.74	137.17
1094.76	96.6	91.34	141.12
1094.43	88.07	91.37	139.51
1097.04	84.5	90.06	138.8
1092.79	84.2	95.01	136.48
1093.12	80.9	93.38	130.95
1093.12	79.9	93.38	131.95
1093.12	79.9	94.68	131.95
1091.81	79.9	96.99	135.88
1091.81	79.2	94.09	136.58
1086.91	78.5	98.99	132.05
1086.91	77.5	98.99	133.05
1089.2	76.5	96.7	132.1
1092.47	76.5	98.03	132.1
1094.11	77.5	100.29	130.77
1100.65	80.1	95.75	124.9
1101.6	78.8	94.8	126.2
1101.6	78.8	96.8	126.2
1101.6	77.8	96.2	128.51
1101.6	76.2	96.2	130.44
1101.27	74	96.2	127.73
1101.27	69.38	97.53	133.33
1098.98	66.12	100.08	132.98
1096.69	64.8	105.01	135.6
1098.98	63.2	105.01	128.37
1099	62.22	104.3	124.78
1099	59.6	110.5	127.07
1099	59.5	112.1	127.17
1099	56.9	115	131.1
1099	57.9	117.3	133
1101.9	56.2	114.4	135.7
1096.35	51.6	120	144.9
1096.35	49.7	120.65	150.1
1097.3	58.8	120.4	141.4
1101.9	55.9	114.5	148.5
1104.2	55.9	111.9	151.1
1093.4	55.6	118.4	152.7
1085.9	66.7	120.7	151.4
1085.9	68.7	117.4	149.4
1084.9	72.3	118.1	153
1084.9	70	114.8	155.62
1084.9	70.7	114.8	156.9
1088.5	71.7	113.2	158.19
1089.15	70.06	109.95	161.44
1093.1	69.1	105.7	165.34
1098.66	69.1	101.44	161.1
1105.85	70.74	97.55	161.1
1112.07	69.4	96.93	159.49
1117.95	67.7	99.6	154.65
1122.53	70	99.59	151.37
1126.1	69.35	102.89	153.05
1134.93	70.98	100.27	138.62
1142.45	69.35	96.05	137.35
1145.07	69.02	97.33	133.38
1148.34	69.7	98.96	132.7
1154.23	68	100.62	122.93
1158.15	66.36	100.25	122.93
1160.77	63.42	105.83	125.28
1162.08	58.84	105.83	131.46
1166.98	55.25	106.52	132.75
1167.64	53.61	106.51	133.69
1171.89	48.38	106.52	136.32
1177.77	43.47	103.23	138.93
1178.43	38.89	102.27	140.61
1178.43	38.89	102.27	152.41
1185	35.6	111.4	156.7
1185.65	33	111.4	160.28
1186.96	31.37	111.4	162.93
1185	32.3	111.7	162
1187.3	32.6	105.8	169.2
1187.3	32.6	105.8	175.4
1188.1	33.4	112.5	174.6
1188.88	34.2	113.32	178.9
1192	35	105.8	178.1
1193.2	33	106.2	185.2
1193.2	36.6	105	178.1
1193.59	41.7	110.51	180.47
1192.02	47.19	110.08	175.01
1185.35	58.58	108.95	175
1177.11	69.17	107.79	169.53
1178.29	74.67	107.79	165.93
1183	82.91	107.79	163.19
1185.35	92.72	108.95	165.58
1191.24	97.82	116.76	159.68
1195.17	105.67	115.53	162.83
1198.7	111.56	114.4	161.64
1201.84	113.91	110.86	157.29
1199.87	117.44	113.63	154.56
1201.05	121.76	117.95	156.14
1206.94	124.51	110.86	160.49
1207.72	125.68	112.78	156.12
1209.29	126.86	112.78	156.14
1211.26	126.86	117.44	154.54
1215.18	126.08	119.02	152.92
1215.18	126.08	124.52	147.42
1218.32	123.72	124.52	148.98
1218.32	123.72	129.18	148.98
1193.6	125.7	157.8	148.2
1193.6	126.5	159.7	148.1
1195.96	124.93	161.24	150.87
1199.49	127.28	143.61	147.32
1199.49	128.5	151.41	146.5
1203.41	131.6	159.29	145.4
1208.51	134.7	167.49	144.2
1208.51	137.4	168.69	146.99
1208.51	139.8	168.69	148.1
1210.08	143.7	165.52	150.87
1210.87	143.7	165.52	154.8
1210.87	146	167.13	154.9
1210.1	147.2	165.2	154.9
1206.5	149.2	166.1	154.1
1205.7	151.2	166.9	151.3
1205.7	152.8	167.7	149.7
1203.3	152.8	172.5	149.7
1203.3	152.8	172.9	147.7
1207.62	150.1	173.68	150
1208.79	148.92	178.41	153.18
1214.68	146.96	178.41	153.18
1219.39	140.3	172.51	158.7
1223.7	134.4	180.4	164.6
1225.66	132.8	182.34	170.1
1229.98	132.8	188.22	173.6
1235.48	124.6	185.42	180.6
1235.48	128.1	185.82	177.8
1238.62	129.3	191.68	178.6
1244.5	129.7	189.7	181.7
1242.54	130.1	196.36	178.6
1242.54	130.5	195.96	180.6
1248.03	133.2	191.67	179.89
1248.03	133.2	194.77	181.8
1250.78	133.2	195.92	180.2
1254.71	135.2	199.09	179
1259.42	135.2	197.48	179
1264.12	134.02	200.98	179.78
1273.54	138.34	200.96	176.26
1274.3	138.34	207.7	180.96
1279.4	142.7	211.2	172.7
1282.9	146.6	215.55	175.47
1286.83	152.09	219.87	172.71
1291.53	150.9	223.77	175.9
1297.4	152.5	230.9	178.2
1305.64	159.17	228.56	171.93
1308.78	159.96	238.02	174.24
1313.1	159.96	238.02	174.24
1317.02	157.2	243.88	178.6
1321.73	160.7	246.27	177.5
1322.52	159.13	244.28	177.5
1324.87	159.9	250.53	176.34
1326	159.1	248.2	170.1
1327.2	153.6	254.46	178.35
1329.2	155.6	252.46	175.2
1331.95	154.4	252.45	178
1335.48	153.2	250.92	176.8
1335.48	154	250.92	178
1335.9	155.2	249.7	177.6
1338.3	153.2	246.5	181.2
1338.3	155.6	241.4	181.5
1335.6	154.4	233.1	185.8
1330.89	154	230.01	186.2
1327.36	153.61	222.94	189.39
1323.43	155.18	212.37	190.52
1316.76	154.78	209.24	194.82
1311.27	159.49	205.33	193.61
1305	160.3	197.1	201
1305	165	184.9	199.4
1297.54	164.61	182.16	204.09
1295.58	167	176.32	202.9
1295.6	169.7	168.8	202.6
1291.7	174.8	160.9	200.2
1293.27	177.15	155.43	200.55
1292.1	180.7	149.5	202.1
1287.4	183.8	149.9	186.5
1283.9	183.8	153.4	200.2
1279.98	187.3	153.4	200.2
1279.98	188.9	153.4	200.2
1279.98	189.7	152.22	204.89
1277.62	190.49	152.23	204.89
1275.27	194	152.22	204.9
1273.3	195.18	150.7	202.92
1270.95	193.6	151.05	203.7
1269.77	199.1	152.63	201.3
1269.77	199.1	152.63	202.5
1267.8	201.1	152.6	200.9
1266.23	203	154.17	202.1
1266.23	204.95	154.17	200.95
1266.23	206.9	154.17	199.8
1266.23	208.5	154.17	198.2
1266.23	209.3	151.47	198.6
1264.66	209.3	152.24	200.17
1261.52	210.5	152.24	198.97
1256.81	210.5	150.69	200.1
1255.24	210.5	150.69	200.49
1248.6	210.11	155.8	192.99
1250.17	210.11	153.43	190.99
1247.82	209.3	154.98	189.8
1248.99	208.91	152.61	186.69
1250.17	206.16	155.33	186.34
1252.1	206.16	153.4	184.04
1254.06	206.6	153.04	180.1
1254.1	206.6	154.6	182.1
1256.45	207.8	153.45	180.5
1256.45	208.2	153.45	180.89
1256.45	211.7	156.55	179.3
1258.42	211.7	155.78	180.9
1262.3	213.7	153.9	181.7
1265.83	216.84	153.87	178.16
1268.58	217.62	155.02	178.98
1271.72	221.94	155.02	175.46
1278	221.94	151.9	176.66
1277.61	223.5	153.49	174.7
1279.18	225.9	152.72	172.3
1279.18	223.2	157.42	175
1281.53	220.8	158.97	177.4
1280.7	220.41	164.5	178.59
1286.59	221.2	165.31	177.41
1287	220.81	166.1	178.99
1291.3	220.81	164.9	178.99
