1752.92	615.31	143.48	58.99
1752.66	614.8	145.12	59.59
1752.4	615.48	146.76	58.99
1747.11	616.5	148.4	61
1740.51	618.56	149.19	60
1733.91	620.62	151.69	59.01
1726.08	623.03	157.32	59
1719.65	624.31	153.55	59.01
1714.9	625.6	150.6	59.01
1708.88	626.89	149.02	59.01
1703.99	628.17	140.71	59.03
1699.17	628.74	134.43	59
1694.36	629.3	132.64	58.97
1689.54	629.87	132.26	58.94
1684.72	630.43	140.28	58.91
1679.9	631	145.4	58.88
1676.8	632.25	150	59.17
1671.5	634.24	155.6	58.86
1668.2	635.11	157.3	58.99
1665.27	635.97	158.63	59.13
1662.33	636.84	159.97	59.26
1661.09	638.57	160.44	59.12
1659.85	640.31	160.92	58.97
1658.61	642.04	161.39	58.83
1657.37	643.77	162.8	58.69
1656.13	645.5	164.2	58.55
1654.89	647.24	165.61	58.4
1654.4	648.97	163.53	58.26
1653.9	650.7	161.47	58.12
1654.39	650.2	160.11	60.21
1655.06	653.89	158.84	58.11
1656.8	654.23	154.9	58.11
1656.82	654.56	150.08	58.11
1657.79	654.9	147.01	58.11
1656.58	655.52	147.72	58.1
1655.38	656.13	148.42	58.11
1653.19	656.91	144.61	58.11
1649.6	657.84	139.5	58.1
1647.04	659.6	132.56	58.1
1643.78	661.78	128.62	58.11
1639.69	663.68	129.51	57.82
1635.77	665.6	130.93	58.69
1631.58	667.3	127.62	58.95
1627.39	669.81	120.31	58.96
1623.19	671.77	117.01	59.23
1617.88	675.13	113.12	58.07
1614.8	676.24	113.12	58.08
1610.05	678.2	110.35	58.07
1605.3	678.48	101.4	60.32
1599.43	679.6	101.67	58.6
1594.39	681	101.68	58.6
1589.64	682.67	97.76	57.73
1584.61	684.07	96.39	57.73
1580.13	685.19	96.4	57.73
1574.82	686.59	96.39	57.73
1570.91	688.27	94.99	58.53
1567.27	689.95	96.93	58.25
1563.36	691.63	100.04	58.27
1560	693.31	100.04	58.27
1555.81	694.43	101.99	58.27
1553.02	695.54	101.99	58.28
1550.78	696.66	96.42	58.27
1547.7	696.94	92.8	57.16
1543.51	697.78	90.59	56.92
1540.71	698.62	89.49	58.08
1538.47	699.74	86.33	59.46
1535.96	699.74	83.84	59.46
1535.68	700.3	79.92	59.46
1533.16	699.74	79.92	59.46
1531.9	699.6	79.09	59.46
1530.64	699.46	78.26	59.46
1529.53	699.46	76.87	59.46
1529.53	699.46	76.27	59.46
1529.8	699.46	71.5	59.46
1530.93	699.46	71.47	59.46
1531.58	699.56	70.45	59.92
1532.23	699.65	69.44	60.39
1532.88	699.74	68.42	60.86
1532.88	700.86	68.42	60.04
1533.72	701.7	67.58	60.04
1535.4	702.82	66.2	60.04
1537.92	704.22	66.2	60.04
1537.97	704.38	72.43	60.53
1538.58	703.42	71.52	61.02
1537.66	703.03	68.34	61.51
1536.45	702.62	65.35	62.01
1536.08	702.22	65.22	62.5
1534.71	701.82	64.29	62.99
1530.91	701.42	69.49	63.48
1527.03	704.22	74.77	62.71
1523.16	704.22	83.64	63.05
1521.42	704.22	88.58	63.38
1516.82	704.26	98.18	63.98
1512.49	705.97	102.71	64.58
1509.29	706.84	102.31	65.19
1503.65	707.72	100.15	65.78
1495.57	708.24	106.03	66.36
1489.56	707.38	109.74	67.32
1484.39	707.25	115.81	67.95
1472.84	706.08	126.1	69.57
1467.18	705.06	130.52	70.34
1460.83	705.69	133.77	69.81
1452.81	705.06	133.63	71.03
1444.78	704.43	133.49	72.25
1435.82	704.22	134.48	72.88
1427.62	704.02	139.38	73.88
1421.47	703.81	144.49	74.59
1415.32	703.6	149.6	75.3
1406	703.39	152.32	76.01
1400.53	703.18	152.87	76.72
1392.81	701.42	158.49	74.58
1385.91	699.41	157.91	75.21
1379	697.4	157.35	75.85
1373.73	696.46	155.14	75.42
1368.47	695.52	152.93	74.98
1362.38	694.04	161.02	76.49
1356.3	693.91	164.9	76.87
1351.7	692.65	165.43	77.26
1347.1	691.4	165.96	77.64
1342.42	690.68	165.86	77.49
1337.73	689.96	165.77	77.34
1334.96	689.6	168.44	76.93
1332.19	689.25	163.31	76.5
1329.42	688.89	156.18	76.09
1326.65	688.53	155.95	75.67
1323.88	688.17	154.02	75.23
1321.11	687.82	158.19	74.78
1318.34	687.46	161.46	74.34
1318.12	684.86	165.68	76.14
1315.67	684.23	167.52	75.62
1315.09	681.6	167.71	76.8
1313.73	679.9	166.42	76.97
1312.37	678.2	165.13	77.14
1311.01	677.04	157.89	76.77
1309.65	675.06	154.25	77.22
1308.63	673.44	156.87	77.65
1305.66	672.2	159.34	78.1
1302.79	670.4	163.51	81.2
1299.43	668.6	166.27	81.7
1297.47	666.98	166.98	81.77
1295.52	665.36	167.68	81.84
1294.12	664.24	159.58	80.96
1289.09	662	160.41	81
1284.89	658.93	160.41	83.27
1281.26	655.85	160.41	83.27
1276.5	653.33	84.6	74.87
1273.71	649.7	81.79	68.7
1268.96	645.51	78.44	67.59
1264.76	641.59	77.34	56.71
1260.29	638.79	74.01	47.21
1253.02	637.39	60.88	37.11
1247.43	634.6	50.57	34
1237.64	634.04	35.16	26.46
1226.46	637.12	23.14	14.48
1221.71	631.41	60.74	13.34
1216.95	625.7	98.35	12.2
1226.18	623.46	76.02	16.14
1218.35	621.79	70.75	17.81
1204.65	618.15	95.95	26.15
1187.04	614.24	138.26	62.26
1173.6	611.2	128.6	65.3
1160.46	606.12	172.54	95.58
1152.75	602.98	176.95	92.02
1146.69	602.66	175.51	94.54
1136.94	599.81	170.96	93.09
1127.78	596.96	170.82	92.24
1118.61	594.11	174.39	94.09
1111.26	592.39	174.94	92.81
1103.24	591.7	170.46	88.8
1094.44	589.26	173.26	88.24
1084.87	587.71	173.33	87.49
1078.1	586.31	174.3	85.67
1071.33	584.9	172.37	83.85
1064.56	583.5	170.29	82.02
1057.79	580.28	169.61	82.02
1050.29	577.69	169.21	83.81
1045.7	574.05	169	83.55
1044.38	569.73	165.52	85.17
1038.35	566.67	163.45	85.18
1032.31	563.6	161.39	85.2
1026.47	560.7	165.13	87.3
1022.35	558	162.75	89
1015.63	555.35	165.67	89.75
1008.91	552.69	170.69	90.51
1001.61	552.07	165.99	90.63
992.37	550.1	171.93	88.6
988.27	547.63	169.13	89.47
981.45	543.93	166.05	90.77
975.32	543.4	165.28	90.6
966.6	537.98	164.8	89.73
959.63	535.48	166.67	89.82
950.8	534.11	168.6	91.79
941.97	532.73	170.53	93.77
935.19	530.2	169.31	94.5
927.04	529.47	170.26	94.83
918.89	527.97	170.41	94.13
911.45	526.47	173.45	95.73
897.75	524.06	170.45	94.64
888.24	522.43	173.16	95.37
881.5	520.14	170.5	93.46
871.09	519.95	170.91	92.75
861.37	518.21	173.63	92.69
851.64	516.46	167.96	94.24
841.08	514.72	167.32	94.18
831.07	512.98	165.43	93.22
814.52	511.48	171.78	93.02
803.9	511.89	172.6	93.11
792.9	509.87	171.5	90.73
780.42	509.38	167.5	92.92
766.98	506.49	173.32	93.21
756.66	504.99	172.34	93.31
743.42	504.86	169.68	93.4
732.7	503.6	169.4	93.5
720.3	502.9	167.6	94
707.9	501.97	163.8	91.63
695.5	501.04	160	89.26
687.81	500.25	151.09	86.75
679.79	501.09	145.61	85.61
671.24	500.54	147.36	89.66
665.18	500.6	146.52	85.6
657.4	501.36	151.6	82.64
651.81	501.64	154.09	82.64
646.5	501.64	159.1	82.64
642.3	500.8	166.1	82.64
640.62	501.08	166.1	82.64
640.62	498.56	161.88	81.24
645.94	496.33	139.46	77.07
656	496.61	129.7	75.09
660.48	498.29	120.12	74.81
664.11	500.8	106.39	73.7
667.47	502.21	93.83	73.99
670.54	505	82.66	72.6
673.62	510.32	75.68	72.58
677.26	513.4	71.44	72.6
675.86	516.19	61.34	72.61
677.82	517.87	57.98	76.53
672.8	521.34	58.6	74.26
664.4	526.48	65.95	73.62
669.9	529.11	63.59	74.29
673.6	530.62	62.1	76.58
675.4	535.56	65.17	76.64
677.3	537.08	65.9	76.72
689.94	538.33	59.06	86.27
707.33	541.89	46.47	85.41
709.13	543.31	49.77	91.29
708.57	548.63	53.53	91.37
706.62	554.78	57.68	86.92
703.54	560.93	63.86	86.97
706.06	564.85	62.74	87.85
706.34	569.04	62.76	88.66
706.34	569.04	61.96	93.66
712.4	572.5	54.79	95.75
709.5	582.2	56.57	91.6
714.9	584.2	50.06	95.57
714	581.4	49.85	104.06
713.5	581.7	47.83	110.5
712.2	584.2	47.74	113.9
709.6	588	47.32	112.74
706.2	590.1	49.09	116.07
704.6	603.5	44.66	108.1
701	610.1	45.21	106
697.5	618.45	44.34	101.05
693.9	626.79	43.57	93.91
688.3	635.13	44.8	100.47
679.6	636.4	49.13	101.2
677.7	641.92	45.61	99.98
671	654.67	47.39	90.43
665.4	656.22	49.01	93.68
660.7	660.3	48.44	94.4
656	664.37	47.88	95.13
651	670.5	48.8	92.3
638.96	670.78	57.14	97.32
626.93	677.49	67.17	94.21
622.02	680.57	69.28	93.43
619.07	682.52	71.23	95.98
616.33	682.53	72.67	101.27
609.4	689.8	83.8	95.5
605.8	688	87.9	99.07
608.6	696.5	86.1	95
608.33	702.51	87.97	90.69
607.94	703.49	92.96	91.41
609.36	705.3	95.84	94.7
613.57	707.11	91.93	95.19
618.07	713.11	87.63	92.49
621.07	713.34	80.63	92.96
621.9	717.2	77.2	91.5
620	721.61	75.7	90.49
622.99	725.28	73.81	91.02
626.73	725.84	79.97	92.66
629.08	725.49	87.82	95.11
631.43	726.69	93.47	95.31
634.11	725.5	100.59	97
636.12	724.98	105.68	95.42
638.46	726.14	112.84	94.96
638.57	730.42	112.13	88.18
640.35	731.36	110.45	86.44
639.72	732.29	111.78	84.71
650.5	732.05	105.4	82.95
658.3	731.28	101.3	82.32
668.09	729.96	95.81	84.84
670.7	730.33	96.4	84.37
667.8	732.5	91.44	81.62
655.44	729.3	96.61	84.24
653.66	728.28	95.39	84.17
654.23	727.6	94.17	84.1
653.28	726.08	101.72	84.42
645.9	725.23	113.5	84.47
643.77	724.38	108.53	85.22
640.3	720.84	107.6	86.46
653.8	719.66	92.1	85.94
656.65	717.9	84.25	87.4
650.95	717.15	87.95	86.95
645.25	714.72	90.38	88.16
639.56	712.28	92.79	89.37
633.86	709.85	95.22	90.58
628.16	707.41	97.64	91.79
621.65	704.97	98.75	90.64
615.82	702.54	92.58	91.46
609.34	699.67	92.71	92.48
602.86	696.8	92.84	93.5
596.25	695.43	98.3	91.37
594	691.88	96.4	90.42
592.07	689.66	103.33	88.94
593.16	686.78	99.34	90.22
590.67	687.02	99.63	88.98
588.18	681.56	98.72	91.34
584.22	679.19	98.78	92.51
583.39	675.7	94.91	93.5
574.98	671.35	97.12	96.05
562.8	669.46	103.4	93.24
559.35	666.58	106.65	96.02
558.3	664.21	107.8	93.54
557.26	661.85	108.94	91.05
557.22	657.46	110.58	96.34
560.99	654.42	111.01	93.78
561.4	651.38	118	94.42
567.45	647.94	118.25	98.16
574.67	643.66	116.23	104.34
575.7	639.23	113.8	103.57
577.37	634.3	113.13	106.4
580.49	630.34	111.01	109.16
582.5	626.99	115	112.11
576.13	623.3	119.4	112.14
584.51	618.27	127.49	111.13
572.44	614.2	149.26	114.5
573.45	607.82	158.94	121.88
574.12	602.12	161.98	131.28
584.18	597.76	152.22	135.94
590.22	591.72	145.88	136.98
605.99	585.01	132.11	127.59
614.38	583	113.32	122.2
623.78	577.97	105.22	124.93
626.8	573.61	103.9	122.89
631.49	569.25	101.21	123.25
626.8	564.88	102.5	124.22
624.45	563.54	109.25	126.26
627.47	561.87	112.63	119.23
625.12	559.18	112.68	124.62
625.79	553.14	111.01	128.96
621.09	553.14	111.01	125.26
617.07	551.46	112.33	121.94
620.42	550.79	108.68	111.21
622.1	548.45	104.7	112.25
629.15	549.45	93.95	108.25
628.14	545.42	94.66	109.98
623.11	544.42	94.69	105.28
620.76	544.08	98.34	105.32
614.38	542.4	105.42	103
610.36	540.73	116.44	102.97
607.34	540.73	123.16	100.27
596.27	539.39	136.93	99.31
589.06	539.04	141.24	98.26
588.55	539.04	131.45	91.56
582	539.04	117.8	93.96
568.3	539.03	125.1	95.87
558.04	539.45	135.46	98.01
550.52	542.74	145.48	97.83
536.41	543.36	161.29	97.64
529.2	543.97	169.3	96.73
522.13	544.59	175.97	98.31
513.74	544.08	182.86	102.32
509.29	546.11	189.06	101.96
504.84	548.13	195.26	101.61
500.39	548.13	200.51	101.27
497.28	547.25	203.72	98.25
495.26	544.26	201.84	97.24
494.38	543.89	194.02	97.01
494.68	541.9	188.02	98.1
492.34	538.9	187.66	100.99
490.42	537.88	189.78	100.82
488.57	535.7	194.23	100.6
484.96	533.84	194.24	102.86
485.37	531.97	193.53	103.13
483.77	530.11	195.13	104.39
482.17	530.04	187.43	102.96
482.67	527.36	176.03	105.24
483.1	527.71	179.24	105.3
484.5	524.81	176	106.09
488.58	524.02	174.82	112.98
491.59	521.8	171.31	114.5
488.57	520.26	161.73	112.34
481.53	520.26	153.97	105.34
477.84	518.25	147.96	105.35
475.49	518.59	150.01	104.31
476.5	514.56	147	108.04
473.48	513.89	146.32	102.31
473.81	508.5	134.59	107
475.8	496.8	126.2	118.4
478.82	498.5	111.08	112.7
478.82	503.8	98.68	106.1
480.16	502.84	80.94	103.66
480.16	506.9	69.84	99.6
478.49	509.25	63.11	96.55
478.49	506.56	58.11	96.54
472.78	506.56	58.12	96.54
471.44	503.21	64.46	97.19
468.42	500.53	72.18	97.17
464.73	497.84	76.87	89.46
463.39	497.51	64.11	89.08
459.36	495.16	56.74	88.44
457.02	494.49	52.38	88.41
450.3	490.13	48.7	88.41
444.27	489.12	45.63	88.41
437.56	487.4	48.94	90.13
434.2	487.4	48.94	90.13
429.17	483.38	52.33	85.12
423.8	482.37	62.7	83.83
415.08	479.69	75.82	87.81
415.75	478.01	71.75	85.49
407.03	473.65	85.17	84.15
397.63	469.96	93.87	83.84
394.28	466.27	93.22	84.83
388.57	462.91	89.53	85.49
390.25	460.23	73.45	85.87
398.64	457.54	52.96	78.86
401.66	456.54	43.94	78.86
404.01	452.85	40.29	81.25
407.7	449.49	35.9	80.91
408.37	447.82	36.23	78.58
405.35	446.47	39.95	78.23
400.99	444.79	45.61	81.91
397.3	443.12	49.6	79.18
398.3	442.78	48.6	82.82
398.97	441.1	49.93	85.8
405.01	440.1	45.89	80.8
414.74	438.76	38.46	76.14
421.79	437.75	34.11	78.15
424.47	435.4	36.43	83.9
427.16	434.73	37.74	81.57
430.51	433.39	45.79	79.51
432.19	433.39	51.81	78.81
