988.58	448.59	44.68	53.11
990.2	448.1	44	53
991	447	44	53.9
991	447	44	51
993.1	447.6	45.8	52.5
995	446	44	53.8
995	446.5	45	52.9
995.9	446.3	44.8	52.8
996.4	445.5	44.26	52.8
998	445	44	52.8
998.3	444.7	45.6	53
999.2	443.9	44.9	54.1
999.8	444	45.2	53.4
1000.3	444	45.7	53.4
1001.4	443.7	44.6	52.8
1002.2	443	44.8	53.1
1002.5	442.38	45.5	53.62
1002.9	442	45.2	53.7
1004	442.1	44	52.9
1004.3	441	44.3	54.5
1005.9	440	43	55.1
1007	440	42.8	53.6
1007	440	44	52.8
1007	440.1	43.8	52.9
1007.57	439.71	44.03	52.39
1008	440	44	51
1007	437.9	44	53.1
1007	437.3	44	53.7
1008	436	44	53.2
1007.1	435.5	45.9	53.5
1007.8	434.4	45.7	53.3
1007.3	432.7	45.6	54.7
1010.3	432.45	44	53.85
1010.4	432.2	43.5	53.4
1010.8	431.6	43.6	53.5
1010.5	430.9	43.9	53.2
1010.7	430.4	43.8	53.7
1010.4	430.3	44.6	51.9
1010.75	428.25	44.6	53.05
1011.09	426.21	44.61	54.19
1010.38	426.11	45.52	52.69
1011.01	425.27	45.09	53.83
1012.73	423.53	42.87	54.97
1012.78	423.74	42.72	53.96
1013.29	422.88	42.49	53.96
1013.81	422.01	42.25	53.97
1014.33	421.14	42.01	53.98
1014.85	420.27	41.77	53.99
1015.37	419.4	41.53	54
1015.33	418.64	41.47	54.06
1015.28	417.88	41.42	54.12
1015.24	417.11	41.36	54.19
1015.2	416.35	41.3	54.25
1015.3	415.44	41.13	54.41
1015.4	414.52	40.95	54.58
1015.5	413.61	40.78	54.74
1015.6	412.7	40.6	54.9
1015.6	411.72	40.64	54.91
1015.6	410.74	40.67	54.91
1015.6	409.75	40.71	54.93
1015.6	408.77	40.75	54.93
1015.85	407.79	40.54	54.96
1016.1	406.81	40.32	54.99
1016.35	405.83	40.11	55.02
1016.6	404.84	39.9	55.06
1017.18	404.39	39.22	54.91
1017.75	403.93	38.56	54.77
1018.33	403.48	37.88	54.62
1018.9	403.03	37.22	54.47
1018.37	402.57	37.73	54.4
1017.85	402.12	38.23	54.31
1017.32	401.66	38.73	54.24
1016.8	401.2	39.23	54.8
1016.53	401.32	39.37	54.71
1016.25	401.44	39.53	54.61
1015.98	401.56	39.67	54.52
1015.7	401.68	39.82	54.42
1015.47	401.8	39.47	54.6
1015.25	401.92	39.11	54.78
1015.02	402.04	38.76	54.96
1014.8	402.16	38.4	55.14
1014.4	402.88	37.9	55.02
1014	403.59	37.4	54.91
1013.6	403.41	37.5	55.04
1013.2	403.22	37.6	55.18
1012.93	403.48	37.27	55.07
1012.66	403.75	36.94	54.95
1012.39	404.01	36.61	54.84
1012.12	404.27	36.28	54.73
1011.74	404.04	36.34	54.61
1011.36	403.82	36.39	54.48
1010.98	403.59	36.45	54.36
1010.6	403.36	36.5	54.24
1010.31	402.63	36.17	54.32
1010.02	401.9	35.83	54.4
1009.73	401.17	35.5	54.48
1009.44	400.44	35.16	54.56
1009.07	399.87	34.92	54.13
1008.7	399.3	34.68	53.7
1008.04	398.05	33.76	53.95
1007.73	396.81	33.65	54.19
1007.42	395.56	33.54	54.44
1007.11	394.31	33.43	54.69
1006.81	393.07	33.31	54.93
1006.5	391.82	33.2	55.18
1006.9	390.03	32.04	55.57
1006.03	388.23	32.15	55.57
1005.17	386.44	32.24	55.56
1004.3	384.64	32.35	55.56
1003.81	383.95	32.13	55.33
1003.32	383.25	31.91	55.1
1002.84	382.56	31.67	54.87
1002.35	381.86	31.45	54.64
1001.54	380.44	31.74	54.79
1000.72	379.01	32.03	54.94
999.91	377.59	32.32	55.09
999.1	376.17	32.6	55.23
998.53	375.24	32.6	54.81
997.95	374.31	32.6	54.39
997.38	373.39	32.6	53.96
996.8	372.46	32.6	53.54
995.85	371.54	32.3	54.01
994.9	370.62	32	54.48
993.95	369.69	31.7	54.96
993	368.77	31.4	55.43
992.37	368.55	30.83	56.18
991.73	368.32	30.27	56.93
991.1	368.1	29.7	57.68
990.47	367.88	29.13	58.42
989.32	367.86	28.97	58.63
988.17	367.84	28.8	58.83
987.02	367.82	28.64	59.04
985.87	367.8	28.48	59.25
984.68	368.01	28.36	59.33
983.49	368.22	28.23	59.4
982.29	368.43	28.12	59.48
981.1	368.64	28	59.56
979.64	368.83	28.49	59.55
978.17	369.03	28.98	59.52
976.71	369.22	29.47	59.51
975.25	369.41	29.95	59.49
973.79	369.6	30.14	59.18
972.32	369.79	30.33	58.86
970.86	369.99	30.52	58.54
969.4	370.18	30.7	58.22
968.16	370.27	30.69	58.39
966.92	370.37	30.68	58.56
965.69	370.47	30.66	58.72
964.45	370.56	30.65	58.89
963.21	370.66	30.64	59.05
961.97	370.75	30.63	59.23
960.74	370.85	30.61	59.39
959.5	370.95	30.6	59.55
958.23	371.23	30.96	59.52
956.95	371.52	31.33	59.48
955.68	371.81	31.68	59.44
954.4	372.1	32.05	59.4
953.65	372.38	31.89	59.45
952.9	372.67	31.73	59.48
952.14	372.96	31.57	59.52
951.39	373.24	31.41	59.56
950.77	373.86	31.84	59.27
950.15	374.48	32.27	58.97
949.52	375.1	32.72	58.68
948.9	375.72	33.15	58.38
948.58	375.73	33.28	58.62
948.25	375.75	33.42	58.85
947.93	375.77	33.56	59.08
947.6	375.79	33.7	59.31
947.6	375.72	33.77	59.37
947.59	375.66	33.86	59.42
947.59	375.59	33.93	59.47
947.58	375.53	34.02	59.52
947.58	375.47	34.09	59.57
947.57	375.4	34.18	59.63
947.57	375.34	34.25	59.67
947.56	375.28	34.34	59.72
947.68	375.03	34.46	59.8
947.8	374.79	34.58	59.86
947.91	374.54	34.7	59.94
948.03	374.3	34.82	60
948.15	374.27	34.94	59.66
948.27	374.25	35.06	59.3
948.38	374.23	35.18	58.95
948.5	374.2	35.3	58.6
948.4	373.69	35.56	59.01
948.3	373.18	35.82	59.42
948.2	372.67	36.09	59.83
948.1	372.15	36.35	60.25
948.49	372.09	36.22	60.26
948.87	372.03	36.1	60.27
949.26	371.97	35.98	60.28
949.65	371.91	35.85	60.29
950.09	371.93	35.84	60.3
950.52	371.95	35.83	60.3
950.96	371.98	35.82	60.3
951.4	372	35.8	60.3
951.23	372.03	36.47	60.3
951.05	372.05	37.15	60.3
950.88	372.08	37.82	60.3
950.7	372.1	38.5	60.3
951	372.62	38.66	60.11
951.3	373.14	38.83	59.91
951.6	373.66	38.99	59.72
951.9	374.18	39.15	59.52
952.39	373.94	39.02	59.89
952.88	373.71	38.9	60.24
953.37	373.48	38.77	60.6
953.87	373.25	38.63	60.95
954.87	373.84	38.59	60.74
955.88	374.43	38.54	60.52
956.89	375.02	38.5	60.31
957.9	375.6	38.45	60.1
958.3	375.59	38.56	60.34
958.7	375.58	38.67	60.57
959.1	375.56	38.79	60.82
959.5	375.55	38.9	61.05
959.9	375.78	39.25	61.05
960.3	376	39.6	61.05
960.7	376.23	39.95	61.05
961.1	376.45	40.3	61.05
961.88	376.45	40.27	61.3
962.65	376.45	40.25	61.55
963.43	376.45	40.22	61.8
964.2	376.45	40.2	62.05
964.95	376.63	40.39	61.92
965.7	376.8	40.57	61.8
966.45	376.98	40.76	61.67
967.2	377.15	40.95	61.55
967.75	377.33	41.34	61.42
968.29	377.5	41.73	61.3
968.84	377.68	42.12	61.17
969.39	377.85	42.51	61.05
970.25	377.9	42.51	61.26
971.11	377.95	42.52	61.48
971.97	377.99	42.52	61.7
972.84	378.04	42.51	61.91
973.7	378.09	42.51	62.12
974.56	378.14	42.52	62.34
975.42	378.19	42.52	62.55
976.29	378.23	42.51	62.77
977.14	378.68	42.82	62.44
977.99	379.13	43.13	62.12
978.85	379.58	43.43	61.8
979.7	380.02	43.74	61.48
980.71	379.72	43.44	61.8
981.73	379.42	43.12	62.12
982.74	379.11	42.82	62.45
983.76	378.81	42.51	62.77
984.91	379.03	42.74	62.83
986.06	379.24	42.98	62.9
987.21	379.46	43.21	62.96
988.36	379.68	43.44	63.02
989.47	380.32	43.73	62.63
990.58	380.96	44.02	62.24
991.69	381.6	44.31	61.85
992.8	382.24	44.6	61.46
994.2	382.46	44.75	61.57
995.6	382.67	44.9	61.68
997	382.89	45.05	61.79
998.4	383.11	45.2	61.89
999.75	383.33	45.4	61.9
1001.1	383.55	45.6	61.9
1002.45	383.77	45.8	61.91
1003.8	383.99	46	61.91
1005.13	383.99	46.37	62.34
1006.45	383.99	46.75	62.76
1007.78	383.99	47.12	63.19
1009.1	383.99	47.5	63.61
1010.78	384.16	47.57	63.29
1012.45	384.34	47.65	62.96
1014.13	384.51	47.72	62.64
1015.8	384.69	47.8	62.31
1017.18	384.67	48.02	62.33
1018.57	384.66	48.23	62.34
1019.95	384.64	48.45	62.36
1021.33	384.63	48.67	62.37
1022.71	384.61	48.67	62.42
1024.1	384.59	48.65	62.46
1025.48	384.58	48.64	62.5
1026.86	384.56	48.64	62.54
1028.32	384.49	48.68	62.66
1029.79	384.41	48.71	62.79
1031.25	384.33	48.75	62.92
1032.71	384.25	48.79	63.05
1034.17	384.18	48.83	63.17
1035.63	384.1	48.87	63.3
1037.09	384.3	48.91	63.15
1038.55	385.14	48.95	62.36
1039.69	384.72	49.18	62.66
1040.84	384.3	49.41	62.95
1041.98	384.51	49.64	62.62
1043.13	384.72	49.87	62.28
1045.17	385	50.03	62.18
1046.41	385.7	50.19	61.65
1047.66	386.4	50.34	61.13
1048.9	387.1	50.5	60.6
1050.07	386.45	50.65	61.43
1051.23	385.79	50.82	62.26
1052.4	385.14	50.97	63.09
1054.2	384.49	50.5	63.91
1055.27	385.03	50.73	63.52
1056.34	385.58	50.96	63.12
1057.41	386.13	51.19	62.72
1058.48	386.67	51.42	62.33
1059.79	386.87	51.29	62.48
1061.1	387.06	51.15	62.64
1062.41	387.25	51.02	62.8
1063.72	387.44	50.88	62.96
1064.19	387.63	51.59	63.1
1064.65	387.82	52.3	63.23
1065.11	388.02	53.02	63.36
1065.57	388.21	53.73	63.49
1067.13	388.57	52.85	63.51
1068.68	388.93	51.97	63.52
1070.24	389.29	51.09	63.54
1071.8	389.64	50.2	63.56
1072.23	390.15	50.49	63.2
1072.65	390.66	50.8	62.84
1073.08	391.17	51.09	62.48
1073.5	391.68	51.4	62.12
1073.97	391.82	51.48	62.27
1074.44	391.96	51.56	62.42
1074.91	392.11	51.64	62.56
1075.38	392.25	51.72	62.71
1075.85	392.39	51.8	62.86
1076.32	392.53	51.88	63.01
1076.79	392.67	51.96	63.16
1077.26	392.81	52.04	63.31
1077.44	392.73	52.43	63.44
1077.63	392.65	52.82	63.57
1077.81	392.58	53.21	63.69
1078	392.5	53.6	63.81
1078.53	393.3	53.64	63.06
1079.07	394.09	53.68	62.32
1079.6	394.89	53.72	61.56
1080.13	395.68	53.77	60.82
1080.64	395.68	53.76	60.82
1081.14	395.68	53.77	60.82
1081.64	395.68	53.77	60.82
1082.15	395.68	53.76	60.82
1082.65	395.68	53.76	60.82
1083.15	395.68	53.77	60.82
1083.65	395.68	53.77	60.82
1084.16	395.68	53.76	60.82
1084.64	395.66	53.8	61.08
1085.11	395.64	53.86	61.34
1085.59	395.61	53.9	61.6
1086.07	395.59	53.94	61.86
1086.55	395.56	53.98	62.13
1087.03	395.54	54.03	62.39
1087.51	395.52	54.07	62.64
1087.99	395.49	54.11	62.91
1088.57	395.81	54.13	62.8
1089.16	396.14	54.14	62.69
1089.74	396.46	54.16	62.58
1090.33	396.78	54.17	62.47
1090.91	397.1	54.19	62.36
1091.5	397.42	54.2	62.26
1092.08	397.74	54.22	62.15
1092.67	398.06	54.23	62.04
1093.25	398.39	54.25	62.17
1093.84	398.71	54.26	62.32
1094.42	399.03	54.28	62.46
1095.01	399.35	54.29	62.6
1095.59	399.67	54.31	62.74
1096.18	399.99	54.32	62.89
1096.76	400.31	54.34	63.03
1097.35	400.63	54.35	63.17
1097.93	400.96	54.37	63.39
1098.51	401.28	54.39	63.62
1099.1	401.6	54.4	63.85
1099.68	401.92	54.42	64.08
1100.49	402.24	54.21	64.26
1101.29	402.56	54.01	64.44
1102.1	402.89	53.8	64.61
1102.9	403.21	53.6	64.79
1103.3	403.53	53.95	64.85
1103.7	403.85	54.3	64.9
1104.1	404.17	54.65	64.95
1104.5	404.49	55	65.01
1105.05	404.81	55.28	64.72
1105.6	405.13	55.55	64.42
1106.15	405.45	55.83	64.13
1106.7	405.78	56.1	63.82
1107.6	405.94	55.57	63.46
1108.5	406.09	55.05	63.11
1109.4	406.25	54.52	62.75
1110.3	406.41	54	62.39
1110.68	406.37	54.64	62.68
1111.05	406.33	55.28	62.97
1111.43	406.29	55.92	63.26
1111.8	406.25	56.57	63.55
1112.35	406.74	56.35	62.76
1112.9	407.22	56.13	61.98
1113.45	407.71	55.9	61.19
1114	408.19	55.68	60.41
1114.4	408.38	55.86	60.3
1114.8	408.56	56.04	60.19
1115.2	408.75	56.22	60.08
1115.6	408.93	56.4	59.97
1116.15	409.34	56.43	59.65
1116.7	409.74	56.45	59.34
1117.25	410.14	56.48	59.02
1117.8	410.55	56.5	58.7
1118.35	410.95	56.53	58.39
1118.9	411.35	56.55	58.08
1119.45	411.76	56.58	57.75
1120	412.16	56.6	57.44
1120.41	412.45	56.63	57.39
1120.81	412.74	56.67	57.34
1121.22	413.02	56.69	57.29
1121.62	413.31	56.73	57.24
1122.03	413.6	56.76	57.19
1122.44	413.89	56.79	57.14
1122.84	414.18	56.82	57.08
1123.25	414.46	56.85	57.04
1124.01	414.51	56.54	57.22
1124.77	414.56	56.23	57.39
1125.54	414.61	55.91	57.57
1126.3	414.66	55.6	57.74
1126.45	414.7	55.9	57.73
1126.59	414.75	56.21	57.7
1126.74	414.8	56.51	57.68
1126.89	414.85	56.81	57.65
1127.25	414.89	56.73	57.79
1127.61	414.94	56.64	57.91
1127.97	414.99	56.56	58.04
1128.33	415.04	56.47	58.16
1128.85	415.09	56.53	58.14
1129.36	415.13	56.59	58.12
1129.88	415.18	56.65	58.1
1130.4	415.23	56.7	58.07
1130.78	415.66	56.92	57.72
1131.15	416.09	57.15	57.36
1131.53	416.52	57.37	57.01
1131.9	416.96	57.6	56.64
1132.8	417.39	57.3	56.19
1133.71	417.82	56.99	55.73
1134.61	418.25	56.69	55.28
1135.51	418.68	56.39	54.82
1135.81	414.3	56.67	58.96
1136.11	414.13	56.94	58.89
1136.41	413.96	57.22	58.83
1136.71	413.8	57.49	58.75
1137	413.63	57.78	58.68
1137.3	413.46	58.05	58.61
1137.6	413.29	58.33	58.55
1137.9	413.13	58.6	58.47
1138.38	413.27	58.75	58.91
1138.85	413.41	58.9	59.34
1139.33	413.56	59.05	59.77
1139.8	413.7	59.2	60.2
1140.23	413.84	59.15	59.84
1140.65	413.99	59.1	59.46
1141.08	414.13	59.05	59.1
1141.5	414.28	59	58.72
1141.81	414.28	59.12	58.63
1142.11	414.28	59.24	58.55
1142.42	414.28	59.36	58.46
1142.72	414.28	59.48	58.37
1143.03	414.28	59.6	58.28
1143.33	414.28	59.72	58.2
1143.64	414.28	59.84	58.11
1143.94	414.28	59.96	58.02
1144.16	414.2	59.96	58.03
1144.37	414.13	59.96	58.03
1144.59	414.06	59.96	58.02
1144.81	413.99	59.95	58.02
1145.02	413.92	59.96	58.02
1145.24	413.84	59.95	58.03
1145.45	413.77	59.96	58.03
1145.67	413.7	59.95	58.03
1145.81	413.82	60.01	58.05
1145.96	413.94	60.06	58.08
1146.1	414.06	60.12	58.11
1146.24	414.18	60.17	58.13
1146.39	414.3	60.22	58.16
1146.53	414.42	60.28	58.19
1146.68	414.54	60.32	58.21
1146.82	414.66	60.38	58.24
1146.6	414.99	60.24	58.06
1146.39	415.33	60.09	57.87
1146.17	415.66	59.94	57.69
1145.96	416	59.79	57.5
1145.74	416.33	59.65	57.32
1145.53	416.67	59.5	57.13
1145.31	417	59.35	56.95
1145.1	417.34	59.2	56.76
1144.59	418.03	59.26	56.55
1144.09	418.73	59.31	56.32
1143.59	419.42	59.36	56.11
1143.09	420.12	59.41	55.88
1142.58	420.81	59.47	55.67
1142.08	421.51	59.52	55.44
1141.58	422.2	59.57	55.23
1141.07	422.9	59.63	55
1140.6	423.18	59.6	55.56
1140.12	423.47	59.58	56.11
1139.64	423.76	59.56	56.65
1139.16	424.05	59.54	57.2
1138.68	424.33	59.52	57.76
1138.2	424.62	59.5	58.31
1137.72	424.91	59.48	58.85
1137.24	425.2	59.46	59.4
1136.68	425.1	59.07	59.25
1136.12	425.01	58.68	59.09
1135.56	424.91	58.29	58.94
1135	424.82	57.9	58.78
1134.08	424.72	58.35	58.61
1133.15	424.62	58.8	58.43
1132.23	424.53	59.25	58.25
1131.3	424.43	59.7	58.07
1130.18	424.48	59.48	57.92
1129.05	424.53	59.28	57.77
1127.93	424.58	59.06	57.62
1126.8	424.62	58.85	57.48
1125.68	424.67	58.63	57.33
1124.55	424.72	58.43	57.18
1123.43	424.77	58.21	57.03
1122.3	424.82	58	56.88
1121.15	424.94	57.73	56.75
1120	425.06	57.45	56.62
1118.85	425.18	57.17	56.48
1117.7	425.3	56.9	56.35
1116.02	425.9	56.9	56.21
1114.35	426.49	56.9	56.09
1112.67	427.09	56.9	55.95
1111	427.69	56.9	55.81
1109.47	428.2	57.16	55.65
1107.93	428.71	57.42	55.49
1106.4	429.22	57.68	55.33
1104.87	429.73	57.93	55.17
1104.39	429.94	57.21	55.19
1103.91	430.15	56.49	55.2
1103.43	430.36	55.77	55.22
1102.95	430.56	55.05	55.24
1101.13	430.88	55.85	54.85
1099.32	431.2	56.63	54.45
1097.5	431.52	57.43	54.06
1095.68	431.84	58.22	53.66
1095.14	431.81	57.56	53.89
1094.59	431.78	56.91	54.12
1094.05	431.75	56.25	54.35
1093.51	431.71	55.59	54.59
1092.24	431.95	55.8	54.48
1090.98	432.19	56	54.36
1089.72	432.43	56.19	54.25
1088.46	432.67	56.39	54.13
1087.2	432.91	56.59	54.02
1085.93	433.15	56.8	53.9
1084.67	433.39	56.99	53.79
1083.41	433.63	57.19	53.67
1082.43	434.01	56.95	53.54
1081.45	434.4	56.7	53.4
1080.47	434.78	56.46	53.27
1079.48	435.17	56.22	53.13
1078.28	435.55	55.97	53.2
1077.07	435.93	55.73	53.27
1075.86	436.32	55.49	53.33
1074.66	436.7	55.24	53.4
1074.12	437.38	55.03	53.27
1073.58	438.06	54.82	53.14
1073.04	438.75	54.61	53
1072.51	439.43	54.39	52.87
1072.04	439.76	54.41	52.77
1071.58	440.09	54.42	52.66
1071.12	440.42	54.43	52.56
1070.66	440.76	54.44	52.44
1070.75	440.9	53.53	52.58
1070.84	441.04	52.61	52.71
1070.94	441.18	51.69	52.85
1071.03	441.32	50.77	52.98
1071.77	441.71	49.58	52.69
1072.51	442.11	48.39	52.39
1073.26	442.5	47.19	52.1
1074	442.5	46	52.2
1073.64	442.77	46.15	52.08
1073.28	443.03	46.3	51.97
1072.92	443.3	46.44	51.85
1072.56	443.24	46.59	52.06
1072.21	443.19	46.73	52.26
1071.85	443.13	46.88	52.47
1071.49	443.08	47.02	52.67
1071.13	443.02	47.17	52.88
1071.03	443.65	46.96	52.46
1070.94	444.27	46.74	52.05
1070.84	444.9	46.52	51.64
1070.75	445.21	46.3	51.54
1070.65	445.53	46.09	51.43
1070.55	445.84	45.88	51.33
1070.46	446.16	45.65	51.23
1070.36	446.47	45.44	51.13
1070.34	446.4	45.39	51.33
1070.31	446.33	45.34	51.52
1070.29	446.26	45.29	51.72
1070.27	446.19	45.23	51.91
1070.24	446.11	45.19	51.87
1070.22	446.04	45.13	51.81
1070.19	445.97	45.09	51.76
1070.17	445.9	45.03	51.7
1070.43	445.9	44.87	51.78
1070.69	445.9	44.71	51.85
1070.94	445.9	44.56	51.93
1071.2	445.9	44.4	52
1071.18	445.9	44.52	51.78
1071.17	445.9	44.63	51.55
1071.15	445.9	44.75	51.33
1071.13	445.9	44.87	51.1
1071.94	445.75	44.49	51.5
1072.76	445.61	44.09	51.89
1073.57	445.47	43.71	52.28
1074.39	445.32	43.31	52.68
1075.2	445.13	43.15	52.52
1076.02	444.94	42.98	52.36
1076.83	444.74	42.82	52.21
1077.64	444.55	42.66	52.05
1078.08	444	42.52	52.43
1078.52	443.45	42.38	52.8
1078.96	442.9	42.24	53.18
1079.4	442.34	42.1	53.56
1079.53	441.89	42.07	53.66
1079.67	441.44	42.03	53.76
1079.81	440.99	41.99	53.86
1079.94	440.54	41.96	53.96
1080.06	440.26	42.12	53.94
1080.18	439.98	42.27	53.92
1080.29	439.69	42.44	53.91
1080.41	439.41	42.59	53.89
1080.68	438.83	42.97	53.65
1080.94	438.25	43.36	53.4
1081.21	437.67	43.74	53.16
1081.48	437.09	44.12	52.91
1081.48	436.87	44.67	52.71
1081.48	436.66	45.22	52.49
1081.48	436.44	45.77	52.29
1081.48	436.23	46.32	52.07
1081.48	436.01	46.87	51.87
1081.48	435.79	47.42	51.66
1081.48	435.58	47.97	51.45
1081.48	435.36	48.52	51.24
1081.08	435.38	48.85	51.47
1080.69	435.4	49.16	51.7
1080.29	435.42	49.49	51.93
1079.9	435.43	49.8	52.17
1079.93	435.8	50.1	52.15
1079.95	436.17	50.4	52.13
1079.98	436.54	50.7	52.11
1080	436.9	51	52.1
1080.06	437.16	51.02	52.57
1080.13	437.42	51.02	53.03
1080.19	437.68	51.04	53.5
1080.25	437.94	51.05	53.96
1080.24	438.37	51.49	54.18
1080.23	438.8	51.92	54.4
1080.21	439.24	52.37	54.61
1080.2	439.67	52.8	54.83
1080.05	439.68	53.33	55.47
1079.9	439.69	53.85	56.11
1079.75	439.71	54.37	56.74
1079.6	439.72	54.9	57.38
1079.45	439.73	55.08	57.75
1079.3	439.74	55.25	58.11
1079.15	439.76	55.43	58.47
1079	439.77	55.6	58.83
1078.76	439.66	56.05	59.34
1078.52	439.56	56.51	59.84
1078.28	439.45	56.96	60.35
1078.04	439.35	57.41	60.85
1077.8	438.59	57.86	61.36
1077.56	437.83	58.32	61.87
1077.32	437.08	58.77	62.37
1077.08	436.32	59.22	62.88
1077.35	435.72	59.21	63.24
1077.61	435.12	59.22	63.61
1077.87	434.52	59.22	63.97
1078.14	433.93	59.21	64.32
1078.4	433.33	59.21	64.68
1078.66	432.73	59.22	65.05
1078.93	432.13	59.21	65.41
1079.19	431.53	59.21	65.77
1079.67	431	59.44	65.78
1080.15	430.48	59.68	65.77
1080.63	429.95	59.91	65.78
1081.11	429.42	60.14	65.78
1081.59	428.9	60.37	65.78
1082.07	428.37	60.61	65.78
1082.54	427.84	60.85	65.79
1083.02	427.32	61.08	65.78
1082.76	426.67	61.22	65.91
1082.5	426.03	61.35	66.02
1082.23	425.38	61.5	66.15
1081.97	424.73	61.63	66.27
1081.71	424.09	61.77	66.39
1081.44	423.44	61.91	66.51
1081.18	422.8	62.05	66.63
1080.92	422.15	62.18	66.75
1080.7	422.01	62.76	66.68
1080.48	421.86	63.35	66.62
1080.27	421.72	63.92	66.54
1080.05	421.58	64.5	66.47
1079.84	421.43	65.07	66.41
1079.62	421.29	65.66	66.34
1079.41	421.15	66.23	66.26
1079.19	421	66.81	66.2
1079.78	420.93	66.77	66.2
1080.37	420.86	66.73	66.19
1080.96	420.79	66.69	66.19
1081.55	420.71	66.65	66.19
1082.13	420.64	66.62	66.19
1082.72	420.57	66.58	66.18
1083.31	420.5	66.54	66.18
1083.9	420.43	66.5	66.17
1084.36	420.93	66.49	65.76
1084.83	421.43	66.47	65.35
1085.29	421.94	66.46	64.92
1085.75	422.44	66.45	64.51
1086.21	422.94	66.44	64.1
1086.68	423.45	66.42	63.68
1087.14	423.95	66.41	63.26
1087.6	424.45	66.4	62.85
1087.9	424.55	67.4	63.35
1088.2	424.65	68.4	63.85
1088.5	424.74	69.4	64.36
1088.8	424.84	70.4	64.86
1089.95	424.36	69.5	65.91
1091.1	423.88	68.6	66.97
1092.25	423.4	67.7	68.02
1093.4	423.8	66.8	68.2
1093.93	424	66.92	68.23
1094.45	424.2	67.05	68.25
1094.98	424.4	67.17	68.28
1095.5	424.5	67.3	68.4
1095.9	424.5	66.23	68.32
1096.3	424.5	65.15	68.25
1096.7	425.12	64.08	67.55
1097.1	425.75	63	66.85
1098.15	424.97	62.5	67.48
1099.2	424.2	62	68.1
1100.25	424.41	61.5	67.74
1101.3	424.62	61	67.38
1101.8	424.34	61.05	67.51
1102.3	424.06	61.1	67.64
1102.8	423.78	61.15	67.77
1103.3	423.5	61.2	67.9
1103.08	423.43	61.87	68.26
1102.85	423.35	62.55	68.63
1102.63	423.28	63.22	68.98
1102.4	423.21	63.9	69.34
1102.95	423.14	63.8	69.7
1103.5	423.07	63.7	70.06
1104.05	423	63.6	70.41
1104.6	422.92	63.5	70.78
1105.15	423	63.4	70.8
1105.7	423.07	63.3	70.83
1106.25	423.14	63.2	70.86
1106.8	423.21	63.1	70.89
1106.83	423.28	63.52	70.92
1106.85	423.35	63.95	70.95
1106.88	423.43	64.37	70.97
1106.9	423.5	64.8	71
1107	423.5	65.01	71.03
1107.1	423.5	65.23	71.05
1107.2	423.5	65.44	71.08
1107.3	423.5	65.65	71.1
1107.63	423.5	65.63	71.33
1107.95	423.5	65.63	71.55
1108.28	423.5	65.61	71.78
1108.6	423.5	65.6	72
1109	423.71	65.47	72.27
1109.4	423.93	65.33	72.52
1109.8	424.15	65.19	72.78
1110.2	424.36	65.05	73.04
1109.83	424.58	65.68	73.77
1109.45	424.79	66.33	74.51
1109.08	425.01	66.96	75.24
1108.7	425.22	67.6	75.98
1108.9	426.08	67.56	75.92
1109.1	426.95	67.52	75.85
1109.3	427.81	67.49	75.79
1109.5	428.67	67.45	75.73
1109.43	429.53	67.68	76.17
1109.35	430.4	67.93	76.6
1109.28	431.26	68.16	77.04
1109.2	432.12	68.4	77.48
1109.2	432.6	68.32	77.45
1109.2	433.08	68.25	77.42
1109.2	433.56	68.17	77.39
1109.2	434.05	68.09	77.35
1109.53	434.43	67.94	77.25
1109.85	434.81	67.79	77.14
1110.18	435.19	67.63	77.04
1110.5	435.57	67.49	76.93
1110.3	435.78	65.61	77.07
1110.1	436	63.74	77.2
1109.9	436.22	61.87	77.33
1109.7	436.43	60	77.47
1109.8	436.65	59.63	77.48
1109.9	436.86	59.25	77.49
1110	437.08	58.88	77.5
1110.1	437.29	58.5	77.51
1110.03	437.58	57.7	77
1109.95	437.87	56.91	76.48
1109.88	438.16	56.1	75.97
1109.8	438.45	55.31	75.45
1109.1	438.73	55.14	74.8
1108.4	439.02	54.97	74.13
1107.7	439.31	54.8	73.47
1107	439.59	54.62	72.81
1106.08	439.58	55.03	73.02
1105.15	439.57	55.45	73.23
1104.23	439.56	55.85	73.44
1103.3	439.54	56.27	73.66
1102.9	439.53	56.58	74.02
1102.5	439.52	56.88	74.38
1102.1	439.51	57.19	74.74
1101.7	439.49	57.5	75.11
1100.8	439.79	58.08	74.66
1099.9	440.09	58.66	74.21
1099	440.39	59.24	73.76
1098.1	440.69	59.82	73.31
1097.43	440.74	59.16	73.24
1096.75	440.79	58.51	73.16
1096.08	440.84	57.85	73.09
1095.4	440.89	57.2	73.01
1094.9	440.82	57.75	73.01
1094.4	440.76	58.31	72.99
1093.9	440.69	58.86	72.99
1093.4	440.63	59.41	72.97
1093.48	440.56	58.7	72.94
1093.55	440.49	58.01	72.91
1093.63	440.43	57.3	72.87
1093.7	440.36	56.6	72.84
1093.18	440.17	57.45	72.88
1092.65	439.98	58.31	72.92
1092.13	439.79	59.16	72.96
1091.6	439.6	60.02	73
1091.2	439.53	59.95	73.25
1090.8	439.46	59.88	73.49
1090.4	439.4	59.81	73.73
1090	439.33	59.74	73.97
1090.48	438.97	58.98	74.03
1090.95	438.6	58.23	74.1
1091.43	438.24	57.47	74.16
1091.9	437.88	56.73	74.22
1092.48	437.36	56.96	74.59
1093.05	436.85	57.21	74.95
1093.63	436.33	57.45	75.32
1094.2	435.82	57.7	75.68
1095.33	435.73	56.9	75.8
1096.45	435.64	56.1	75.91
1097.58	435.54	55.3	76.04
1098.7	435.45	54.5	76.15
1098.55	435.41	55.27	76.29
1098.4	435.37	56.05	76.43
1098.25	435.33	56.82	76.57
1098.1	435.29	57.6	76.71
1098.85	435.25	57.16	76.78
1099.6	435.2	56.72	76.85
1100.35	435.16	56.29	76.92
1101.1	435.12	55.85	76.98
1101.88	435.08	55.38	76.75
1102.65	435.04	54.92	76.51
1103.43	434.99	54.46	76.29
1104.2	434.95	54	76.05
1104.78	435.06	54.06	76.06
1105.35	435.17	54.13	76.08
1105.93	435.28	54.18	76.1
1106.5	435.39	54.25	76.11
1107.28	435.19	54.11	75.86
1108.05	435	53.98	75.6
1108.83	434.81	53.83	75.34
1109.6	434.62	53.7	75.08
1110.05	434.55	53.9	75.18
1110.5	434.48	54.1	75.27
1110.95	434.41	54.3	75.37
1111.4	434.35	54.5	75.45
1111.25	434.28	55.3	75.15
1111.1	434.21	56.1	74.84
1110.95	434.14	56.9	74.54
1110.8	434.07	57.7	74.23
1111.29	434.03	56.56	74.43
1111.78	433.98	55.42	74.65
1112.27	433.94	54.28	74.85
1112.76	433.89	53.14	75.06
1113.25	433.85	53.03	75.26
1113.73	433.8	52.92	75.48
1114.22	433.76	52.81	75.68
1114.71	433.71	52.69	75.89
1115.1	433.72	52.5	76.19
1115.48	433.73	52.32	76.5
1115.87	433.73	52.13	76.81
1116.26	433.74	51.94	77.11
1116.64	433.75	51.76	77.41
1117.03	433.76	51.57	77.72
1117.41	433.76	51.39	78.03
1117.8	433.77	51.2	78.33
1117.86	433.73	50.83	78.26
1117.92	433.69	50.46	78.19
1117.98	433.65	50.08	78.11
1118.03	433.61	49.72	78.04
1118.09	433.57	49.35	77.97
1118.15	433.53	48.98	77.9
1118.21	433.49	48.6	77.82
1118.27	433.45	48.23	77.75
1118.55	433.57	47.49	77.69
1118.83	433.68	46.75	77.65
1119.1	433.8	46.01	77.59
1119.38	433.91	45.27	77.54
1119.66	434.03	44.53	77.48
1119.94	434.14	43.79	77.44
1120.22	434.26	43.04	77.38
1120.5	434.38	42.3	77.32
1120.67	434.19	42.01	77.64
1120.84	434.01	41.71	77.94
1121.01	433.83	41.42	78.25
1121.19	433.64	41.11	78.56
1121.16	433.46	40.77	78.57
1121.13	433.28	40.42	78.57
1121.1	433.09	40.08	78.59
1121.07	432.91	39.73	78.59
1121.45	432.87	39.45	78.78
1121.83	432.83	39.17	78.97
1122.22	432.79	38.88	79.16
1122.6	432.74	38.6	79.36
1121.81	432.58	39.44	79.25
1121.03	432.41	40.27	79.14
1120.24	432.24	41.11	79.04
1119.46	432.07	41.94	78.93
1119.47	432.1	42.51	78.76
1119.48	432.13	43.07	78.6
1119.49	432.16	43.64	78.43
1119.5	432.19	44.2	78.26
1119.52	432.22	44.76	78.09
1119.53	432.25	45.32	77.93
1119.54	432.28	45.89	77.76
1119.55	432.3	46.45	77.6
1119.54	432.2	46.37	77.73
1119.53	432.1	46.3	77.85
1119.51	432	46.23	77.98
1119.5	431.9	46.15	78.1
1120.95	431.79	44.61	78.71
1122.4	431.69	43.08	79.31
1123.85	431.59	41.54	79.91
1125.3	431.49	40	80.51
1125.33	431.51	40.18	80.34
1125.35	431.53	40.37	80.17
1125.38	431.56	40.56	79.99
1125.4	431.58	40.75	79.82
1125.48	431.55	39.98	79.6
1125.55	431.53	39.23	79.37
1125.63	431.5	38.46	79.15
1125.7	431.47	37.7	78.93
1125.08	431.5	37.39	78.6
1124.45	431.53	37.08	78.27
1123.83	431.56	36.76	77.94
1123.2	431.59	36.45	77.61
1124	431.44	36.02	77.56
1124.8	431.29	35.58	77.51
1125.6	431.15	35.14	77.45
1126.4	431	34.7	77.4
1126.07	430.89	35.46	77.36
1125.74	430.78	36.21	77.32
1125.42	430.67	36.96	77.28
1125.09	430.56	37.71	77.24
1125.06	430.08	37.97	77.57
1125.03	429.59	38.22	77.91
1125	429.11	38.48	78.24
1124.98	428.62	38.72	78.58
1124.97	428.37	38.08	78.76
1124.96	428.12	37.44	78.93
1124.95	427.87	36.8	79.11
1124.94	427.62	36.16	79.28
1124.71	427.37	35.97	79.48
1124.47	427.11	35.78	79.69
1124.24	426.86	35.59	79.89
1124	426.61	35.4	80.09
1123.88	426.55	35.57	80.38
1123.75	426.48	35.75	80.67
1123.63	426.42	35.92	80.96
1123.5	426.36	36.1	81.24
1122.6	426.62	36.9	80.98
1121.7	426.88	37.7	80.72
1120.8	427.14	38.5	80.46
1119.9	427.4	39.3	80.2
1119.86	427.43	39.42	80.47
1119.83	427.45	39.52	80.75
1119.79	427.48	39.64	81.02
1119.75	427.5	39.75	81.3
1119.59	428.07	39.91	80.51
1119.43	428.65	40.07	79.7
1119.26	429.22	40.24	78.91
1119.1	429.79	40.4	78.11
1119.05	428.93	40.33	78.92
1119	428.06	40.25	79.74
1118.95	427.2	40.17	80.55
1118.9	426.34	40.1	81.36
1118.6	426.87	40.02	80.96
1118.3	427.41	39.94	80.54
1118	427.94	39.87	80.14
1117.7	428.48	39.79	79.72
1118	428.55	39.85	80.08
1118.3	428.62	39.91	80.43
1118.6	428.7	39.98	80.78
1118.9	428.77	40.04	81.13
1119.6	428.84	39.33	81.31
1120.3	428.91	38.62	81.49
1121	428.98	37.91	81.67
1121.7	429.05	37.2	81.85
1122.33	429.66	36.87	81.69
1122.95	430.27	36.55	81.53
1123.58	430.88	36.22	81.37
1124.2	431.48	35.9	81.22
1125.1	431.82	35.43	80.76
1126	432.15	34.95	80.3
1126.9	432.48	34.48	79.85
1127.8	432.81	34	79.39
1128.98	432.97	33.67	79.23
1130.15	433.12	33.35	79.08
1131.33	433.27	33.02	78.93
1132.5	433.43	32.7	78.77
1133.6	433.58	32.45	78.77
1134.7	433.73	32.2	78.77
1135.8	433.89	31.95	78.76
1136.9	434.04	31.7	78.76
1137.65	434.19	31.42	78.76
1138.4	434.33	31.15	78.77
1139.15	434.48	30.87	78.77
1139.9	434.63	30.6	78.77
1140.53	434.8	30.64	78.35
1141.15	434.97	30.7	77.93
1141.78	435.14	30.75	77.51
1142.4	435.32	30.8	77.08
1143.05	435.31	31.06	77.17
1143.7	435.3	31.33	77.25
1144.35	435.29	31.59	77.34
1145	435.28	31.85	77.42
1145.62	435.02	32.29	77.58
1146.25	434.77	32.73	77.73
1146.88	434.51	33.16	77.89
1147.5	434.25	33.6	78.05
1148.18	434.11	33.61	78.32
1148.85	433.98	33.62	78.57
1149.53	433.84	33.63	78.84
1150.2	433.71	33.65	79.09
1150.9	433.12	33.88	78.83
1151.6	432.53	34.12	78.57
1152.3	431.94	34.35	78.31
1153	431.36	34.59	78.04
1153.8	430.94	34.84	77.79
1154.6	430.52	35.09	77.53
1155.4	430.1	35.34	77.28
1156.2	429.68	35.59	77.02
1156.93	428.81	35.99	77.49
1157.65	427.94	36.4	77.96
1158.38	427.07	36.8	78.43
1159.1	426.2	37.2	78.9
1160.15	425.67	37.19	78.79
1161.2	425.14	37.18	78.69
1162.25	424.61	37.17	78.58
1163.29	424.08	37.16	78.47
1164.34	423.55	37.15	78.36
1165.39	423.03	37.14	78.25
1166.44	422.5	37.12	78.14
1167.49	421.97	37.11	78.03
1167.64	421.68	37.69	78.15
1167.79	421.39	38.26	78.26
1167.95	421.11	38.83	78.37
1168.1	420.82	39.4	78.48
1168.15	420.53	39.63	78.52
1168.2	420.25	39.85	78.55
1168.25	419.96	40.08	78.59
1168.3	419.67	40.3	78.63
1168.68	419.6	40.76	78.13
1169.05	419.53	41.22	77.62
1169.43	419.46	41.68	77.12
1169.8	419.38	42.15	76.62
1170.33	419.31	42.56	76.79
1170.85	419.24	42.97	76.96
1171.38	419.17	43.38	77.13
1171.9	419.1	43.8	77.3
1171.98	418.86	44	77.27
1172.05	418.62	44.2	77.23
1172.13	418.39	44.39	77.19
1172.2	418.15	44.6	77.15
1171.93	417.91	46.04	77.86
1171.66	417.67	47.49	78.58
1171.4	417.44	48.92	79.28
1171.13	417.2	50.37	80
1171.24	417.32	51.12	79.93
1171.35	417.44	51.86	79.86
1171.45	417.56	52.62	79.79
1171.56	417.68	53.37	79.72
1171.67	417.8	54.11	79.65
1171.78	417.92	54.86	79.58
1171.89	418.05	55.61	79.5
1172	418.17	56.36	79.43
1172.49	418.67	56.37	79.56
1172.98	419.17	56.39	79.68
1173.46	419.67	56.42	79.81
1173.95	420.18	56.44	79.92
1174.44	420.68	56.46	80.05
1174.93	421.18	56.48	80.17
1175.41	421.68	56.5	80.3
1175.9	422.19	56.52	80.41
1176.71	422.71	56.65	80.15
1177.53	423.24	56.76	79.89
1178.34	423.77	56.88	79.62
1179.15	424.29	57.01	79.36
1179.96	424.82	57.13	79.09
1180.78	425.35	57.25	78.83
1181.59	425.87	57.37	78.57
1182.4	426.4	57.49	78.3
1182.71	426.95	57.38	78.45
1183.03	427.5	57.25	78.6
1183.34	428.05	57.13	78.75
1183.65	428.6	57.01	78.9
1183.96	429.15	56.89	79.05
1184.28	429.71	56.77	79.19
1184.59	430.26	56.65	79.34
1184.9	430.81	56.53	79.49
1185.95	431.29	55.67	79.71
1187	431.76	54.81	79.94
1188.05	432.24	53.95	80.16
1189.1	432.72	53.09	80.38
1190.15	433.2	52.24	80.6
1191.2	433.68	51.38	80.82
1192.25	434.16	50.52	81.04
1193.3	434.64	49.66	81.26
1193.8	435.12	49.23	81.12
1194.3	435.6	48.8	80.98
1194.8	436.07	48.38	80.84
1195.3	436.55	47.95	80.7
1195.8	437.03	47.52	80.56
1196.3	437.51	47.09	80.42
1196.8	437.99	46.66	80.27
1197.3	438.47	46.24	80.13
1197.28	438.83	46.47	79.96
1197.25	439.19	46.72	79.79
1197.23	439.55	46.95	79.61
1197.2	439.91	47.2	79.44
1197.18	440.26	47.44	79.28
1197.15	440.62	47.68	79.11
1197.13	440.98	47.92	78.93
1197.1	441.34	48.16	78.76
1197.26	441.7	48.2	78.4
1197.43	442.06	48.22	78.04
1197.59	442.42	48.25	77.68
1197.75	442.78	48.28	77.32
1197.91	443.14	48.31	76.96
1198.08	443.5	48.33	76.6
1198.24	443.86	48.36	76.24
1198.4	444.22	48.4	75.88
1198.35	444.79	48.54	75.89
1198.3	445.37	48.69	75.88
1198.25	445.94	48.83	75.89
1198.2	446.52	48.98	75.88
1198.15	447.09	49.13	75.89
1198.1	447.67	49.27	75.88
1198.05	448.24	49.42	75.89
1198	448.82	49.56	75.88
1196.28	449.25	51.43	75.88
1194.55	449.68	53.3	75.87
1192.83	450.11	55.17	75.87
1191.1	450.54	57.04	75.86
1189.38	450.97	58.9	75.86
1187.65	451.4	60.78	75.85
1185.93	451.83	62.64	75.85
1184.2	452.26	64.52	75.84
1184.63	452.81	64.51	76.18
1185.05	453.36	64.51	76.52
1185.48	453.9	64.5	76.86
1185.9	454.45	64.5	77.2
1186.33	455	64.5	77.54
1186.75	455.54	64.5	77.89
1187.18	456.09	64.49	78.22
1187.6	456.64	64.49	78.56
1188.04	457.17	64.32	78.38
1188.48	457.7	64.16	78.2
1188.91	458.23	64	78.02
1189.35	458.76	63.83	77.84
1189.79	459.29	63.66	77.66
1190.23	459.82	63.5	77.48
1190.66	460.36	63.34	77.29
1191.1	460.89	63.17	77.11
1191.81	461.49	62.77	77.4
1192.53	462.08	62.37	77.7
1193.24	462.68	61.97	77.98
1193.95	463.28	61.57	78.27
1194.66	463.88	61.17	78.56
1195.38	464.48	60.76	78.85
1196.09	465.08	60.36	79.13
1196.8	465.68	59.97	79.42
1196.78	466.11	59.99	78.97
1196.75	466.54	60.02	78.51
1196.73	466.97	60.04	78.06
1196.7	467.4	60.07	77.6
1196.83	467.83	59.94	77.67
1196.95	468.27	59.81	77.73
1197.08	468.7	59.68	77.8
1197.2	469.13	59.56	77.87
1196.84	469.63	59.76	77.73
1196.48	470.13	59.95	77.6
1196.11	470.64	60.15	77.45
1195.75	471.14	60.34	77.31
1195.39	471.64	60.54	77.17
1195.03	472.14	60.73	77.04
1194.66	472.65	60.93	76.89
1194.3	473.15	61.12	76.75
1193.79	473.41	61.37	76.75
1193.28	473.68	61.62	76.75
1192.76	473.94	61.87	76.75
1192.25	474.21	62.12	76.74
1191.74	474.47	62.37	76.74
1191.23	474.73	62.61	76.75
1190.71	475	62.87	76.74
1190.2	475.26	63.12	76.74
1189.7	475.43	62.76	76.73
1189.2	475.59	62.41	76.73
1188.7	475.76	62.06	76.73
1188.2	475.93	61.71	76.72
1187.87	476.1	61.83	76.71
1187.55	476.27	61.95	76.7
1187.22	476.43	62.08	76.71
1186.9	476.6	62.2	76.7
1186.83	476.3	62.05	77.28
1186.75	476	61.91	77.85
1186.68	475.7	61.76	78.43
1186.6	475.4	61.63	79
1186.86	475.7	61.3	78.43
1187.12	476	60.97	77.85
1187.39	476.3	60.63	77.28
1187.65	476.6	60.3	76.7
1187.24	476.66	60.85	76.98
1186.84	476.73	61.39	77.25
1186.43	476.79	61.95	77.52
1186.02	476.85	62.5	77.8
1185.62	476.91	63.04	78.08
1185.21	476.98	63.6	78.35
1184.8	477.04	64.15	78.62
1184.4	477.1	64.7	78.9
1184.19	477.7	65.48	78.53
1183.98	478.3	66.27	78.15
1183.76	478.9	67.06	77.78
1183.55	478.95	67.85	77.95
1183.34	479	68.63	78.13
1183.13	479.05	69.41	78.3
1182.91	479.11	70.21	78.47
1182.7	479.16	70.99	78.64
1183.01	479.25	70.56	78.64
1183.33	479.33	70.12	78.65
1183.64	479.42	69.69	78.64
1183.95	479.51	69.26	78.64
1184.26	479.6	68.83	78.64
1184.58	479.68	68.39	78.65
1184.89	479.77	67.97	78.64
1185.2	479.86	67.54	78.64
1184.52	479.8	68.04	78.64
1183.84	479.74	68.54	78.63
1183.16	479.68	69.04	78.63
1182.48	479.62	69.54	78.63
1181.8	479.56	70.04	78.63
1181.5	479.5	70.16	78.63
1181.6	479.44	69.88	78.62
1181.3	479.38	70	78.62
1181.3	479.32	69.82	78.62
1181.3	479.26	69.64	78.61
1180.8	479.2	69.96	78.61
1180.3	479.14	70.28	78.61
1183.8	479.09	66.6	78.6
1180.6	479.03	69.62	78.6
1180	478.97	70.04	78.59
1179.4	478.9	70.47	78.6
1179.3	478.45	70.66	78.6
1179.5	478	70.55	78.6
1179.5	477.54	70.64	78.61
1179	477.09	71.23	78.61
1179	476.63	71.33	78.62
1179.4	476.18	71.02	78.62
1180.6	475.72	69.91	78.63
1179.4	475.27	71.2	78.63
1179.8	474.83	71.27	78.65
1180.2	474.4	71.35	78.65
1180.5	473.97	71.52	78.65
1180.8	473.54	71.7	78.66
1180.7	473.11	72.27	78.66
1180.6	472.68	72.85	78.67
1181.1	472.25	72.82	78.67
1181.6	471.82	72.8	78.68
1181.95	471.19	72.69	78.84
1182.3	470.57	72.57	78.98
1183.05	469.95	72.06	79.13
1183.8	469.33	71.55	79.27
1183.65	468.7	71.94	79.43
1183.5	468.08	72.32	79.57
1183.55	467.46	72.51	79.72
1183.6	466.84	72.7	79.86
1183.5	466.52	73.14	79.87
1183.4	466.21	73.58	79.86
1183.65	465.9	73.66	79.6
1183.9	465.59	73.75	79.86
1184.2	465.28	73.79	79.86
1184.5	464.97	73.83	79.85
1184.6	464.66	74.06	79.85
1184.7	464.35	74.3	79.85
1184.4	463.92	74.91	79.78
1184.45	463.48	75.18	79.72
1184.5	463.05	75.44	79.65
1184.7	462.62	75.55	79.58
1184.55	462.19	76.01	79.51
1184.4	461.76	76.48	79.44
1184.4	461.33	76.79	79.37
1184.4	460.9	77.1	79.3
1184.53	460.64	76.97	79.3
1184.65	460.37	76.85	79.3
1184.78	460.11	76.72	79.3
1184.9	459.85	76.6	79.3
1184.7	459.52	76.98	79.32
1184.5	459.2	77.36	79.32
1184.3	458.87	77.74	79.34
1184.1	458.55	78.12	79.35
1184.29	458.58	77.84	79.35
1184.48	458.61	77.56	79.34
1184.66	458.64	77.29	79.34
1184.85	458.67	77.01	79.33
1185.04	458.7	76.73	79.33
1185.23	458.73	76.45	79.32
1185.41	458.76	76.18	79.32
1185.6	458.79	75.9	79.31
1185.08	458.79	76.55	79.31
1184.55	458.79	77.2	79.31
1184.03	458.79	77.85	79.31
1183.5	458.79	78.5	79.31
1183.53	458.79	78.6	79.31
1183.55	458.79	78.7	79.31
1183.58	458.79	78.8	79.31
1183.6	458.79	78.9	79.31
1183.55	458.57	78.88	79.16
1183.5	458.35	78.85	79
1183.45	458.13	78.83	78.85
1183.4	457.91	78.8	78.69
1183.31	457.5	78.82	79.33
1183.23	457.1	78.82	79.95
1183.14	456.7	78.84	80.58
1183.05	456.3	78.85	81.2
1183.1	456.06	78.85	81.2
1183.15	455.82	78.85	81.21
1183.2	455.58	78.85	81.21
1183.24	455.34	78.86	81.21
1183.29	455.1	78.86	81.21
1183.34	454.86	78.86	81.22
1183.39	454.62	78.86	81.22
1183.44	454.38	78.86	81.22
1183.36	454.17	78.75	81.18
1183.29	453.95	78.64	81.15
1183.22	453.74	78.52	81.11
1183.15	453.52	78.4	81.08
1183.08	453.6	78.28	80.82
1183.01	453.29	78.17	80.96
1182.93	452.97	78.06	81.1
1182.86	452.66	77.94	81.24
1182.48	452.98	78.08	81.24
1182.1	453.3	78.23	81.24
1181.71	453.62	78.38	81.24
1181.33	453.93	78.52	81.25
1180.85	453.71	78.76	81.73
1180.37	453.49	79.01	82.2
1179.88	453.27	79.26	82.68
1179.4	453.04	79.5	83.16
1178.58	453.56	80.18	82.64
1177.75	454.07	80.88	82.13
1176.93	454.59	81.56	81.61
1176.1	455.1	82.25	81.1
1175.97	455.26	82.24	81.04
1175.84	455.42	82.24	80.98
1175.71	455.57	82.23	80.93
1175.58	455.73	82.22	80.87
1175.58	455.73	82.36	80.87
1175.58	455.73	82.5	80.87
1175.58	455.73	82.63	80.87
1175.58	455.73	82.77	80.87
1175.58	455.73	82.91	80.87
1175.58	455.73	83.05	80.87
1175.58	455.73	83.18	80.87
1175.58	455.73	83.32	80.87
1175.8	455.8	83.32	81.08
1176.01	455.87	83.32	81.28
1176.23	455.94	83.32	81.49
1176.45	456.01	83.31	81.69
1176.66	456.09	83.32	81.48
1176.88	456.16	83.31	81.28
1177.09	456.23	83.32	81.08
1177.31	456.3	83.31	80.87
1177.31	456.14	83.31	81.03
1177.31	455.98	83.31	81.19
1177.31	455.81	83.31	81.36
1177.31	455.65	83.31	81.52
1177.31	455.49	83.31	81.68
1177.31	455.33	83.31	81.84
1177.31	455.16	83.31	82.01
1177.31	455	83.31	82.17
1177.32	455.01	83.32	82.23
1177.34	455.02	83.31	82.28
1177.35	455.02	83.32	82.34
1177.37	455.03	83.32	82.4
1177.39	455.04	83.31	82.45
1177.4	455.05	83.32	82.51
1177.42	455.06	83.31	82.56
1177.43	455.06	83.32	82.62
1177.45	455.07	83.32	82.68
1177.47	455.08	83.31	82.73
1177.48	455.09	83.32	82.78
1177.5	455.1	83.31	82.84
1177.51	455.1	83.32	82.9
1177.53	455.11	83.32	82.95
1177.55	455.12	83.31	83.01
1177.56	455.13	83.32	83.06
1177.58	455.14	83.31	83.11
1177.59	455.14	83.32	83.18
1177.61	455.15	83.32	83.23
1177.63	455.16	83.31	83.29
1177.64	455.17	83.32	83.34
1177.66	455.18	83.31	83.39
1177.67	455.18	83.32	83.46
1177.69	455.19	83.32	83.51
1178.07	455.43	83.54	83.65
1178.44	455.67	83.77	83.78
1178.82	455.91	83.98	83.92
1179.2	456.15	84.2	84.05
1179.4	456.39	84.6	83.91
1179.6	456.63	85	83.77
1179.79	456.87	85.41	83.63
1179.99	457.11	85.81	83.49
1180.64	457.35	85.9	83.49
1181.28	457.59	86	83.49
1181.93	457.83	86.08	83.48
1182.58	458.07	86.17	83.48
1183.22	458.3	86.27	83.49
1183.87	458.54	86.36	83.49
1184.52	458.78	86.44	83.48
1185.16	459.02	86.54	83.48
1185.43	459.02	86.51	83.48
1185.69	459.02	86.49	83.48
1185.96	459.02	86.45	83.48
1186.22	459.02	86.43	83.48
1186.48	459.02	86.41	83.48
1186.75	459.02	86.38	83.48
1187.01	459.02	86.35	83.48
1187.27	459.02	86.33	83.48
1187.54	459.02	86.32	83.48
1187.8	459.02	86.33	83.48
1188.06	459.02	86.33	83.48
1188.33	459.02	86.32	83.48
1188.59	459.02	86.33	83.48
1188.85	459.02	86.33	83.48
1189.12	459.02	86.32	83.48
1189.38	459.02	86.33	83.48
1189.4	459	86.41	83.47
1189.43	458.98	86.47	83.45
1189.45	458.95	86.55	83.45
1189.48	458.93	86.62	83.44
1189.5	458.9	86.7	83.43
1189.53	458.88	86.77	83.42
1189.55	458.86	86.81	83.41
1189.57	458.83	86.85	83.4
1189.6	458.81	86.88	83.39
1189.62	458.78	86.92	83.39
1189.65	458.76	86.95	83.37
1189.67	458.74	85.48	83.36
1189.7	458.4	86.7	83.65
1190.32	459.16	86.54	83.94
1190.24	458.64	86.37	84.23
1190.17	458.11	86.2	84.52
1190.09	457.59	86.04	84.81
1190.01	457.07	85.88	85.1
1189.94	456.55	85.7	85.38
1189.86	456.03	85.54	85.67
1189.89	455.92	85.31	85.4
1189.91	455.81	85.09	85.14
1189.94	455.71	84.86	84.86
1189.96	455.6	84.64	84.6
1189.15	455.29	84.85	84.57
1188.33	454.97	85.07	84.55
1187.52	454.66	85.28	84.53
1186.7	454.34	85.5	84.51
1185.89	454.03	85.71	84.48
1185.08	453.71	85.92	84.46
1184.26	453.4	86.14	84.44
1183.45	453.08	86.35	84.42
1182.8	452.94	86.35	84.54
1182.15	452.8	86.35	84.65
1181.51	452.65	86.34	84.78
1180.86	452.51	86.34	84.89
1180.21	452.36	86.34	85.02
1179.57	452.22	86.33	85.13
1178.92	452.08	86.33	85.25
1178.27	451.93	86.33	85.37
1178.27	451.82	85.99	85.32
1178.27	451.7	85.66	85.28
1178.27	451.58	85.32	85.23
1178.27	451.47	84.98	85.18
1178.27	451.35	84.64	85.14
1178.27	451.23	84.31	85.1
1178.27	451.12	83.97	85.04
1178.27	451	83.63	85
1178.25	450.54	83.73	85.22
1178.23	450.08	83.82	85.45
1178.2	449.63	83.93	85.66
1178.18	449.17	84.02	85.88
1178.15	448.71	84.13	86.1
1178.13	448.25	84.22	86.33
1178.11	447.79	84.32	86.55
1178.08	447.34	84.42	86.76
1178.08	446.67	84.73	86.76
1178.08	446	85.04	86.75
1178.08	445.32	85.36	86.76
1178.08	444.65	85.67	86.75
1178.08	443.98	85.98	86.75
1178.08	443.31	86.3	86.74
1178.08	442.64	86.61	86.74
1178.08	441.97	86.92	86.73
1178.51	441.37	87.14	86.73
1178.94	440.77	87.36	86.73
1179.38	440.18	87.57	86.72
1179.81	439.58	87.79	86.72
1180.24	438.98	88.01	86.72
1180.67	438.38	88.23	86.72
1181.1	437.78	88.45	86.72
1181.53	437.18	88.67	86.72
1181.39	436.85	89	86.79
1181.24	436.51	89.34	86.87
1181.1	436.18	89.66	86.93
1180.96	435.84	89.99	87.01
1180.81	435.5	90.33	87.09
1180.67	435.17	90.66	87.16
1180.53	434.83	90.98	87.23
1180.38	434.5	91.32	87.3
1180.38	434	91.2	87.3
1180.38	433.49	91.07	87.31
1180.38	432.99	90.95	87.31
1180.38	432.49	90.82	87.31
1180.38	431.98	90.7	87.32
1180.38	431.48	90.57	87.32
1180.38	430.98	90.45	87.32
1180.38	430.48	90.32	87.32
1180.38	429.88	90.4	87.37
1180.38	429.28	90.47	87.42
1180.38	428.68	90.55	87.47
1180.38	428.08	90.62	87.52
1180.38	427.48	90.7	87.57
1180.38	426.89	90.77	87.61
1180.38	426.29	90.85	87.66
1180.38	425.69	90.92	87.71
1180.38	425.4	90.77	87.9
1180.38	425.12	90.62	88.08
1180.38	424.83	90.47	88.27
1180.38	424.54	90.32	88.46
1180.38	424.25	90.17	88.65
1180.38	423.97	90.02	88.83
1180.38	423.68	89.87	89.02
1180.38	423.39	89.72	89.21
1180.29	422.96	89.89	89.23
1180.19	422.53	90.06	89.25
1180.1	422.1	90.23	89.26
1180	421.67	90.4	89.28
1180.1	421.24	90.38	89.3
1180.19	420.81	90.36	89.32
1180.29	420.38	90.34	89.33
1180.38	419.94	90.32	89.36
1180.17	419.8	90.72	89.29
1179.95	419.66	91.13	89.22
1179.74	419.51	91.52	89.15
1179.52	419.37	91.93	89.08
1179.31	419.22	92.33	89.02
1179.09	419.08	92.74	88.95
1178.88	418.94	93.13	88.87
1178.66	418.79	93.54	88.81
1178.56	418.6	93.69	88.81
1178.47	418.41	93.83	88.82
1178.37	418.22	93.98	88.82
1178.28	418.03	94.12	88.82
1178.18	417.83	94.27	88.83
1178.08	417.64	94.42	88.84
1177.99	417.45	94.56	88.84
1177.89	417.26	94.71	88.84
1177.89	416.97	94.79	88.97
1177.89	416.69	94.86	89.09
1177.89	416.4	94.94	89.21
1177.89	416.11	95.01	89.34
1177.89	415.82	95.09	89.47
1177.89	415.54	95.16	89.59
1177.89	415.25	95.24	89.71
1177.89	414.96	95.31	89.84
1177.61	414.75	95.47	89.74
1177.32	414.53	95.63	89.64
1177.03	414.32	95.8	89.54
1176.74	414.1	95.96	89.45
1176.46	413.93	96.12	89.31
1176.17	413.75	96.28	89.17
1175.88	413.58	96.45	89.03
1175.6	413.4	96.6	88.9
1175.21	413.09	96.75	89.02
1174.83	412.78	96.9	89.15
1174.45	412.48	97.04	89.26
1174.06	412.17	97.19	89.38
1173.68	411.86	97.33	89.5
1173.3	411.55	97.48	89.63
1172.91	411.25	97.63	89.74
1172.53	410.94	97.77	89.86
1171.84	410.79	97.99	89.86
1171.14	410.65	98.21	89.85
1170.45	410.51	98.43	89.84
1169.75	410.36	98.65	89.84
1169.06	410.22	98.87	89.83
1168.37	410.07	99.08	89.83
1167.67	409.93	99.31	89.82
1166.98	409.79	99.52	89.81
1166.4	409.79	99.39	89.81
1165.83	409.79	99.25	89.81
1165.25	409.79	99.11	89.81
1164.68	409.79	98.97	89.81
1164.11	409.79	98.83	89.81
1163.53	409.79	98.7	89.81
1162.96	409.79	98.55	89.81
1162.38	409.79	98.42	89.81
1161.59	409.95	98.42	89.86
1160.8	410.12	98.43	89.91
1160.01	410.29	98.43	89.95
1159.22	410.46	98.43	89.99
1158.43	410.63	98.43	90.03
1157.64	410.79	98.44	90.09
1156.85	410.96	98.44	90.13
1156.06	411.13	98.44	90.17
1155.87	411.32	98.16	90.03
1155.68	411.51	97.87	89.89
1155.49	411.7	97.59	89.75
1155.29	411.89	97.31	89.61
1155.1	412.09	97.03	89.46
1154.91	412.28	96.74	89.32
1154.72	412.47	96.46	89.18
1154.53	412.66	96.17	89.04
1153.83	412.64	96.71	88.82
1153.14	412.61	97.24	88.62
1152.44	412.59	97.77	88.4
1151.75	412.57	98.3	88.18
1151.06	412.54	98.83	87.97
1150.36	412.52	99.37	87.76
1149.67	412.49	99.89	87.55
1148.97	412.47	100.43	87.33
1148.73	412.54	100.43	87.34
1148.49	412.61	100.44	87.34
1148.25	412.69	100.44	87.34
1148.01	412.76	100.44	87.34
1147.78	412.83	100.43	87.35
1147.54	412.9	100.44	87.35
1147.3	412.97	100.44	87.36
1147.06	413.04	100.44	87.36
1146.67	413.04	100.76	87.26
1146.29	413.04	101.06	87.16
1145.91	413.04	101.37	87.06
1145.52	413.04	101.68	86.96
1145.14	413.04	101.99	86.86
1144.76	413.04	102.29	86.76
1144.38	413.04	102.6	86.66
1143.99	413.04	102.91	86.56
1143.7	412.83	102.73	86.56
1143.42	412.61	102.53	86.57
1143.13	412.4	102.35	86.56
1142.84	412.18	102.16	86.57
1142.56	411.97	101.97	86.57
1142.27	411.75	101.78	86.58
1141.98	411.54	101.6	86.57
1141.69	411.32	101.41	86.58
1141.26	411.42	101.79	86.26
1140.83	411.51	102.17	85.94
1140.4	411.61	102.55	85.62
1139.97	411.71	102.93	85.29
1139.54	411.8	103.26	85.95
1139.11	411.9	103.59	86.6
1138.68	411.99	103.92	87.26
1138.24	412.09	104.26	87.91
1138.22	412.33	104.12	87.77
1138.2	412.57	103.98	87.63
1138.17	412.81	103.84	87.49
1138.15	413.05	103.7	87.35
1138.13	413.29	103.56	87.21
1138.1	413.53	103.43	87.07
1138.08	413.77	103.28	86.93
1138.05	414.01	103.15	86.79
1138.05	414.01	103.25	86.79
1138.05	414.01	103.35	86.79
1138.05	414.01	103.45	86.79
1138.05	414.01	103.55	86.79
1138.05	414.01	103.65	86.79
1138.05	414.01	103.75	86.79
1138.05	414.01	103.85	86.79
1138.05	414.01	103.95	86.79
1138.05	414.01	104.16	86.79
1138.05	414.01	104.38	86.79
1138.05	414.01	104.59	86.79
1138.05	414.01	104.8	86.79
1138.05	414.01	105.01	86.79
1138.05	414.01	105.23	86.79
1138.05	414.01	105.44	86.79
1138.05	414.01	105.65	86.79
1138.05	414.32	105.73	86.79
1138.05	414.63	105.8	86.79
1138.05	414.94	105.88	86.79
1138.05	415.25	105.95	86.8
1138.05	415.56	106.03	86.8
1138.05	415.87	106.1	86.8
1138.05	416.18	106.18	86.8
1138.05	416.5	106.25	86.79
1138.05	416.93	106.46	86.86
1138.05	417.36	106.68	86.93
1138.05	417.79	106.89	87
1138.05	418.22	107.1	87.08
1138.05	418.65	107.31	87.15
1138.05	419.08	107.53	87.22
1138.05	419.52	107.74	87.28
1138.05	419.95	107.95	87.35
1138.01	420.4	107.99	87.45
1137.96	420.86	108.04	87.54
1137.91	421.31	108.09	87.64
1137.86	421.77	108.14	87.73
1137.82	422.22	108.18	87.83
1137.77	422.68	108.23	87.92
1137.72	423.13	108.28	88.02
1137.67	423.59	108.33	88.11
1137.67	423.73	108.52	88.31
1137.67	423.88	108.71	88.5
1137.67	424.02	108.89	88.69
1137.67	424.16	109.08	88.89
1137.67	424.31	109.27	89.08
1137.67	424.45	109.45	89.28
1137.67	424.59	109.64	89.47
1137.67	424.74	109.83	89.66
1137.7	425	109.9	89.66
1137.72	425.26	109.98	89.67
1137.75	425.53	110.05	89.66
1137.77	425.79	110.13	89.66
1137.79	426.05	110.21	89.66
1137.82	426.32	110.28	89.66
1137.84	426.58	110.36	89.66
1137.87	426.84	110.43	89.66
1137.77	426.99	110.32	89.75
1137.68	427.13	110.2	89.85
1137.58	427.28	110.08	89.93
1137.48	427.42	109.97	90.03
1137.39	427.56	109.85	90.13
1137.29	427.71	109.74	90.22
1137.2	427.85	109.61	90.31
1137.1	427.99	109.5	90.41
1137.03	428.11	108.95	90.39
1136.96	428.23	108.39	90.37
1136.88	428.35	107.85	90.35
1136.81	428.47	107.29	90.33
1136.74	428.59	106.74	90.31
1136.67	428.71	106.18	90.29
1136.6	428.83	105.63	90.27
1136.53	428.95	105.07	90.25
1136.19	428.74	105.22	90.27
1135.86	428.52	105.37	90.31
1135.53	428.31	105.51	90.33
1135.2	428.09	105.65	90.36
1134.18	427.88	106.48	90.38
1133.15	427.66	107.33	90.42
1132.13	427.45	108.16	90.44
1131.1	427.23	109	90.47
1130.9	427.28	108.94	90.55
1130.7	427.33	108.87	90.62
1130.5	427.38	108.81	90.7
1130.3	427.42	108.75	90.78
1130.18	427.47	108.61	90.86
1130.06	427.52	108.46	90.93
1129.94	427.57	108.32	91.01
1129.82	427.61	108.18	91.09
1129.29	427.95	107.49	91
1128.76	428.28	106.79	90.92
1128.23	428.62	106.1	90.83
1127.7	428.96	105.4	90.74
1126.68	429.29	106.17	90.49
1125.65	429.63	106.95	90.22
1124.63	429.96	107.72	89.97
1123.6	430.3	108.5	89.7
1123.15	430.39	108.82	89.92
1122.7	430.49	109.15	90.14
1122.25	430.59	109.47	90.35
1121.8	430.68	109.8	90.57
1121.4	430.78	110.07	90.78
1121	430.87	110.35	91.01
1120.6	430.97	110.62	91.22
1120.2	431.06	110.9	91.44
1119.88	431.06	110.48	91.62
1119.55	431.06	110.08	91.79
1119.23	431.06	109.66	91.97
1118.9	431.06	109.25	92.14
1118.33	431.06	109.08	92.32
1117.75	431.06	108.93	92.49
1117.18	431.06	108.76	92.67
1116.6	431.06	108.6	92.84
1116.2	431.15	108.86	92.85
1115.8	431.24	109.11	92.86
1115.4	431.33	109.37	92.87
1115	431.42	109.62	92.88
1114.4	431.33	110.08	92.87
1113.8	431.24	110.54	92.86
1113.2	431.15	110.99	92.85
1112.6	431.06	111.45	92.84
1112.15	431.04	111.08	92.76
1111.7	431.02	110.71	92.68
1111.25	430.99	110.34	92.61
1110.8	430.97	109.98	92.53
1110.91	430.94	109.05	92.46
1111.02	430.92	108.12	92.38
1111.13	430.9	107.19	92.3
1111.24	430.87	106.26	92.23
1110.91	430.63	106.35	92.26
1110.57	430.39	106.46	92.29
1110.24	430.15	106.55	92.31
1109.9	429.91	106.65	92.34
1109.57	429.67	106.74	92.37
1109.23	429.43	106.85	92.4
1108.9	429.19	106.94	92.42
1108.56	428.96	107.04	92.44
1108.13	428.76	107.23	92.59
1107.7	428.57	107.43	92.73
1107.27	428.38	107.62	92.87
1106.84	428.19	107.81	93.01
1106.41	428	108	93.15
1105.98	427.81	108.2	93.29
1105.54	427.62	108.4	93.43
1105.11	427.42	108.59	93.58
1104.58	426.94	108.93	94.01
1104.06	426.47	109.27	94.43
1103.53	425.99	109.61	94.86
1103	425.51	109.95	95.29
1103.53	425.03	109.23	95.35
1104.06	424.55	108.52	95.4
1104.59	424.07	107.8	95.46
1105.12	423.59	107.08	95.51
1104.71	423.16	107.3	95.52
1104.3	422.73	107.53	95.52
1103.9	422.3	107.74	95.53
1103.49	421.87	107.96	95.53
1103.08	421.44	108.18	95.54
1102.67	421	108.41	95.55
1102.27	420.57	108.62	95.56
1101.86	420.14	108.84	95.56
1100.7	419.63	109.54	95.85
1099.53	419.11	110.26	96.14
1098.37	418.6	110.96	96.43
1097.2	418.08	111.68	96.72
1096.88	417.59	111.9	96.01
1096.55	417.11	112.14	96.09
1096.22	416.62	112.37	96.18
1095.9	416.13	112.6	96.97
1095.12	415.75	112.83	96.7
1094.35	415.37	113.05	96.43
1093.57	414.99	113.28	96.86
1092.8	414.61	113.5	97.29
1092.3	414.32	113.75	97.06
1091.8	414.02	114	96.83
1091.3	413.73	114.25	96.6
1090.8	413.44	114.5	96.36
1090.51	412.91	114	96.99
1090.21	412.38	113.51	96.82
1089.92	411.86	113.02	96.99
1089.63	411.33	112.52	97.17
1089.33	410.8	112.03	97.08
1089.04	410.28	111.53	96.97
1088.75	409.75	111.04	96.87
1088.46	409.22	110.54	96.78
1088.07	408.65	110.67	96.94
1087.69	408.08	110.79	97.1
1087.31	407.5	110.9	97.26
1086.92	406.93	111.03	97.42
1086.54	406.35	111.15	97.59
1086.16	405.78	111.27	97.75
1085.77	405.2	111.39	97.91
1085.39	404.63	111.51	98.07
1084.98	403.88	111.68	98.3
1084.58	403.14	111.85	98.51
1084.17	402.4	112.02	98.73
1083.76	401.66	112.19	98.94
1083.36	400.92	112.35	99.16
1082.95	400.17	112.53	99.38
1082.54	399.43	112.7	99.6
1082.13	398.69	112.87	99.81
1081.87	397.78	113.01	99.96
1081.61	396.87	113.14	100.11
1081.35	395.96	113.27	100.25
1081.08	395.05	113.42	100.4
1080.82	394.14	113.56	100.55
1080.56	393.23	113.69	100.7
1080.29	392.32	113.83	100.84
1080.03	391.41	113.97	100.99
1079.79	390.52	113.92	101.14
1079.55	389.64	113.88	101.29
1079.31	388.75	113.83	101.44
1079.07	387.87	113.78	101.58
1078.83	386.98	113.73	101.73
1078.59	386.09	113.69	101.89
1078.35	385.21	113.64	102.03
1078.11	384.32	113.59	102.18
1077.56	383.6	114.09	102.33
1077.01	382.89	114.59	102.46
1076.46	382.17	115.09	102.61
1075.91	381.45	115.59	102.75
1075.36	380.73	116.09	102.9
1074.81	380.01	116.59	103.04
1074.26	379.29	117.09	103.19
1073.71	378.57	117.59	103.33
1073.48	378.17	117.83	103.41
1073.25	377.77	118.08	103.48
1073.02	377.37	118.32	103.56
1072.79	376.97	118.56	103.63
1072.56	376.56	118.8	103.72
1072.33	376.16	119.05	103.79
1072.1	375.76	119.29	103.87
1071.87	375.36	119.53	103.94
1071.87	374.81	119.44	104.2
1071.87	374.27	119.36	104.46
1071.87	373.72	119.27	104.72
1071.87	373.17	119.18	104.98
1071.87	372.63	119.09	105.23
1071.87	372.08	119.01	105.5
1071.87	371.53	118.92	105.76
1071.87	370.99	118.83	106.01
1071.75	370.44	118.75	106.14
1071.64	369.89	118.66	106.26
1071.52	369.35	118.58	106.38
1071.41	368.8	118.49	106.5
1071.29	368.23	118.41	106.65
1071.18	367.65	118.32	106.8
1071.06	367.08	118.24	106.95
1070.95	366.5	118.15	107.1
1071.03	365.77	118.45	107.48
1071.12	365.04	118.73	107.86
1071.21	364.3	119.02	108.25
1071.29	363.57	119.31	108.63
1071.38	362.84	119.6	109.01
1071.47	362.11	119.88	109.39
1071.55	361.38	120.18	109.77
1071.64	360.64	120.46	110.16
1071.81	359.95	120.35	110.16
1071.98	359.27	120.25	110.16
1072.16	358.58	120.13	110.16
1072.33	357.89	120.02	110.16
1072.5	357.2	119.91	110.16
1072.68	356.51	119.8	110.17
1072.85	355.82	119.69	110.17
1073.02	355.13	119.58	110.17
1073.02	354.26	119.78	110.43
1073.02	353.4	119.98	110.67
1073.02	352.54	120.18	110.92
1073.02	351.68	120.38	111.16
1073.02	350.82	120.58	111.41
1073.02	349.95	120.78	111.66
1073.02	349.09	120.98	111.91
1073.02	348.23	121.18	113.37
1072.76	347.22	121.3	113.33
1072.51	346.22	121.42	113.28
1072.25	345.21	121.54	113.57
1071.99	344.21	121.66	113.86
1071.73	343.2	121.78	114.15
1071.47	342.2	121.91	114.43
1071.21	341.19	122.03	114.73
1070.95	340.18	122.15	115.02
1070.61	339.18	122.28	115.25
1070.26	338.17	122.42	115.48
1069.92	337.17	122.54	115.71
1069.57	336.16	122.68	115.94
1069.23	335.16	122.81	116.17
1068.88	334.15	122.95	116.4
1068.54	333.14	123.07	116.64
1068.19	332.14	123.21	116.86
1068.05	331.19	123.29	117.12
1067.91	330.24	123.37	117.38
1067.76	329.29	123.45	117.65
1067.62	328.35	123.53	117.9
1067.48	327.4	123.61	118.16
1067.33	326.45	123.7	118.43
1067.19	325.5	123.77	118.69
1067.04	324.55	123.86	118.95
1067.3	323.36	124.11	119.49
1067.56	322.18	124.36	120.02
1067.82	320.99	124.62	120.56
1068.08	319.8	124.87	121.1
1068.34	318.8	125.12	121.08
1068.6	317.81	125.37	121.04
1068.85	316.81	125.64	121.02
1069.11	315.82	125.89	120.98
1069.08	314.69	125.86	121.6
1069.06	313.56	125.81	122.22
1069.03	312.43	125.78	122.83
1069	311.3	125.75	123.45
1068.97	310.53	125.72	123.71
1068.94	309.77	125.68	123.96
1068.91	309	125.65	124.21
1068.88	308.23	125.62	124.47
1068.97	307.83	125.53	124.56
1069.06	307.43	125.44	124.65
1069.14	307.03	125.36	124.73
1069.23	306.62	125.27	124.83
1069.32	306.22	125.18	124.92
1069.4	305.82	125.1	125.01
1069.49	305.42	125.01	125.09
1069.58	305.02	124.92	125.18
1069.55	304.64	124.81	125.42
1069.52	304.27	124.71	125.66
1069.49	303.9	124.6	125.89
1069.46	303.52	124.49	126.13
1069.43	303.15	124.38	126.36
1069.4	302.77	124.28	126.61
1069.38	302.4	124.16	126.84
1069.35	302.03	124.05	127.07
1069.61	301.86	124.25	127.27
1069.86	301.68	124.47	127.47
1070.12	301.51	124.67	127.67
1070.38	301.34	124.87	127.86
1070.64	301.17	125.07	128.06
1070.9	300.99	125.28	128.26
1071.16	300.82	125.48	128.46
1071.42	300.65	125.68	128.65
1071.85	300.39	125.65	128.74
1072.28	300.13	125.62	128.82
1072.71	299.87	125.59	128.91
1073.14	299.62	125.56	128.98
1073.57	299.36	125.53	129.07
1074	299.1	125.5	129.15
1074.44	298.84	125.46	129.24
1074.87	298.58	125.43	129.32
1075.1	298.47	125.45	129.52
1075.33	298.35	125.47	129.73
1075.56	298.24	125.49	129.92
1075.79	298.12	125.51	130.13
1076.02	298.01	125.53	130.33
1076.25	297.89	125.55	130.54
1076.48	297.78	125.57	130.73
1076.71	297.66	125.59	130.94
1077.11	297.4	125.45	131.15
1077.51	297.15	125.32	131.35
1077.91	296.89	125.18	131.56
1078.32	296.63	125.03	131.77
1078.72	296.37	124.89	131.98
1079.12	296.11	124.76	132.19
1079.52	295.85	124.62	132.4
1079.93	295.59	124.47	132.61
1080.15	295.34	124.42	132.86
1080.37	295.08	124.38	133.12
1080.59	294.82	124.33	133.38
1080.81	294.56	124.29	133.64
1081.03	294.3	124.24	133.9
1081.26	294.04	124.19	134.16
1081.48	293.78	124.14	134.42
1081.7	293.53	124.1	134.67
1081.91	293.53	124.04	134.85
1082.12	293.53	123.98	135.02
1082.33	293.53	123.92	135.2
1082.54	293.53	123.86	135.37
1082.75	293.53	123.8	135.55
1082.96	293.53	123.74	135.72
1083.17	293.53	123.68	135.9
1083.38	293.53	123.62	136.07
1083.81	293.64	123.28	136.36
1084.24	293.76	122.94	136.64
1084.67	293.87	122.59	136.93
1085.1	293.99	122.25	137.21
1085.53	294.1	121.91	137.5
1085.96	294.22	121.57	137.78
1086.39	294.33	121.22	138.07
1086.83	294.45	120.87	138.35
1086.97	294.68	120.99	138.26
1087.12	294.91	121.1	138.17
1087.27	295.14	121.22	138.07
1087.41	295.37	121.34	137.98
1087.56	295.6	121.45	137.89
1087.71	295.83	121.56	137.8
1087.85	296.06	121.69	137.7
1088	296.29	121.8	137.61
1088.37	296.54	121.52	137.71
1088.74	296.8	121.23	137.8
1089.11	297.06	120.95	137.89
1089.48	297.32	120.67	137.98
1089.85	297.58	120.39	138.07
1090.22	297.84	120.1	138.16
1090.59	298.1	119.82	138.25
1090.96	298.36	119.54	138.34
1090.96	298.67	119.54	138.35
1090.96	298.99	119.54	138.34
1090.96	299.3	119.54	138.35
1090.96	299.62	119.54	138.34
1090.96	299.94	119.54	138.34
1090.96	300.25	119.54	138.35
1090.96	300.57	119.54	138.34
1090.96	300.88	119.54	138.35
1091.05	300.74	119.36	138.52
1091.14	300.6	119.19	138.7
1091.22	300.45	119.02	138.88
1091.31	300.31	118.84	139.05
1091.4	300.17	118.66	139.23
1091.48	300.02	118.5	139.41
1091.57	299.88	118.32	139.59
1091.65	299.74	118.15	139.76
1091.57	299.59	117.94	139.85
1091.48	299.45	117.75	139.93
1091.4	299.31	117.54	140
1091.31	299.16	117.34	140.09
1091.22	299.02	117.14	140.17
1091.14	298.88	116.94	140.24
1091.05	298.73	116.74	140.33
1090.96	298.59	116.54	140.41
1090.88	298.59	116.36	140.3
1090.79	298.59	116.19	140.19
1090.7	298.59	116.01	140.07
1090.62	298.59	115.83	139.96
1090.53	298.59	115.66	139.85
1090.45	298.59	115.48	139.74
1090.36	298.59	115.3	139.62
1090.27	298.59	115.13	139.51
1089.99	298.7	114.95	139.6
1089.7	298.82	114.78	139.68
1089.41	298.93	114.6	139.77
1089.12	299.05	114.43	139.85
1088.84	299.16	114.25	140.17
1088.55	299.28	114.08	140.47
1088.26	299.39	113.9	140.79
1087.97	299.51	113.73	141.09
1087.89	300.31	113.75	140.67
1087.8	301.12	113.78	140.23
1087.72	301.92	113.79	139.81
1087.63	302.73	113.82	139.37
1087.54	303.53	113.85	138.95
1087.46	304.34	113.87	138.51
1087.37	305.14	113.89	138.09
1087.29	305.95	113.91	137.65
1086.91	306.55	113.92	137.65
1086.54	307.15	113.91	137.66
1086.16	307.76	113.92	137.65
1085.79	308.36	113.92	137.65
1085.42	308.96	113.91	137.66
1085.04	309.57	113.92	137.65
1084.67	310.17	113.92	137.65
1084.3	310.78	113.91	137.65
1083.95	310.8	114	137.66
1083.61	310.83	114.07	137.67
1083.26	310.86	114.16	137.67
1082.92	310.89	114.24	137.67
1082.57	310.92	114.32	137.68
1082.23	310.95	114.4	137.68
1081.89	310.98	114.47	137.69
1081.54	311.01	114.56	137.69
1081.28	311.01	114.91	137.47
1081.02	311.01	115.26	137.24
1080.77	311.01	115.59	137.02
1080.51	311.01	115.94	136.79
1080.25	311.01	116.29	136.57
1079.99	311.01	116.64	136.34
1079.73	311.01	116.98	136.12
1079.47	311.01	117.33	135.89
1078.96	310.65	118.02	135.85
1078.44	310.3	118.71	135.8
1077.92	309.95	119.41	135.75
1077.4	309.6	120.1	135.7
1076.89	309.66	120.16	135.24
1076.37	309.73	120.23	134.77
1075.85	309.79	120.3	134.31
1075.34	309.86	120.36	133.84
1074.96	309.69	120.54	133.55
1074.59	309.51	120.71	133.27
1074.22	309.34	120.88	132.97
1073.84	309.17	121.06	132.68
1073.47	309	121.23	132.39
1073.09	308.82	121.41	132.11
1072.72	308.65	121.58	131.81
1072.35	308.48	121.75	131.52
1072.23	308.36	121.84	131.18
1072.12	308.24	121.93	130.83
1072	308.12	122.02	130.49
1071.89	308	122.11	130.15
1071.77	307.6	122.2	130.09
1071.66	307.21	122.29	130.01
1071.54	306.81	122.38	129.95
1071.43	306.41	122.47	129.89
1071.34	306.5	122.5	129.54
1071.25	306.58	122.53	129.2
1071.17	306.67	122.54	128.84
1071.08	306.76	122.57	128.49
1071	306.84	122.59	128.15
1070.91	306.93	122.62	127.8
1070.82	307.02	122.64	127.44
1070.74	307.1	122.66	127.1
1070.74	307.71	123.32	126.63
1070.74	308.31	123.99	126.17
1070.74	308.91	124.65	125.7
1070.74	309.52	125.31	125.23
1070.74	310.12	125.97	124.77
1070.74	310.72	126.64	124.31
1070.74	311.33	127.3	123.83
1070.74	311.93	127.96	123.37
1070.48	312.25	128.48	123.14
1070.22	312.56	129.01	122.92
1069.96	312.88	129.53	122.68
1069.7	313.2	130.05	122.45
1069.44	313.51	130.57	122.23
1069.19	313.83	131.09	122
1068.93	314.14	131.61	121.77
1068.67	314.46	132.13	121.54
1068.47	314.97	132.31	121.26
1068.27	315.47	132.48	120.98
1068.07	315.98	132.66	120.7
1067.86	316.48	132.84	120.42
1067.66	316.99	133.02	120.14
1067.46	317.49	133.19	119.86
1067.26	318	133.37	119.58
1067.06	317.68	133.54	120.12
1067.4	319.4	133.43	118.75
1067.75	320.14	133.3	118.36
1068.09	320.88	133.19	117.97
1068.44	321.62	133.06	117.58
1068.78	322.36	132.95	117.19
1069.13	323.1	132.82	116.8
1069.47	323.84	132.71	116.41
1069.82	324.58	132.58	116.02
1069.93	325.48	132.53	115.89
1070.05	326.38	132.47	115.77
1070.16	327.29	132.43	115.63
1070.28	328.19	132.37	115.51
1070.39	329.1	132.32	115.37
1070.51	330	132.26	115.25
1070.62	331.1	132.22	114.92
1070.74	332.2	132.16	114.6
1070.74	332.97	132.27	114.52
1070.74	333.74	132.39	114.43
1070.74	334.51	132.5	114.35
1070.74	335.28	132.61	114.27
1070.74	336.06	132.72	114.18
1070.74	336.83	132.84	114.09
1070.74	337.6	132.95	114.01
1070.74	338.37	133.06	113.93
1070.68	339.23	132.9	113.67
1070.62	340.08	132.73	113.42
1070.57	340.94	132.56	113.16
1070.51	341.8	132.39	112.9
1070.45	342.43	132.23	112.87
1070.39	343.05	132.06	112.85
1070.34	343.68	131.89	112.82
1070.28	344.3	131.72	112.8
1069.38	345.12	132.42	112.64
1068.49	345.93	133.11	112.49
1067.59	346.75	133.81	112.34
1066.7	347.57	134.5	112.18
1066.3	348.6	134.7	111.81
1065.9	349.64	134.9	111.43
1065.5	350.67	135.1	111.07
1065.1	351.71	135.3	110.69
1064.63	352.54	135.02	110.79
1064.15	353.38	134.75	110.87
1063.68	354.21	134.47	110.97
1063.21	355.04	134.19	111.06
1062.73	355.88	133.92	111.15
1062.26	356.71	133.64	111.24
1061.79	357.54	133.36	111.34
1061.31	358.38	133.09	111.42
1060.34	359.58	133.14	111
1059.36	360.79	133.19	110.56
1058.38	361.99	133.25	110.14
1057.41	363.2	133.29	109.7
1056.43	364.4	133.35	109.28
1055.45	365.15	133.4	109.3
1054.48	365.9	133.45	109.33
1053.5	366.65	133.5	109.35
1051.9	367.34	133.89	109.35
1050.3	368.03	134.29	109.35
1048.7	368.72	134.68	109.35
1047.1	369.41	135.07	109.35
1045.5	370.1	135.46	109.35
1043.9	370.79	135.86	109.35
1042.3	371.48	136.25	109.35
1040.7	372.17	136.64	109.35
1041.44	373.08	135.12	109.38
1042.17	374	133.61	109.41
1037.4	374.62	137.6	109.74
1036.75	375.23	137.47	110.08
1036.1	375.85	137.34	110.41
1035.25	376.46	137.41	110.74
1034.4	377.07	137.48	111.08
1033.9	377.69	137.2	111.41
1032.75	378.57	137.92	111.08
1031.6	379.45	138.64	110.75
1032.65	380.32	137.16	110.42
1033.7	381.2	135.68	110.09
1033.15	381.42	135.8	110.41
1032.6	381.63	135.91	110.75
1033.16	381.84	134.92	111.08
1033.73	382.06	133.92	111.41
1030.2	382.34	136.73	111.18
1029.8	382.63	136.41	110.95
1028.9	382.92	136.59	110.71
1028.2	383.2	136.58	110.48
1028.05	383.2	136.01	110.54
1027.9	383.21	135.44	110.58
1026.6	383.21	136.02	110.64
1025.3	383.21	136.6	110.69
1025.7	383.21	136.11	110.8
1025.5	383.21	136.23	110.92
1025.3	383.21	136.34	111.03
1025.1	383.21	136.45	111.14
1024.73	383.21	136.73	111.25
1024.37	383.21	137	111.37
1024	383.21	137.29	111.48
1023.8	383.21	137.4	111.59
1022.8	383.67	138.8	111.42
1021.8	384.13	140.21	111.25
1022.55	384.59	139.86	111.07
1023.3	385.05	139.51	110.9
1022.85	385.51	140.36	110.73
1022.4	385.97	141.22	110.56
1022.55	386.43	141.47	110.38
1022.7	386.89	141.72	110.21
1022.5	387.06	142.12	110.21
1022.3	387.23	142.52	110.22
1022.55	387.41	142.47	110.21
1022.8	387.58	142.42	110.21
1023.05	387.75	142.37	110.21
1023.3	387.92	142.33	110.21
1024	388.1	141.83	110.21
1023.7	388.27	142.33	110.21
1023.4	388.27	142.97	110.15
1023.1	388.27	143.62	110.09
1023.75	388.27	143.32	110.03
1024.4	388.27	143.01	109.97
1024.05	388.27	143.71	109.91
1023.7	388.27	144.41	109.85
1024.8	388.27	143.66	109.79
1025.4	388.27	143.4	109.73
1024.75	388.27	144.45	109.62
1024.1	388.27	145.5	109.51
1024.45	388.27	145.55	109.39
1024.8	388.27	145.6	109.28
1025.15	388.27	145.65	109.17
1025.5	388.27	145.7	109.06
1025.3	388.27	146.3	108.94
1026.3	388.27	145.7	108.83
1026.5	388.18	145.85	108.83
1026.7	388.1	145.99	108.83
1026.2	388.01	146.84	108.83
1026.9	387.93	146.48	108.83
1026.9	387.84	146.82	108.83
1028.2	387.75	145.87	108.83
1028	387.66	146.41	108.84
1028.4	387.58	146.36	108.83
1028.9	387.15	146.31	109
1029	386.72	146.67	109.17
1028.9	386.29	147.23	109.33
1028.8	385.86	147.78	109.5
1029.6	385.42	147.44	109.67
1029.9	384.99	147.59	109.84
1029.3	384.56	148.65	110
1029.7	384.13	148.7	110.17
1030.7	383.76	147.97	110.16
1029.8	383.38	149.13	110.17
1029.83	383.01	149.36	110.16
1029.85	382.64	149.6	110.16
1029.88	382.26	149.83	110.17
1029.9	381.89	150.08	110.16
1029.9	381.52	150.34	110.16
1030.9	381.14	149.6	110.16
1031.1	380.54	149.71	110.36
1031.3	379.94	149.82	110.56
1031.3	379.33	150.14	110.77
1031.3	378.73	150.45	110.97
1031.3	378.12	150.76	111.18
1031.3	377.52	151.08	111.38
1031.3	376.92	151.39	111.58
1031.6	376.31	151.4	111.79
1031.8	375.74	151.43	111.96
1032	375.17	151.45	112.13
1032	374.59	151.68	112.31
1032	374.02	151.9	112.48
1032	373.44	152.12	112.66
1032	372.87	152.35	112.83
1032.8	372.29	151.77	113.01
1032.3	371.72	152.5	113.18
1033.1	371.26	152.19	113.15
1033.9	370.8	151.88	113.12
1033.95	370.34	152.31	113.1
1034	369.88	152.75	113.07
1034.5	369.42	152.74	113.04
1035	368.96	152.73	113.02
1034.4	368.5	153.81	112.99
1034.2	368.04	154.5	112.96
1034.7	368.16	153.93	113.15
1034.6	368.27	153.97	113.35
1035.1	368.38	153.73	113.56
1036.13	368.5	152.95	113.75
1037.17	368.62	152.17	113.94
1038.2	368.73	151.4	114.14
1039.1	368.85	150.65	114.34
1038.7	368.96	151.2	114.54
1038.55	369.08	151.53	114.73
1038.4	369.19	151.85	114.93
1039.2	369.3	151.23	115.14
1039.37	369.42	151.23	115.33
1039.53	369.54	151.25	115.52
1039.7	369.65	151.25	115.73
1040.2	369.76	150.92	115.93
1040.1	369.88	151.2	116.12
1040.15	369.85	152.1	116.35
1040.2	369.82	153	116.58
1040.38	369.79	153.77	116.81
1040.55	369.77	154.55	117.03
1040.73	369.74	155.32	117.26
1040.9	369.71	156.1	117.49
1040.3	369.68	157.65	117.72
1040.4	369.65	158.5	117.95
1040.6	369.33	158.39	118.21
1040.8	369.02	158.28	118.45
1040.7	368.7	158.46	118.71
1040.6	368.39	158.65	118.96
1040.5	368.07	158.84	119.22
1040.4	367.75	159.03	119.48
1039.9	367.44	159.61	119.72
1040.1	367.12	159.5	119.98
1039.85	366.83	159.84	120.05
1039.6	366.55	160.18	120.1
1039.5	366.26	160.36	120.17
1039.4	365.97	160.55	120.23
1039.3	365.68	160.74	120.29
1039.2	365.4	160.92	120.35
1039.4	365.11	160.81	120.41
1038.8	364.82	161.5	120.48
1038.45	364.3	161.74	120.89
1038.1	363.79	161.98	121.28
1037.88	363.27	162.08	121.69
1037.65	362.75	162.2	122.1
1037.43	362.24	162.31	122.5
1037.2	361.72	162.43	122.9
1036.2	361.2	163.31	123.31
1036.1	360.69	163.3	123.71
1036.3	359.88	163.08	124.41
1036.5	359.08	162.85	125.09
1036.48	358.27	162.85	125.79
1036.45	357.47	162.85	126.48
1036.43	356.66	162.85	127.18
1036.4	355.86	162.85	127.86
1035	355.05	164.23	128.56
1035	354.25	164.2	129.25
1034.5	354.02	164.76	129.11
1034.8	353.79	164.52	128.96
1033.7	353.56	165.69	128.82
1033.1	353.33	166.35	128.67
1032.73	353.1	166.78	128.53
1032.35	352.87	167.22	128.38
1031.98	352.64	167.66	128.24
1031.6	352.41	168.1	128.09
1031.85	351.81	168.45	128.38
1032.1	351.21	168.8	128.67
1032.35	350.6	169.15	128.96
1032.6	350	169.5	129.25
1031.95	349.39	170.75	129.55
1031.3	348.79	172	129.83
1031.95	348.19	171.95	130.12
1032.6	347.58	171.9	130.42
1033.19	347.24	171.73	130.45
1033.78	346.89	171.57	130.49
1034.36	346.55	171.41	130.51
1034.95	346.2	171.25	130.55
1035.54	345.86	171.08	130.58
1036.13	345.51	170.92	130.61
1036.71	345.17	170.76	130.64
1037.3	344.82	170.6	130.68
1038.2	344.97	170.68	130.67
1038.7	345.11	171.15	130.67
1038.9	345.25	171.93	130.66
1039.1	345.4	172.7	130.65
1039.23	345.54	173.54	130.65
1039.37	345.68	174.38	130.64
1039.5	345.83	175.22	130.63
1042	345.97	173.7	130.63
1043.7	346.46	172.31	130.69
1043.8	346.95	172.53	130.75
1044.15	347.44	172.49	130.81
1044.5	347.93	172.45	130.87
1045.15	348.42	172.11	130.93
1045.8	348.9	171.78	131
1046.35	349.39	171.54	131.06
1046.9	349.88	171.3	131.12
1047.3	350.89	171.48	131.24
1046.1	351.89	173.25	131.36
1046.65	352.9	173.28	131.48
1047.2	353.9	173.3	131.6
1047.75	354.91	173.32	131.71
1048.3	355.92	173.35	131.83
1047.95	356.92	174.27	131.96
1047.6	357.93	175.2	132.07
1048.7	359.13	175.25	132.22
1050	360.34	175.1	132.36
1049.65	361.55	176.6	132.5
1049.3	362.76	178.1	132.64
1052.31	364.58	176.24	132.17
1055.32	366.4	174.38	131.7
1058.32	366.99	172.53	132.46
1061.33	367.58	170.67	133.22
1061.07	368.91	170.99	133.35
1060.8	370.23	171.32	133.5
1061.8	371.55	170.38	133.64
1061.4	372.88	170.85	133.77
1061.2	374.2	171.11	133.92
1061.9	375.52	170.47	134.06
1062.6	376.84	169.84	134.2
1062.1	378.16	170.4	134.34
1062.23	379.3	170.24	134.15
1062.35	380.43	170.1	133.97
1062.48	381.57	169.94	133.78
1062.6	382.7	169.8	133.6
1062.83	383.12	169.54	134.13
1063.05	383.54	169.3	134.66
1063.28	383.95	169.05	135.2
1063.5	384.37	168.8	135.73
1063.85	384.43	168.56	136.16
1064.2	384.49	168.33	136.59
1064.55	384.55	168.09	137.01
1064.9	384.6	167.85	137.45
1064.63	384.66	168.23	137.88
1064.35	384.72	168.62	138.31
1064.08	384.77	169.01	138.74
1063.8	384.83	169.4	139.17
1064.23	384.77	169.08	139.29
1064.65	384.72	168.78	139.4
1065.08	384.66	168.46	139.53
1065.5	384.6	168.15	139.65
1065.7	384.55	168.06	139.76
1065.9	384.49	167.98	139.89
1066.1	384.43	167.89	140.01
1066.3	384.38	167.8	140.12
1066.1	383.86	168.09	140.75
1065.9	383.34	168.37	141.39
1065.7	382.82	168.66	142.02
1065.5	382.31	168.95	142.64
1066.15	381.79	168.39	143.27
1066.8	381.27	167.82	143.91
1067.45	380.76	167.26	144.53
1068.1	380.24	166.7	145.16
1068.3	379.69	166.61	145.82
1068.5	379.15	166.52	146.47
1068.7	378.6	166.44	147.14
1068.9	378.05	166.35	147.8
1069.1	377.51	166.26	148.45
1069.3	376.96	166.17	149.11
1069.5	376.42	166.09	149.77
1069.7	375.87	166	150.43
1069.93	375.27	165.47	151.03
1070.15	374.67	164.95	151.63
1070.38	374.06	164.42	152.24
1070.6	373.46	163.9	152.84
1070.9	372.86	163.63	153.44
1071.2	372.25	163.35	154.05
1071.5	371.65	163.08	154.65
1071.8	371.04	162.8	155.26
1072.03	370.64	162.92	155.86
1072.25	370.24	163.05	156.46
1072.48	369.84	163.17	157.06
1072.7	369.44	163.3	157.66
1072.78	369.03	163.57	158.27
1072.85	368.63	163.85	158.87
1072.93	368.23	164.12	159.47
1073	367.83	164.4	160.07
1073.35	367.51	163.94	160.65
1073.7	367.2	163.48	161.22
1074.05	366.88	163.01	161.81
1074.4	366.56	162.55	162.39
1075.33	366.25	161.51	162.96
1076.25	365.93	160.48	163.54
1077.18	365.62	159.43	164.12
1078.1	365.3	158.4	164.7
1078.45	365.07	157.79	165.13
1078.8	364.84	157.17	165.56
1079.15	364.61	156.56	165.99
1079.5	364.38	155.95	166.42
1079.85	364.15	155.34	166.85
1080.2	363.92	154.72	167.28
1080.55	363.69	154.11	167.71
1080.9	363.46	153.5	168.14
1081.53	362.95	152.81	168.63
1082.15	362.43	152.13	169.12
1082.78	361.91	151.43	169.62
1083.4	361.4	150.75	170.1
1083.5	360.88	150.59	170.6
1083.6	360.36	150.43	171.09
1083.7	359.84	150.26	171.59
1083.8	359.33	150.1	172.07
1084.56	358.95	149.63	172.51
1085.31	358.58	149.17	172.95
1086.07	358.21	148.69	173.38
1086.82	357.83	148.23	173.82
1087.58	357.46	147.76	174.25
1088.34	357.08	147.29	174.7
1089.09	356.71	146.82	175.13
1089.85	356.34	146.35	175.56
1089.76	356.34	146.24	176.07
1089.68	356.34	146.12	176.59
1089.59	356.34	146.01	177.1
1089.5	356.34	145.9	177.61
1089.42	356.34	145.78	178.12
1089.33	356.34	145.67	178.64
1089.25	356.34	145.55	179.15
1089.16	356.34	145.44	179.66
1089.28	356.42	144.28	180.53
1089.4	356.51	143.12	181.39
1089.51	356.6	141.98	182.25
1089.63	356.68	140.82	183.12
1089.75	356.77	139.66	183.98
1089.87	356.86	138.5	184.84
1089.98	356.94	137.36	185.71
1090.1	357.03	136.2	186.57
1089.93	357.66	135.44	186.92
1089.75	358.29	134.7	187.26
1089.58	358.93	133.94	187.6
1089.4	359.56	133.2	187.94
1089.23	360.19	132.44	188.29
1089.05	360.82	131.7	188.63
1088.88	361.46	130.94	188.97
1088.7	362.09	130.2	189.31
1088.76	362.6	129.39	189.78
1088.82	363.12	128.58	190.23
1088.87	363.64	127.78	190.69
1088.93	364.16	126.97	191.14
1088.99	364.67	125.36	191.61
1089.05	365.19	123.75	192.06
1089.1	365.71	122.15	192.52
1089.16	366.22	120.54	192.98
1088.3	366.74	119.76	193.32
1087.44	367.26	118.99	193.67
1086.57	367.78	118.22	194.01
1085.71	368.29	117.44	194.36
1084.85	368.81	116.66	194.7
1083.99	369.33	115.89	195.05
1083.13	369.85	115.11	195.39
1082.26	370.37	114.34	195.73
1082.32	370.97	112.84	195.99
1082.38	371.57	111.35	196.26
1082.44	372.18	109.85	196.51
1082.49	372.78	108.36	196.77
1082.55	373.38	106.86	197.03
1082.61	373.99	105.37	197.29
1082.67	374.59	103.87	197.55
1082.72	375.19	102.38	197.81
1082.37	375.32	101.09	198.07
1082.01	375.45	99.81	198.33
1081.66	375.58	98.51	198.6
1081.3	375.71	97.23	198.86
1081.66	375.58	96.44	199.12
1082.01	375.45	95.66	199.38
1082.37	375.32	94.86	199.65
1082.72	375.19	94.08	199.91
1083.21	376.23	95.47	198.57
1083.7	377.26	96.85	197.24
1084.19	378.3	98.24	195.9
1084.68	379.33	99.62	194.57
1084.65	380.37	99.68	193.48
1084.62	381.4	99.73	192.4
1084.59	382.43	99.79	191.32
1084.56	383.47	99.84	190.23
1084	383.55	98.71	190.06
1083.88	383.64	97.14	189.88
1083.77	383.73	95.57	189.71
1083.65	383.81	94	189.54
1083.53	383.9	92.43	189.36
1083.42	383.99	90.85	189.18
1083.3	384.07	89.29	189.02
1083.18	384.16	87.72	188.84
1083.16	380.29	86.08	192.09
1083.13	376.43	84.45	195.32
1083.1	372.56	82.81	198.57
1083.07	368.7	81.18	201.8
1083.04	366.4	79.55	203.48
1083.01	366.1	77.92	203.15
1082.98	365.8	76.28	202.83
1082.96	365.1	74.64	202.9
1082.75	364.6	73.23	202.75
1082.54	365.8	71.81	200.9
1082.33	363.9	70.39	202.15
1082.13	362.5	68.97	202.9
1081.92	360.9	67.56	203.85
1081.72	360.1	66.13	204
1081.51	359.6	64.72	203.85
1081.3	358.41	63.3	204.39
1080.8	357.33	63.23	204.75
1080.3	356.26	63.17	205.09
1079.8	355.18	63.1	205.45
1079.3	354.1	63.04	205.8
1078.49	352.9	64.21	206.27
1077.68	351.7	65.39	206.75
1076.87	350.5	66.57	207.23
1076.06	347.65	67.74	209.35
1075.82	347.3	68.92	209.11
1075.58	346.29	70.1	209.54
1075.34	345.27	71.27	209.97
1075.09	344.26	72.46	210.39
1074.85	343.25	73.64	210.81
1074.61	342.23	74.82	211.25
1074.37	341.22	75.99	211.67
1074.13	340.21	77.17	212.09
1074.71	339.1	77.08	212.24
1075.3	338	76.98	212.38
1075.88	336.9	76.88	212.51
1076.46	335.79	76.79	212.66
1077.05	334.69	76.69	212.8
1077.63	333.59	76.6	212.94
1078.22	332.48	76.49	213.08
1078.8	331.38	76.4	213.22
1079.66	330.41	77.85	213.19
1080.53	329.44	79.3	213.16
1081.39	328.47	80.75	213.13
1082.25	327.5	82.2	213.1
1083.41	325.99	83.35	213.61
1084.58	324.47	84.5	214.13
1085.74	322.96	85.65	214.64
1086.9	321.45	86.8	215.15
1088.16	320.69	88.09	214.7
1089.43	319.93	89.36	214.25
1090.69	319.17	90.65	213.79
1091.95	318.41	91.94	213.34
1093.21	317.65	93.22	212.89
1094.48	316.89	94.5	212.44
1095.74	316.14	95.79	211.97
1097	315.38	97.07	211.52
1098.51	314.6	98.36	211.44
1100.03	313.83	99.63	211.35
1101.54	313.05	100.91	211.26
1103.05	312.28	102.2	211.17
1104.56	311.5	103.48	211.09
1106.08	311.41	104.75	210.32
1107.59	311.33	106.04	209.53
1109.1	311.24	107.32	208.76
1110.72	310.56	108.77	208.75
1112.35	309.88	110.21	208.75
1113.97	309.2	111.66	208.74
1115.6	309	113.1	208.25
1117.22	308.8	114.55	207.76
1118.85	308.6	115.99	207.28
1120.47	308.4	117.44	206.79
1122.1	308.2	118.88	206.3
1123.4	308.1	120.39	206.05
1124.7	308	121.9	205.8
1126	307.89	123.41	205.56
1127.3	307.79	124.92	205.31
1128.28	307.69	127.06	204.31
1129.25	307.58	129.21	203.32
1130.23	307.48	131.35	202.32
1131.2	307.38	133.5	201.32
1132.28	307.46	135.04	201.24
1133.35	307.54	136.59	201.16
1134.43	307.62	138.14	201.08
1135.5	307.7	139.69	201
1136.58	309.14	141.23	199.56
1137.65	310.57	142.78	198.13
1138.73	312.01	144.32	196.69
1139.8	313.45	145.87	195.25
1141.18	312.9	146.6	194.83
1142.55	312.35	147.33	194.4
1143.93	311.8	148.05	193.98
1145.3	312.2	148.78	192.6
1146.67	313.27	149.52	191.81
1148.05	314.34	150.24	191.01
1149.42	315.41	150.98	190.22
1150.8	316.48	151.7	189.42
1151.76	317	152.43	189.53
1152.73	317.52	153.15	189.63
1153.69	318.03	153.88	189.75
1154.65	318.55	154.61	189.85
1155.61	319.07	155.34	189.96
1156.58	319.59	156.06	190.06
1157.54	320.1	156.79	190.18
1158.5	320.62	157.52	190.28
1158.78	321.14	158.07	189.62
1159.05	321.66	158.63	188.97
1159.33	322.17	159.18	188.32
1159.6	322.69	159.73	187.66
1159.88	323.21	160.28	187
1160.15	323.73	160.84	186.35
1160.43	324.24	161.39	185.7
1160.7	324.76	161.94	185.04
1161.6	325.49	161.66	184.31
1162.5	326.21	161.39	183.59
1163.4	326.93	161.11	182.87
1164.3	327.66	160.83	182.14
1165.2	328.38	160.55	181.42
1166.1	329.11	160.27	180.69
1167	329.83	159.99	179.97
1167.9	330.56	159.71	179.24
1168.35	331.59	159.3	178.97
1168.8	332.63	158.88	178.7
1169.25	333.66	158.47	178.43
1169.7	334.69	158.05	178.16
1170.15	335.73	157.63	177.88
1170.6	336.76	157.22	177.62
1171.05	337.8	156.8	177.34
1171.5	338.83	156.39	177.07
1171.55	340.13	156.58	176.79
1171.6	341.42	156.77	176.51
1171.65	342.72	156.96	176.23
1171.7	344.01	157.15	175.96
1171.83	344.37	157.27	175.68
1171.95	344.73	157.39	175.4
1172.08	345.09	157.5	175.13
1172.2	345.45	157.62	174.85
1172.7	345.66	157.64	174.32
1173.2	345.87	157.66	173.78
1173.7	346.08	157.68	173.25
1174.2	346.28	157.69	172.72
1174.9	346.28	157.51	172.7
1175.6	346.28	157.33	172.67
1176.3	346.28	157.15	172.65
1177	346.28	156.96	172.62
1176.95	347.11	157.53	172.1
1176.9	347.94	158.1	171.59
1176.85	348.77	158.66	171.07
1176.8	349.59	159.23	170.56
1177.08	350.42	159.47	170.04
1177.35	351.25	159.72	169.53
1177.63	352.08	159.96	169.01
1177.9	352.9	160.2	168.5
1178.41	354.25	159.9	168.05
1178.93	355.59	159.59	167.61
1179.44	356.94	159.28	167.16
1179.95	358.28	158.98	166.72
1180.46	359.63	158.68	166.27
1180.98	360.97	158.37	165.83
1181.49	362.32	158.06	165.38
1182	363.66	157.76	164.94
1182.43	364.73	157.43	164.63
1182.85	365.8	157.12	164.33
1183.28	366.87	156.79	164.02
1183.7	367.94	156.47	163.71
1183.63	369.01	156.65	163.4
1183.55	370.08	156.83	163.1
1183.48	371.15	157	162.79
1183.4	372.22	157.19	162.48
1183.91	373.7	156.68	161.96
1184.43	375.18	156.16	161.45
1184.94	376.67	155.65	160.92
1185.45	378.15	155.14	160.4
1185.96	379.63	154.63	159.88
1186.48	381.12	154.11	159.36
1186.99	382.6	153.6	158.84
1187.5	384.08	153.09	158.32
1187.4	385.53	153.29	157.63
1187.3	386.98	153.5	156.95
1187.2	388.43	153.7	156.26
1187.1	389.88	153.9	155.57
1187	391.32	154.11	154.89
1186.9	392.77	154.31	154.21
1186.8	394.22	154.51	153.52
1186.7	395.67	154.72	152.83
1186.74	397.22	154.99	152.04
1186.78	398.77	155.26	151.26
1186.81	400.32	155.54	150.47
1186.85	401.88	155.81	149.67
1186.89	403.43	156.08	148.88
1186.93	404.98	156.35	148.1
1186.96	406.53	156.63	147.31
1187	408.08	156.9	146.52
1187.18	409.43	157	146.1
1187.35	410.77	157.1	145.68
1187.53	412.12	157.2	145.26
1187.7	413.46	157.3	144.84
1187.88	414.81	158.02	144.42
1188.05	416.15	158.75	144
1188.23	417.5	159.47	143.58
1188.4	418.84	160.2	143.16
1188.54	420.19	160.47	142.43
1188.68	421.53	160.74	141.72
1188.81	422.88	161.03	141
1188.95	424.22	161.3	140.28
1189.09	425.57	161.58	139.55
1189.23	426.91	161.85	138.84
1189.36	428.26	162.13	138.12
1189.5	429.6	162.41	137.4
1190.33	430.57	162.27	136.67
1191.15	431.53	162.14	135.95
1191.98	432.5	162	135.21
1192.8	433.47	161.87	134.48
1193.63	434.43	161.73	133.76
1194.45	435.4	161.6	133.03
1195.28	436.36	161.46	132.3
1196.1	437.33	161.33	131.57
1196.38	437.98	161.74	130.71
1196.65	438.64	162.16	129.84
1196.93	439.29	162.57	128.97
1197.2	439.95	162.98	128.1
1197.48	440.6	163.39	127.24
1197.75	441.26	163.81	126.37
1198.03	441.92	164.22	125.49
1198.3	442.57	164.64	124.63
1199.47	443.4	163.99	124.32
1200.65	444.23	163.33	124.01
1201.82	445.05	162.67	123.71
1203	445.88	162.01	123.4
1204.17	446.71	161.36	123.09
1205.35	447.54	160.7	123.86
1206.52	448.37	160.04	122.53
1207.7	449.19	159.38	121.21
1208.39	449.33	159.59	121.57
1209.07	449.47	159.81	121.21
1209.76	449.61	160.01	120.84
1210.45	449.74	160.22	120.49
1211.14	449.88	160.43	120.12
1211.83	450.02	160.63	119.68
1212.51	450.16	160.85	119.89
1213.2	450.29	161.06	120.11
1213.92	450.71	161.06	120.69
1214.65	451.12	161.05	120.91
1215.37	451.54	161.06	121.11
1216.1	451.95	161.05	121.33
1216.82	452.36	161.06	121.54
1217.55	452.78	161.05	122.32
1218.28	453.19	161.05	123.11
1219	453.61	161.05	123.89
1220.35	454.54	160.32	121.86
1221.7	455.47	159.6	121.31
1223.05	456.4	158.87	120.75
1224.4	457.33	158.14	120.2
1225.75	458.26	157.41	119.64
1227.1	459.19	156.68	119.91
1228.45	460.12	155.95	120.18
1229.8	461.06	155.22	120.44
1228.2	462.82	157.85	118.78
1228.3	464.57	158.79	118.18
1230.01	466.33	158.11	117.57
1231.72	468.09	157.44	116.96
1233.42	469.85	156.77	116.35
1234.15	471.61	157.08	116.59
1234.88	473.37	157.38	114.83
1235.6	475.13	157.7	114.27
1235.6	475.9	158.53	114.2
1235.6	476.67	159.36	114.06
1235.6	477.44	160.18	113.91
1235.6	478.22	161.01	113.76
1235.6	478.99	161.84	113.61
