1058.7	336.1	327.5	234.76
1059.1	336.1	327.99	232.38
1059.5	336.1	328.48	230
1060.5	336.1	328.37	230.59
1061.5	336.1	328.26	231.19
1061.7	336.1	328.95	231.19
1061.9	336.1	329.64	231.19
1062.1	336.1	330.33	231.19
1062.3	336.1	331.02	231.2
1062.5	336.1	331.71	231.2
1062.7	336.1	332.4	231.2
1063.59	336.1	332.4	230.28
1064.48	336.1	332.4	229.35
1065.37	336.1	332.4	228.43
1066.26	336.1	332.4	227.5
1067.15	336.1	332.4	227.95
1068.04	336.1	332.4	228.4
1068.93	336.1	332.4	228.85
1069.82	336.1	332.4	229.3
1070.71	336.1	332.4	229.75
1071.6	336.1	332.4	230.2
1072.2	336.1	332.1	230.56
1072.8	336.1	331.8	230.92
1073.4	336.1	331.5	231.28
1074	336.1	331.2	231.64
1074.6	336.1	330.9	232
1075.2	336.1	330.6	232.36
1075.8	336.1	330.1	232.72
1076.4	336.1	329.6	233.08
1077	336.1	329.1	233.44
1077.6	336.1	330.9	233.8
1077.67	335.54	331.64	233.99
1077.73	334.97	332.38	234.2
1077.8	334.41	333.12	234.39
1077.87	333.85	333.86	234.58
1077.93	333.28	334.6	234.79
1078	332.72	335.34	234.98
1078.06	332.16	336.09	235.17
1078.13	331.59	336.82	235.38
1078.2	331.03	337.56	235.57
1078.26	330.47	338.31	235.76
1078.33	329.9	339.04	235.97
1078.39	329.34	339.79	236.16
1078.46	328.78	340.53	234.72
1078.53	328.21	341.26	233.29
1078.59	327.65	342.01	233
1078.66	327.09	342.75	232.71
1078.72	326.52	343.49	232.43
1078.79	325.96	344.23	232.14
1078.86	325.4	344.97	232.63
1078.92	324.83	345.71	233.14
1078.99	324.27	346.45	233.63
1079.06	323.71	347.19	234.04
1079.12	323.14	347.93	234.46
1079.19	322.58	347.95	235.65
1079.25	322.02	347.98	236.84
1079.32	321.45	348	238.04
1079.39	320.89	348.02	239.22
1079.45	320.33	348.05	240.41
1079.52	319.76	350.58	241.61
1079.58	319.2	353.12	242.8
1079.88	318.31	353.16	244.76
1080.18	317.41	353.21	246.74
1080.47	316.52	353.26	248.7
1080.77	315.63	353.31	250.66
1081.06	314.74	353.36	252.62
1081.36	313.84	353.41	254.6
1081.66	312.95	353.45	256.56
1081.95	312.06	353.51	258.52
1082.25	311.16	353.55	260.49
1082.54	310.27	353.61	262.46
1082.84	309.38	353.65	264.42
1083.13	308.49	353.71	265.65
1083.43	307.59	353.75	266.9
1083.73	306.7	353.8	268.13
1084.02	305.81	353.85	269.37
1084.32	304.91	353.9	270.61
1084.61	304.02	353.95	271.85
1084.91	303.13	354	273.08
1085.2	302.23	354.05	274.33
1085.5	301.34	354.1	275.56
1085.75	301.34	351.37	274.86
1086	301.34	348.64	275.16
1086.25	301.34	347.15	271.71
1086.5	304.32	344.35	267.65
1086.75	307.3	341.54	263.6
1087	307.3	341.1	259.83
1087.25	307.3	338.13	256.07
1087.5	306.84	335.16	253.94
1087.75	306.38	332.19	251.82
1088	305.92	329.21	250.68
1088.25	311.4	326.24	240.98
1088.5	307.9	323.27	243.8
1088.75	307.08	320.3	239.96
1089	306.26	317.33	236.12
1089.25	305.44	314.36	232.27
1089.5	304.62	311.39	228.43
1089.75	303.8	308.41	224.59
1090	302.98	305.44	220.75
1090.25	302.16	302.47	216.9
1090.5	301.34	299.5	213.06
1090.84	301.34	293.56	213.16
1091.19	301.34	291.41	213.26
1091.53	301.34	289.27	213.36
1091.88	301.34	287.12	213.46
1092.22	301.34	284.63	213.56
1092.57	301.34	282.13	213.66
1092.92	301.34	280.48	213.76
1093.26	301.34	279.34	213.86
1093.61	301.34	278.19	213.96
1093.95	301.34	277.05	214.06
1094.3	301.34	276.91	214.16
1094.64	301.34	276.78	214.26
1094.98	301.34	276.65	214.36
1095.33	301.34	276.51	214.46
1095.67	301.34	276.38	214.56
1096.02	301.34	276.24	214.66
1096.36	301.34	276.11	214.76
1096.71	301.34	275.97	214.86
1097.05	301.34	275.84	214.96
1097.4	301.34	275.7	215.06
1098.04	302.31	275.96	214.84
1098.69	303.28	276.2	214.61
1099.33	304.25	276.46	214.39
1099.98	305.22	276.7	214.16
1100.63	306.19	276.95	213.94
1101.27	307.16	277.2	213.71
1101.92	308.13	277.45	213.49
1102.56	309.1	277.7	213.26
1103.21	308.9	277.95	214.21
1103.85	308.7	278.2	215.15
1104.5	308.5	278.45	216.09
1105.14	308.3	278.7	217.04
1105.79	308.1	278.95	217.98
1106.43	307.64	279.2	219.19
1107.08	307.18	279.45	220.39
1107.72	306.72	279.7	221.6
1108.37	306.26	279.95	222.8
1109.01	305.8	280.2	224.01
1109.66	305.65	280.45	224.9
1110.3	305.5	280.7	225.8
1110.65	306.1	281.64	225.64
1111	306.7	282.58	225.49
1111.34	307.3	283.53	225.33
1111.69	307.9	284.47	225.18
1112.04	308.5	285.41	225.02
1112.38	308.55	286.36	225.42
1112.73	308.6	287.3	225.81
1113.08	308.65	288.24	226.21
1113.43	308.7	289.18	226.6
1113.77	308.75	290.13	227
1114.12	308.8	291.07	227.39
1114.47	308.68	292.01	227.96
1114.81	308.56	292.96	228.52
1115.16	308.44	293.9	229.09
1115.51	308.32	294.84	229.65
1115.86	308.2	295.78	230.22
1116.2	306.99	296.73	231.87
1116.55	305.78	297.67	233.53
1116.9	304.57	298.61	235.18
1117.25	303.36	299.55	236.84
1117.25	308.1	301.29	232.1
1117.25	307.85	304.22	232.35
1117.25	307.6	307.15	232.6
1117.25	307.35	310.08	232.85
1117.25	307.1	313.02	233.1
1117.25	306.85	315.95	233.35
1117.25	306.6	317.26	233.6
1117.25	306.35	318.56	233.85
1117.25	306.11	319.87	234.09
1117.25	305.86	321.18	234.34
1117.25	305.61	322.49	234.59
1117.25	305.36	323.79	234.84
1117.25	305.11	325.1	235.09
1117.25	304.86	326.41	235.34
1117.25	304.61	327.71	235.59
1117.25	304.36	329.02	235.84
1117.25	304.11	330.33	236.09
1117.25	303.86	331.64	236.34
1117.25	303.61	332.94	236.59
1117.25	303.36	334.25	236.84
1116.78	302.91	335.86	236.95
1116.31	302.47	337.47	237.04
1115.84	302.02	339.08	237.15
1115.37	301.57	340.69	237.25
1114.9	301.12	342.3	237.36
1115.21	300.67	343.13	237.46
1115.53	300.22	343.95	237.57
1115.84	299.78	344.78	237.66
1116.16	299.33	345.6	237.76
1116.47	298.88	346.43	237.87
1116.79	298.43	347.25	237.97
1117.1	297.98	348.08	238.08
1117.74	302.3	348.58	233.41
1118.38	301.88	349.08	233.49
1119.01	301.46	349.59	233.56
1119.65	301.04	350.09	233.64
1120.29	300.62	350.59	233.71
1120.93	300.2	351.09	233.79
1121.56	297.3	351.6	236.35
1122.2	294.4	352.1	238.9
1122.4	292.8	352.23	241.1
1122.6	291.2	352.37	243.29
1122.8	289.6	352.5	245.48
1123	289.88	349.9	245.8
1123.2	286.6	349.4	249.67
1123.4	286.9	352.4	249.97
1123.6	287.2	350.32	250.26
1123.8	287.75	349.45	250.31
1124	288.31	348.57	250.34
1124.2	288.86	347.7	250.39
1124.4	288.23	345.26	251.61
1124.6	287.6	342.82	252.84
1124.8	288.45	341.6	252.58
1125	289.3	338.99	252.33
1125.2	290.15	336.37	252.07
1125.4	291	333.76	251.82
1125.6	291.85	331.14	251.56
1125.8	292.7	328.53	251.31
1126	293.55	325.91	251.05
1126.2	294.4	323.3	250.8
1126.2	294.8	319.15	248.67
1126.2	295.19	315	246.54
1126.2	295.59	309.75	246.78
1126.2	295.98	304.5	247.02
1126.2	296.38	300.5	244.59
1126.2	296.77	295.65	242.17
1126.2	297.17	290.8	239.74
1126.2	297.56	287.13	237.31
1126.2	297.95	283.47	234.89
1126.2	298.35	279.8	232.46
1126.2	298.74	277	230.04
1126.2	299.14	274.2	227.61
1126.2	299.54	269.3	225.18
1126.2	299.93	268.51	222.76
1126.2	300.33	267.73	220.33
1126.2	300.72	266.94	217.9
1126.2	301.12	266.16	215.47
1126.2	301.51	265.37	213.05
1126.2	301.91	264.59	210.62
1126.2	302.3	263.8	208.2
1126.2	302.9	262.88	208.1
1126.2	303.49	261.96	208
1126.2	304.09	261.04	207.9
1126.2	304.68	260.12	207.8
1126.2	305.28	259.2	207.7
1126.2	305.87	259.07	207.6
1126.2	306.47	258.94	207.5
1126.2	307.06	258.81	207.4
1126.2	307.66	258.69	207.3
1126.2	308.25	258.56	207.2
1126.2	308.85	258.43	207.1
1126.2	309.44	258.3	207
1126.2	310.04	258.49	206.9
1126.2	310.63	258.68	206.8
1126.2	311.22	258.86	206.71
1126.2	311.82	259.05	206.6
1126.2	312.41	259.24	206.51
1126.2	313.01	259.42	206.4
1126.2	313.6	259.61	206.31
1126.2	314.2	259.8	206.2
1125.55	314.35	260.06	206.69
1124.91	314.5	260.3	207.19
1124.26	314.65	260.56	207.68
1123.62	314.8	260.8	208.18
1122.97	314.95	261.06	208.67
1122.33	315.1	261.3	209.17
1121.68	315.25	261.56	209.66
1121.04	315.4	261.8	210.16
1120.39	315.55	262.06	210.65
1119.75	315.7	262.3	211.15
1119.11	315.85	262.55	211.64
1118.46	316	262.8	212.14
1117.82	316.15	263.05	212.63
1117.17	316.3	263.3	213.13
1116.53	316.45	263.55	213.62
1115.88	316.6	263.8	214.12
1115.24	316.75	264.05	214.61
1114.59	316.9	264.3	215.11
1113.95	317.05	264.55	215.6
1113.3	317.2	264.8	216.1
1112.66	317.7	264.45	216.09
1112.01	318.19	264.1	216.1
1111.37	318.69	263.75	216.09
1110.72	319.18	263.4	216.1
1110.08	319.68	263.05	216.09
1109.43	320.18	262.7	216.09
1108.79	320.67	262.35	216.09
1108.14	321.17	262	216.09
1107.5	321.66	261.65	216.09
1106.85	322.16	261.3	216.09
1106.21	322.66	260.95	216.08
1105.56	323.15	260.6	216.09
1104.92	323.65	260.25	216.08
1104.27	324.14	259.9	216.09
1103.63	324.64	259.55	216.08
1102.98	325.14	259.2	216.08
1102.34	325.63	258.85	216.08
1101.69	326.13	258.5	216.08
1101.05	326.62	258.15	216.08
1100.4	327.12	257.8	216.08
1099.96	326.67	257.79	216.29
1099.51	326.23	257.8	216.48
1099.06	325.78	257.8	216.69
1098.62	325.33	257.79	216.89
1098.17	324.89	257.8	217.09
1097.72	324.44	257.8	217.29
1097.28	324	257.79	217.49
1096.83	323.55	257.8	217.69
1096.38	323.1	257.8	217.9
1095.94	322.66	257.8	218.09
1095.49	322.21	257.8	218.3
1095.05	321.76	257.79	218.5
1094.6	321.32	257.8	218.7
1094.15	320.87	257.8	218.9
1093.71	320.42	257.79	219.11
1093.26	319.98	257.8	219.3
1092.81	319.53	257.8	219.51
1092.37	319.08	257.79	219.71
1091.92	318.64	257.8	219.91
1091.47	318.19	257.8	220.11
1090.73	317.5	258.14	220.75
1089.99	316.8	258.48	221.4
1089.24	316.11	258.84	222.04
1088.5	315.41	259.18	222.69
1087.75	314.72	259.53	223.33
1087.01	314.02	259.87	223.98
1086.26	313.33	260.22	224.62
1085.52	312.64	260.56	225.26
1084.78	311.94	260.9	225.91
1084.03	311.25	261.26	226.55
1083.29	310.55	261.6	227.2
1082.54	309.86	261.95	227.84
1081.8	309.16	262.29	228.49
1081.06	308.47	262.63	229.13
1080.31	307.77	262.98	229.78
1079.57	307.08	263.32	230.42
1078.82	306.39	263.68	231.06
1078.08	305.69	264.02	231.71
1077.34	305	264.36	232.35
1076.59	304.3	264.71	233
1076.54	304.3	265.61	233.1
1076.49	304.3	266.5	233.2
1076.44	304.3	267.4	233.3
1076.39	304.3	268.29	233.4
1076.34	304.3	269.19	233.5
1076.29	304.3	270.08	233.6
1076.24	304.3	270.98	233.7
1076.19	304.3	271.87	233.8
1076.14	304.3	272.77	233.9
1076.1	304.3	273.65	234
1076.05	304.3	274.55	234.1
1076	304.3	275.44	234.2
1075.95	304.3	276.34	234.3
1075.9	304.3	277.23	234.4
1075.85	304.3	278.13	234.5
1075.8	304.3	279.02	234.6
1075.75	304.3	279.92	234.7
1075.7	304.3	280.81	234.8
1075.65	304.3	281.71	234.9
1075.6	304.3	282.6	235
1073.07	304.3	286.15	234.95
1070.54	304.3	289.71	234.9
1068.01	304.3	293.26	234.85
1065.48	304.3	296.81	234.8
1062.95	304.3	300.37	234.75
1060.42	304.3	303.92	234.7
1057.89	304.3	307.47	234.65
1055.36	304.3	311.02	234.6
1052.83	304.3	314.58	234.55
1050.3	304.3	318.13	234.5
1047.77	304.3	321.68	234.45
1045.24	304.3	325.24	234.4
1042.71	304.3	328.79	234.35
1040.18	304.3	331.55	236.28
1037.65	304.3	334.31	238.2
1035.12	304.3	337.07	236.6
1032.59	304.3	339.82	235.95
1030.06	304.3	342.58	235.3
1027.53	304.3	345.34	234.65
1025	304.3	348.1	234
1023.42	304.05	350.28	233.36
1021.83	303.8	352.46	232.71
1020.25	303.55	354.64	232.07
1018.66	303.3	356.82	231.42
1017.08	303.05	359	230.78
1015.49	302.8	361.18	230.13
1013.91	302.55	363.36	229.49
1012.32	302.3	365.54	228.84
1010.74	302.05	367.72	228.2
1009.15	301.8	369.9	227.55
1007.57	301.55	372.08	226.91
1005.98	301.3	374.26	226.26
1004.4	301.05	376.44	225.62
1002.81	300.8	378.62	224.97
1001.23	300.55	380.8	224.33
999.64	300.3	382.98	223.68
998.06	300.05	385.16	223.04
996.47	299.8	387.34	222.39
994.89	299.55	389.51	221.75
993.3	299.3	391.7	221.1
994.1	299.3	393.3	220.61
994.9	299.3	394.9	220.11
995.7	299.3	392.9	219.62
995.55	299.3	393.81	217.36
995.4	299.3	394.72	215.1
996.43	299.3	394.45	214
997.47	299.3	394.17	212.9
998.5	299.3	393.9	217.14
1001.6	299.3	389.52	216.64
1001.2	299.3	388.65	212.6
1003.2	299.3	388.9	210.9
1006.4	299.3	384.5	210.93
1008.4	299.3	380.77	210.97
1011.91	299.3	375.94	209.41
1015.43	299.3	371.09	207.86
1018.94	299.3	366.26	206.3
1022.46	299.3	363.34	206.3
1025.97	299.3	356.93	204.4
1029.49	299.3	350.51	204.2
1033	299.3	346.5	211.2
1040.6	298.76	334.26	208.74
1044.7	298.21	332.7	210.07
1047.6	297.67	324.77	213.73
1054	297.12	313.33	214.93
1059.6	296.58	306.2	217.89
1062.7	296.03	296.9	220.87
1068.3	295.49	289.7	221.8
1071.5	294.94	281.02	225.71
1069.9	294.4	279.5	230.8
1069.61	293.85	274.1	231.7
1069.32	293.31	268.7	232.59
1069.03	292.76	263.3	233.49
1068.74	292.22	257.9	234.38
1068.45	291.67	252.5	234.93
1068.15	291.13	247.1	235.47
1067.86	290.58	241.7	235.18
1067.57	290.04	236.3	234.88
1067.28	289.49	230.9	234.59
1066.99	288.95	225.5	234.29
1066.7	288.4	220.1	234
1066.15	288.25	216.3	232.66
1065.61	288.1	212.49	231.32
1065.06	287.95	210.14	229.98
1064.52	287.8	207.78	228.64
1063.97	287.65	204.38	227.3
1063.43	287.5	200.97	225.96
1062.88	287.35	199.56	224.62
1062.34	287.2	198.14	223.28
1061.79	287.05	196.73	221.94
1061.25	286.9	195.31	220.6
1060.71	286.75	193.89	219.26
1060.16	286.6	193.61	217.79
1059.62	286.45	193.31	216.31
1059.07	286.3	193.03	214.84
1058.53	286.15	192.74	213.37
1057.98	286	192.45	211.89
1057.44	285.85	192.16	210.42
1056.89	285.7	191.88	208.95
1056.35	285.55	191.58	207.47
1055.8	285.4	191.3	206
1055.36	285.85	192.35	205.16
1054.91	286.29	193.41	204.34
1054.47	286.74	194.46	203.5
1054.02	287.19	195.52	202.66
1053.58	287.63	196.58	201.83
1053.13	288.08	197.64	201
1052.69	288.53	198.69	200.16
1052.24	288.97	199.75	199.33
1051.8	289.42	200.8	206.54
1051.35	289.87	202.82	200.33
1050.91	290.31	204.84	200.49
1050.46	290.76	206.86	200.64
1050.02	291.2	208.87	200.8
1049.57	291.65	210.89	201.15
1049.13	292.1	212.91	201.5
1048.68	292.54	214.93	201.86
1048.24	292.99	216.94	202.21
1047.79	293.44	218.96	203.87
1047.35	293.88	220.98	205.54
1046.9	294.33	223	207.2
1046.8	295.17	223.49	207.35
1046.7	296.02	223.99	207.5
1046.6	296.86	224.48	207.65
1046.5	297.7	224.98	207.8
1046.4	298.55	225.47	207.95
1046.3	299.39	225.97	208.1
1046.2	300.23	226.46	208.25
1046.1	301.08	226.96	208.4
1046	301.92	227.45	208.55
1045.9	302.76	227.95	208.7
1045.8	303.61	228.44	208.85
1045.7	304.45	228.94	209
1045.6	305.29	229.43	209.16
1045.5	306.14	229.93	209.3
1045.4	306.98	230.42	209.45
1045.3	307.83	230.92	209.6
1045.2	308.67	231.41	209.75
1045.1	309.51	231.91	209.9
1045	310.36	232.4	210.05
1044.9	311.2	232.9	210.2
1044.9	311.2	233.9	210.33
1044.9	311.2	234.9	210.47
1044.9	311.2	235.9	210.6
1044.9	311.2	236.9	210.73
1044.9	311.2	237.9	210.87
1044.9	311.2	238.9	211
1044.9	311.2	239.9	211.13
1044.9	311.2	240.07	211.27
1044.9	311.2	240.25	211.4
1044.9	311.2	240.42	211.53
1044.9	311.2	240.59	211.67
1044.9	311.2	240.77	211.8
1044.9	311.2	240.94	211.93
1044.9	311.2	241.12	212.07
1044.9	311.2	241.29	212.2
1044.9	311.2	241.46	212.33
1044.9	311.2	241.64	212.47
1044.9	311.2	241.81	212.6
1044.9	311.2	242.31	211.4
1044.9	311.2	242.8	210.2
1044.9	310.9	243.45	210.85
1044.9	310.6	244.09	211.49
1044.9	310.3	244.74	212.14
1044.9	310	245.38	212.78
1044.9	309.7	246.03	213.43
1044.9	309.4	246.67	214.07
1044.9	309.1	247.32	214.72
1044.9	308.8	247.96	215.36
1044.9	308.5	248.61	216.01
1044.9	308.2	249.25	216.65
1044.9	307.9	249.9	217.3
1044.9	307.6	250.54	217.94
1044.9	307.3	251.19	218.59
1044.9	307	251.83	219.23
1044.9	306.7	252.48	219.88
1044.9	306.4	253.12	220.52
1044.9	306.1	253.77	221.17
1044.9	305.8	254.41	221.81
1044.9	305.5	255.06	222.46
1044.9	305.2	255.7	223.1
1043.51	305.1	258.97	223.45
1042.12	305	262.25	223.81
1040.73	304.9	265.52	224.16
1039.34	304.8	268.8	224.51
1037.95	304.7	272.07	224.86
1036.56	304.6	275.35	225.22
1035.17	304.5	278.62	225.57
1033.78	304.4	281.9	225.92
1032.39	304.3	285.17	226.27
1031	304.2	288.45	226.63
1029.61	304.1	291.72	226.98
1028.22	304	295	227.33
1026.83	303.9	298.27	227.68
1025.44	303.8	301.55	228.04
1024.05	303.7	304.82	228.39
1022.66	303.6	308.1	228.74
1021.27	303.5	311.37	229.09
1019.88	303.4	314.65	229.45
1018.49	303.3	317.92	229.8
1017.1	303.2	321.2	225.1
1014.67	303.2	324.72	226.3
1012.24	303.2	328.24	227.5
1009.81	303.2	331.76	228.7
1007.38	303.2	335.28	228.49
1004.95	303.2	338.8	228.28
1002.52	303.2	342.32	228.06
1000.09	303.2	345.84	227.85
997.66	303.2	349.36	227.64
995.23	303.2	352.88	227.43
992.8	303.2	356.4	227.22
990.37	303.2	359.92	227.01
987.94	303.2	363.44	226.79
985.51	303.2	366.96	226.58
983.08	303.2	370.48	226.37
980.65	303.2	374	226.16
978.22	303.2	377.52	225.95
975.79	303.2	381.04	225.74
973.36	303.2	384.56	225.52
970.93	303.2	388.08	225.31
968.5	303.2	391.6	225.1
967	303.4	394.2	223.96
965.5	303.6	396.8	222.82
964	303.8	399.4	221.68
962.5	304	402	220.54
962.5	304.2	403.1	219.4
960.7	304.4	405.06	216.7
960.1	304.6	408.2	217.5
959.5	304.8	406.58	214.8
960.45	305	405.79	216
961.4	305.2	408.6	213.7
962.11	305.4	407.69	212.4
962.82	305.6	406.78	213.4
963.53	305.8	405.87	212.7
963.45	306	405.75	210.3
963.38	306.2	405.62	211.4
963.3	306.4	405.5	212.5
964.6	306.6	404	213.2
965.9	306.8	402.5	217.5
967.2	307	401	221.8
968.5	307.2	399.5	226.1
973.17	307.2	394.93	230.5
977.83	307.2	390.37	234.9
982.5	307.2	382.8	235.8
987.16	307.2	376.44	236.69
987.1	307.2	375.6	242.3
992.08	307.2	368.72	244.07
997.06	307.2	361.84	245.83
1002.04	307.2	354.96	247.6
1007.02	307.2	346.1	251.4
1012	307.2	337.25	251.84
1016.98	307.2	328.39	252.28
1021.96	307.2	319.54	252.72
1026.94	307.2	310.68	253.16
1031.92	307.2	301.83	253.6
1036.9	307.2	292.97	256.7
1041.88	307.2	284.12	255.54
1046.86	307.2	275.26	254.38
1051.84	307.2	266.41	253.22
1056.82	307.2	257.55	252.06
1061.8	307.2	248.7	250.9
1061.8	307.7	244.39	248.17
1061.8	308.19	240.07	245.45
1061.8	308.69	235.76	242.72
1061.8	309.18	231.45	240
1061.8	309.68	227.14	237.27
1061.8	310.17	222.82	234.55
1061.8	310.67	218.51	231.82
1061.8	311.16	214.2	229.1
1061.8	311.66	210.77	226.37
1061.8	312.15	207.34	223.65
1061.8	312.65	203.91	220.92
1061.8	313.14	200.49	218.2
1061.8	313.64	197.06	215.47
1061.8	314.13	193.63	212.75
1061.8	314.62	190.2	210.03
1061.8	315.12	188.8	207.3
1061.8	315.62	187.4	204.57
1061.8	316.11	186	201.85
1061.8	316.61	184.6	199.12
1061.8	317.1	183.2	196.4
1061.45	317.7	182.01	196.64
1061.11	318.29	180.81	196.9
1060.76	318.89	179.62	197.14
1060.41	319.48	178.43	197.39
1060.06	320.08	177.24	197.64
1059.72	320.67	176.45	197.89
1059.37	321.26	175.66	198.14
1059.02	321.86	174.88	198.39
1058.68	322.45	175.57	198.64
1058.33	323.05	176.26	198.88
1057.98	323.64	176.96	199.14
1057.63	324.24	177.66	199.38
1057.29	324.83	178.34	199.63
1056.94	325.43	179.04	199.88
1056.59	326.02	179.73	200.13
1056.24	326.62	180.43	200.37
1055.9	327.21	181.12	200.62
1055.55	327.81	181.81	200.87
1055.2	328.4	182.51	201.12
1054.86	329	183.2	201.36
1054.61	329.12	183.79	202.24
1054.36	329.25	184.39	203.1
1054.11	329.38	184.99	203.96
1053.86	329.5	185.58	204.83
1053.62	329.62	186.17	205.7
1053.37	329.75	186.77	206.57
1053.12	329.88	187.37	207.43
1052.87	330	187.96	208.3
1052.63	330.12	188.55	209.17
1052.38	330.25	189.15	210.03
1052.13	330.38	189.75	210.89
1051.88	330.5	190.34	211.77
1051.63	330.62	190.94	212.64
1051.39	330.75	191.53	213.5
1051.14	330.88	192.12	214.36
1050.89	331	192.72	215.23
1050.64	331.12	193.32	216.1
1050.4	331.25	193.91	216.97
1050.15	331.38	194.5	217.83
1049.9	331.5	195.1	218.7
1049.9	331.5	194.87	218.7
1049.9	331.5	194.63	218.7
1049.9	331.5	194.4	218.7
1049.9	331.5	194.17	218.7
1049.9	331.5	193.93	218.7
1049.9	331.5	193.7	218.7
1049.9	331.5	193.47	218.7
1049.9	331.5	193.23	218.7
1049.9	331.5	193	218.7
1049.9	331.5	193.49	218.7
1049.9	331.5	193.98	218.7
1049.9	331.5	194.47	218.7
1049.9	331.5	194.96	218.7
1049.9	331.5	195.45	218.7
1049.9	331.5	195.95	218.7
1049.9	331.5	196.44	218.7
1049.9	331.5	196.93	218.7
1049.9	331.5	197.42	218.7
1049.9	331.5	197.91	218.7
1049.9	331.5	198.4	218.7
1047.92	331.25	202.57	218.95
1045.93	331	206.75	219.2
1043.95	330.75	210.92	219.45
1041.96	330.5	215.1	219.7
1039.98	330.25	219.27	219.95
1037.99	330	223.45	220.2
1036.01	329.75	227.62	220.45
1034.02	329.5	231.8	220.7
1032.04	329.25	235.97	220.95
1030.05	329	240.15	221.2
1028.07	328.75	244.32	221.45
1026.08	328.5	248.5	221.7
1024.1	328.25	252.67	221.95
1022.11	328	256.85	222.2
1020.13	327.75	261.02	222.45
1018.14	327.5	265.2	222.7
1016.16	327.25	269.37	222.95
1014.17	327	273.55	223.2
1012.19	326.75	277.72	223.45
1010.2	326.5	281.9	223.7
1009.29	326.5	284.76	223.37
1008.38	326.5	287.61	223.04
1007.47	326.5	290.47	222.71
1006.56	326.5	293.32	222.38
1005.65	326.5	296.18	222.05
1004.74	326.5	299.03	221.72
1003.83	326.5	301.89	221.39
1002.92	326.5	304.74	221.06
1002.01	326.5	307.6	220.73
1001.1	326.5	310.45	220.4
1000.19	326.5	313.31	220.07
999.28	326.5	316.16	219.74
998.37	326.5	319.02	219.41
997.46	326.5	321.87	219.08
996.55	326.5	324.73	218.75
995.64	326.5	327.58	218.42
994.73	326.5	330.44	218.09
993.82	326.5	333.29	217.76
992.91	326.5	336.15	217.43
992	326.5	339	217.1
992.91	325.05	339.44	216.94
993.82	323.61	339.88	216.77
994.73	322.16	340.32	216.61
995.64	320.71	340.76	216.45
996.55	319.27	341.2	216.28
997.46	317.82	341.64	216.12
998.37	316.37	340.98	215.96
999.28	314.93	340.32	215.79
1000.19	313.48	339.66	215.63
1001.1	312.03	339	215.47
1002.01	310.59	338.69	215.3
1002.92	309.14	338.38	215.14
1003.83	307.69	338.07	214.98
1003.55	306.25	337.88	214.81
1003.27	304.8	337.68	214.65
1002.98	303.35	337.5	214.49
1002.7	301.91	337.3	214.32
1005.2	300.46	331.53	214.16
1007.7	299.01	325.77	214
1010.2	297.57	320	213.83
1012.81	296.12	315.49	213.21
1016.9	294.67	308.2	212.6
1021	293.22	300.9	211.98
1025.1	291.78	293.6	211.36
1029.2	290.33	286.3	210.74
1034.18	288.88	276.62	211.91
1039.15	287.44	266.95	213.06
1044.13	285.99	257.27	214.81
1049.1	284.54	247.6	216.56
1052.7	283.1	239.3	217.55
1056.3	281.65	231	218.55
1059.8	280.2	222.8	216.66
1060.11	278.76	217.79	217.12
1060.42	277.31	212.78	217.59
1060.74	275.86	207.76	214.91
1061.05	274.42	202.75	212.21
1061.36	272.97	197.74	209.53
1061.67	271.52	192.73	206.85
1061.99	270.08	187.71	204.15
1062.3	268.63	182.7	201.47
1062.79	266.15	178.61	197.65
1063.29	263.67	175.91	197.59
1063.79	261.19	175.69	197.53
1064.28	258.71	175.48	197.46
1064.78	256.23	175.25	197.4
1065.27	253.75	175.04	197.34
1065.77	251.27	174.82	197.28
1066.26	248.79	174.61	197.22
1066.76	246.31	174.38	197.15
1067.25	243.83	174.17	197.09
1067.75	241.35	173.95	197.03
1068.24	238.87	173.74	196.97
1068.74	236.39	173.52	196.9
1069.23	233.91	173.3	196.84
1069.73	231.43	173.08	196.78
1070.22	228.95	172.87	196.72
1070.72	226.47	172.65	196.66
1071.21	223.99	172.43	196.59
1071.71	221.51	172.21	196.53
1072.2	219.03	172	196.47
1072.53	216.38	173.37	196.89
1072.86	213.74	174.74	197.3
1073.19	211.09	176.11	197.72
1073.52	208.44	177.48	198.14
1073.85	205.8	178.85	198.55
1074.18	203.15	180.22	198.97
1074.51	200.51	181.59	199.38
1074.84	197.86	182.96	199.8
1075.17	195.22	184.33	200.21
1075.5	192.57	185.7	200.63
1075.83	189.93	187.07	201.04
1076.16	187.28	188.44	201.46
1076.49	184.63	189.81	201.88
1076.82	181.99	189.87	202.29
1077.15	179.34	189.92	202.71
1077.48	176.7	189.98	203.12
1077.81	174.05	190.03	203.54
1078.14	171.41	190.09	203.95
1078.47	168.76	190.14	204.37
1078.8	166.12	190.2	204.78
1079.26	163.47	190.78	205.32
1079.71	160.83	191.36	205.85
1080.17	158.18	191.94	206.39
1080.62	155.53	192.52	206.93
1081.08	152.89	193.1	207.45
1081.53	150.24	193.68	207.99
1081.99	147.6	194.26	208.52
1082.44	144.95	194.84	209.06
1082.9	142.31	195.42	209.59
1083.35	139.66	196	209.16
1083.81	137.02	196.58	208.71
1084.26	134.37	197.16	208.28
1084.72	131.72	197.74	207.85
1085.17	129.08	198.32	207.41
1085.63	126.43	198.9	206.97
1086.08	123.79	199.48	206.53
1086.54	121.14	200.06	206.1
1086.99	118.5	200.64	205.66
1087.45	115.85	201.22	205.22
1087.9	113.21	201.8	204.78
1087.82	110.35	202.25	205.49
1087.74	107.5	202.7	206.19
1087.65	104.65	203.16	206.89
1087.57	101.8	203.61	207.59
1087.49	98.95	204.06	208.29
1087.4	96.09	204.52	209
1087.32	93.24	204.97	209.7
1087.24	90.39	205.42	210.4
1087.16	87.54	205.87	211.1
1087.07	84.68	206.33	211.81
1086.99	81.83	206.78	212.52
1086.91	78.98	207.23	213.22
1086.83	76.13	207.68	213.92
1086.74	73.28	208.14	214.62
1086.66	70.42	208.59	215.33
1086.58	67.57	209.04	216.03
1086.5	64.72	209.49	216.73
1086.41	61.87	209.95	217.43
1086.33	59.01	210.4	218.14
1086.25	56.16	210.85	218.84
1085.62	53.72	213.45	219.3
1085	51.28	216.03	219.75
1084.38	48.85	218.62	220.2
1083.76	46.41	219.33	220.65
1083.14	43.97	220.04	221.11
1082.51	41.53	220.75	221.56
1081.89	39.09	221.46	222.02
1081.27	36.65	222.17	222.47
1080.65	34.21	222.88	222.93
1080.02	31.77	223.6	223.38
1079.4	29.34	224.31	223.83
1078.78	26.9	225.01	224.28
1078.16	24.46	225.72	224.74
1077.53	22.02	226.44	225.19
1076.91	19.58	227.15	225.65
1076.29	17.14	227.86	226.1
1075.67	14.7	228.57	226.56
1075.04	12.26	229.28	227.01
1074.42	9.82	229.99	227.47
1073.8	7.39	230.7	227.91
1071.36	7.02	233.93	225.89
1068.92	6.65	237.15	223.86
1066.48	6.28	240.38	221.84
1064.04	5.91	243.6	219.81
1061.61	5.54	246.82	217.79
1059.17	5.17	250.04	215.76
1056.73	4.8	253.27	213.74
1054.29	4.43	256.49	211.71
1051.85	4.06	259.72	209.69
1049.41	3.69	262.94	207.66
1046.97	3.32	266.17	205.64
1044.53	2.95	269.39	203.61
1042.1	2.59	272.61	201.58
1039.66	2.22	275.83	199.55
1037.22	1.85	279.06	197.53
1034.78	1.48	282.28	195.5
1032.34	1.11	285.51	193.48
1029.9	0.74	288.73	191.45
1027.46	0.37	291.96	189.43
1025.02	0	295.18	187.4
1025.1	0	295.43	185.25
1025.18	0	295.68	183.1
1025.26	0	295.93	180.95
1025.34	0	296.18	178.8
1025.42	0	296.43	176.65
1025.5	0	296.68	174.5
1027.2	0	295.31	172.35
1028.9	0	293.94	170.2
1025.2	0	297.97	168.05
1026.78	0	296.72	168.78
1028.36	0	295.47	169.5
1029.94	0	294.22	165.43
1031.52	0	292.97	161.37
1033.1	0	291.72	157.3
1036.85	0	288.3	155.15
1040.6	0	284.88	153
1044.35	0	281.46	150.85
1048.1	0	278.04	148.7
1051.85	0	274.62	146.55
1055.6	0	271.2	144.4
1054.44	0	272.44	141.76
1053.29	0	273.68	139.11
1052.13	0	274.92	136.47
1050.97	0	276.17	133.82
1049.81	0	277.41	131.18
1048.66	0	278.65	128.53
1047.5	0	279.89	125.89
1046.34	0	281.14	123.24
1045.18	0	282.38	120.6
1044.03	0	283.62	117.95
1042.87	0	284.86	115.31
1041.71	0	286.11	112.66
1040.55	0	287.35	110.02
1039.4	0	288.59	107.37
1038.24	0	289.83	104.73
1037.08	0	291.08	102.08
1035.92	0	292.32	99.44
1034.77	0	293.56	96.79
1033.61	0	294.8	94.15
1032.45	0	296.05	91.5
1032.45	0	295.82	89.19
1032.45	0	295.58	86.87
1032.45	0	295.35	84.56
1032.45	0	295.9	82.24
1032.45	0	296.45	79.93
1032.45	0	292.95	77.61
1032.45	0	289.45	75.3
1032.45	0	285.95	72.98
1032.45	0	282.45	70.67
1032.45	0	278.95	68.35
1032.45	0	275.45	66.04
1032.45	0	271.95	63.72
1032.45	0	268.45	61.41
1032.45	0	264.95	59.09
1032.45	0	261.45	56.78
1032.45	0	257.95	54.46
1032.45	0	254.45	52.15
1032.45	0	250.95	49.83
1032.45	0	247.45	47.52
1032.45	0	243.95	45.2
1033.48	0	238.16	45.24
1034.52	0	232.37	45.28
1035.55	0	226.58	45.33
1036.58	0	220.8	45.37
1037.61	0	215.01	45.41
1038.65	0	209.22	45.45
1039.68	0	203.43	45.49
1040.71	0	197.65	45.53
1041.74	0	191.86	45.58
1042.78	0	186.07	45.62
1043.81	0	180.28	45.66
1044.84	0	174.5	45.7
1045.87	0	168.71	44.5
1046.9	0	162.93	43.3
1047.94	0	157.13	42.1
1048.97	0	151.35	40.9
1050	0	145.56	39.7
1051.03	0	139.78	38.5
1052.07	0	133.98	37.3
1053.1	0	128.2	36.1
1053.5	0	121.8	32.5
1053.9	0	115.4	32.46
1075.75	0	82.85	29.43
1097.6	0	50.3	26.4
1097.76	0	44.34	22.8
1094.6	0	41.9	14.8
1092.3	0	40.7	14
1089.9	0	43.7	9.9
1090.1	0	43.74	5
0.00	0.00	0.00	0.00
0.00	0.00	0.00	0.00
0.00	0.00	0.00	0.00
0.00	0.00	0.00	0.00
0.00	0.00	0.00	0.00
0.00	0.00	0.00	0.00
0.00	0.00	0.00	0.00
0.00	0.00	0.00	0.00
0.00	0.00	0.00	0.00
0.00	0.00	0.00	0.00
0.00	0.00	0.00	0.00
0.00	0.00	0.00	0.00
0.00	0.00	0.00	0.00
0.00	0.00	0.00	0.00
0.00	0.00	0.00	0.00
0.00	0.00	0.00	0.00
0.00	0.00	0.00	0.00
0.00	0.00	0.00	0.00
0.00	0.00	0.00	0.00
0.00	0.00	0.00	0.00
0.00	0.00	0.00	0.00
0.00	0.00	0.00	0.00
0.00	0.00	0.00	0.00
0.00	0.00	0.00	0.00
0.00	0.00	0.00	0.00
0.00	0.00	0.00	0.00
0.00	0.00	0.00	0.00
0.00	0.00	0.00	0.00
0.00	0.00	0.00	0.00
0.00	0.00	0.00	0.00
0.00	0.00	0.00	0.00
0.00	0.00	0.00	0.00
0.00	0.00	0.00	0.00
0.00	0.00	0.00	0.00
0.00	0.00	0.00	0.00
0.00	0.00	0.00	0.00
0.00	0.00	0.00	0.00
0.00	0.00	0.00	0.00
0.00	0.00	0.00	0.00
0.00	0.00	0.00	0.00
0.00	0.00	0.00	0.00
0.00	0.00	0.00	0.00
0.00	0.00	0.00	0.00
0.00	0.00	0.00	0.00
0.00	0.00	0.00	0.00
0.00	0.00	0.00	0.00
0.00	0.00	0.00	0.00
0.00	0.00	0.00	0.00
0.00	0.00	0.00	0.00
0.00	0.00	0.00	0.00
0.00	0.00	0.00	0.00
0.00	0.00	0.00	0.00
0.00	0.00	0.00	0.00
0.00	0.00	0.00	0.00
0.00	0.00	0.00	0.00
0.00	0.00	0.00	0.00
0.00	0.00	0.00	0.00
0.00	0.00	0.00	0.00
0.00	0.00	0.00	0.00
0.00	0.00	0.00	0.00
0.00	0.00	0.00	0.00
0.00	0.00	0.00	0.00
0.00	0.00	0.00	0.00
0.00	0.00	0.00	0.00
0.00	0.00	0.00	0.00
0.00	0.00	0.00	0.00
0.00	0.00	0.00	0.00
0.00	0.00	0.00	0.00
0.00	0.00	0.00	0.00
0.00	0.00	0.00	0.00
0.00	0.00	0.00	0.00
0.00	0.00	0.00	0.00
0.00	0.00	0.00	0.00
0.00	0.00	0.00	0.00
0.00	0.00	0.00	0.00
0.00	0.00	0.00	0.00
0.00	0.00	0.00	0.00
0.00	0.00	0.00	0.00
0.00	0.00	0.00	0.00
0.00	0.00	0.00	0.00
0.00	0.00	0.00	0.00
0.00	0.00	0.00	0.00
0.00	0.00	0.00	0.00
0.00	0.00	0.00	0.00
0.00	0.00	0.00	0.00
0.00	0.00	0.00	0.00
0.00	0.00	0.00	0.00
0.00	0.00	0.00	0.00
0.00	0.00	0.00	0.00
0.00	0.00	0.00	0.00
0.00	0.00	0.00	0.00
0.00	0.00	0.00	0.00
0.00	0.00	0.00	0.00
0.00	0.00	0.00	0.00
0.00	0.00	0.00	0.00
0.00	0.00	0.00	0.00
0.00	0.00	0.00	0.00
0.00	0.00	0.00	0.00
0.00	0.00	0.00	0.00
0.00	0.00	0.00	0.00
0.00	0.00	0.00	0.00
0.00	0.00	0.00	0.00
0.00	0.00	0.00	0.00
0.00	0.00	0.00	0.00
0.00	0.00	0.00	0.00
0.00	0.00	0.00	0.00
0.00	0.00	0.00	0.00
0.00	0.00	0.00	0.00
0.00	0.00	0.00	0.00
0.00	0.00	0.00	0.00
0.00	0.00	0.00	0.00
0.00	0.00	0.00	0.00
0.00	0.00	0.00	0.00
0.00	0.00	0.00	0.00
0.00	0.00	0.00	0.00
0.00	0.00	0.00	0.00
0.00	0.00	0.00	0.00
0.00	0.00	0.00	0.00
0.00	0.00	0.00	0.00
0.00	0.00	0.00	0.00
0.00	0.00	0.00	0.00
0.00	0.00	0.00	0.00
0.00	0.00	0.00	0.00
0.00	0.00	0.00	0.00
0.00	0.00	0.00	0.00
0.00	0.00	0.00	0.00
0.00	0.00	0.00	0.00
0.00	0.00	0.00	0.00
0.00	0.00	0.00	0.00
0.00	0.00	0.00	0.00
0.00	0.00	0.00	0.00
0.00	0.00	0.00	0.00
0.00	0.00	0.00	0.00
0.00	0.00	0.00	0.00
0.00	0.00	0.00	0.00
0.00	0.00	0.00	0.00
0.00	0.00	0.00	0.00
0.00	0.00	0.00	0.00
0.00	0.00	0.00	0.00
0.00	0.00	0.00	0.00
0.00	0.00	0.00	0.00
0.00	0.00	0.00	0.00
0.00	0.00	0.00	0.00
0.00	0.00	0.00	0.00
0.00	0.00	0.00	0.00
0.00	0.00	0.00	0.00
0.00	0.00	0.00	0.00
0.00	0.00	0.00	0.00
0.00	0.00	0.00	0.00
0.00	0.00	0.00	0.00
0.00	0.00	0.00	0.00
0.00	0.00	0.00	0.00
0.00	0.00	0.00	0.00
0.00	0.00	0.00	0.00
0.00	0.00	0.00	0.00
0.00	0.00	0.00	0.00
1122.14	0	49.95	1.1
1057.4	0.41	22.3	6.19
1058.9	0.83	26	4.57
1065.2	0.76	32.1	8.74
1070.64	0.69	34.86	12.71
1072.8	0.62	42.2	17.28
1081.3	0.55	41.2	19.05
1085.9	0.5	46.5	22.3
1087.4	0.43	53.6	22.74
1093.67	0.36	53.25	23.18
1099.93	0.29	52.91	23.62
1106.2	0.21	52.56	24.08
1112.47	0.14	52.21	24.52
1118.73	0.07	51.87	24.96
1125	0	50.5	25.4
1130.1	0.04	51.3	25.34
1137.6	0.08	48	25.28
1145.7	0.12	45.7	25.22
1151.1	0.17	42.9	25.15
1159.7	0.21	36.63	20.09
1167.2	0.25	31.47	20.17
1177.8	0.29	23.2	16.91
1183.2	0.33	24.7	13.37
1188.6	0.38	26.2	9.82
1197.5	0.42	17.1	7.58
0.00	0.00	0.00	0.00
0.00	0.00	0.00	0.00
0.00	0.00	0.00	0.00
0.00	0.00	0.00	0.00
0.00	0.00	0.00	0.00
0.00	0.00	0.00	0.00
0.00	0.00	0.00	0.00
0.00	0.00	0.00	0.00
0.00	0.00	0.00	0.00
0.00	0.00	0.00	0.00
0.00	0.00	0.00	0.00
0.00	0.00	0.00	0.00
0.00	0.00	0.00	0.00
0.00	0.00	0.00	0.00
0.00	0.00	0.00	0.00
0.00	0.00	0.00	0.00
1230.9	1.12	19.63	0.98
1225.68	1.16	26.96	4.34
1227.1	1.2	27.65	5.89
1228.7	1.24	22.4	7.44
1170.9	1.28	82.89	11.52
1167.6	1.32	91.3	12.79
1169.4	1.37	91.89	14.05
1173.6	1.41	88.4	15.32
1166.8	0	99.6	19.7
1166.05	0.33	102.67	20.35
1165.29	0.66	105.75	21
1164.54	0.99	108.82	21.65
1163.78	1.32	111.9	22.3
1163.03	1.65	114.97	22.95
1162.45	1.65	115.55	24.95
1161.88	1.65	116.12	26.95
1161.3	1.65	116.7	28.48
1160.72	1.65	117.28	30.01
1160.15	1.65	117.85	31.53
1159.57	1.65	118.43	33.06
1158.99	1.65	119.01	34.59
1158.42	1.65	119.58	36.12
1157.84	1.65	120.16	37.64
1157.26	1.65	120.74	39.17
1156.69	1.65	121.31	40.7
1156.11	1.65	121.89	42.23
1155.54	1.65	122.46	43.76
1154.96	1.65	123.04	45.28
1154.38	1.65	123.62	46.81
1153.81	1.65	124.19	48.34
1153.23	1.65	124.77	49.87
1152.65	1.65	125.35	51.39
1152.08	1.65	125.92	52.92
1151.5	1.65	126.5	54.45
1150.26	1.57	127.9	58.13
1149.02	1.49	129.6	59.24
1147.78	1.4	131.29	60.35
1146.54	1.32	132.99	61.46
1145.3	1.24	134.68	62.57
1144.06	1.16	136.38	63.67
1142.82	1.07	138.07	64.79
1141.58	0.99	139.77	65.89
1140.34	0.91	141.46	67
1139.1	0.83	143.16	68.11
1137.86	0.74	144.85	69.22
1136.62	0.66	146.55	70.33
1135.38	0.58	148.24	71.44
1134.14	0.5	149.94	72.54
1132.9	0.41	151.63	73.66
1131.66	0.33	153.33	74.76
1130.42	0.25	155.02	75.87
1129.18	0.17	156.72	76.98
1127.94	0.08	155.66	78.09
1126.7	0	154.6	79.2
1124.1	0	156.57	80.52
1121.49	0	158.54	81.85
1118.89	0	160.51	83.17
1116.28	0	160.56	83.91
1113.68	0	160.59	84.64
1111.08	0	160.63	85.37
1108.47	0	160.67	86.1
1105.87	0	160.71	86.84
1103.26	0	160.75	87.57
1100.66	0	160.79	88.3
1098.05	0	160.83	90.04
1095.45	0	160.87	91.78
1092.85	0	160.9	93.52
1090.24	0	160.95	95.26
1087.64	0	160.98	97
1085.03	0	161.03	98.74
1082.43	0	161.06	100.48
1079.83	0	161.1	102.22
1077.22	0	161.14	103.96
1074.62	0	161.18	105.7
1071.76	0	162.02	107.6
1068.91	0	162.84	109.5
1066.06	0	163.67	111.4
1063.21	0	164.49	113.3
1060.36	0	164.71	115.2
1057.5	0	164.93	117.1
1054.65	0	165.15	119
1053.03	0	163.67	120.9
1051.4	0	162.2	122.8
1048.6	0	164.84	124.7
1045.5	0	169	126.6
1042.39	0	173.18	128.5
1039.29	0	177.34	130.4
1036.19	0	181.51	132.3
1033.09	0	184.46	135.85
1029.98	0	187.42	139.4
1031	0	185	140.48
1026.52	0	188.08	141.99
1022.05	0	191.15	143.5
1017.57	0	194.23	143.7
1015.18	0.04	195.29	146.39
1012.79	0.08	196.36	149.07
1010.39	0.12	197.43	151.76
1008	0.17	198.5	154.43
994.03	0.21	211.14	154.29
1004.1	0.25	199.75	155.52
998.7	0.29	203.82	156.74
993.3	0.33	207.9	157.97
990	0.37	208.65	159.2
986.7	0.41	209.4	160.42
985.93	0.46	208.4	161.64
985.15	0.5	207.42	162.87
984.38	0.54	206.42	164.09
983.6	0.58	205.43	165.32
980.3	0.62	206.97	166.55
977	0.66	208.5	167.77
975.75	0.44	209.7	169.26
974.5	0.22	210.9	170.75
942.36	0	242.99	172.23
967.8	0.83	215.8	172.67
963.55	0.79	219.02	174.42
959.3	0.74	222.24	176.18
957.1	0.7	223.41	177.93
954.9	0.66	224.58	179.68
952.7	0.62	225.75	181.44
950.5	0.58	226.92	183.19
948.3	0.54	228.09	184.94
946.1	0.5	229.26	186.69
912.25	0.46	262.08	188.44
937.4	0.41	235.54	190.54
937.85	0.37	233.7	192.64
938.3	0.33	231.86	194.73
926.58	0.29	242.19	196.83
914.86	0.25	252.52	198.92
903.14	0.21	262.85	201.02
891.42	0.17	273.18	203.11
888.44	0.12	275.76	205.22
885.46	0.08	278.34	207.31
882.49	0.04	280.91	209.41
879.51	0	283.49	211.5
878.97	0	283.53	214.07
878.44	0	283.57	216.63
877.9	0	283.62	219.2
875.76	0	285.26	221.76
873.62	3.15	287.14	221.18
871.48	6.3	289.02	220.59
869.34	9.46	290.9	220
867.19	12.61	292.79	219.41
865.05	15.76	294.67	218.83
862.91	18.91	296.55	218.24
860.77	22.06	298.43	217.66
857.79	23.58	300.73	218.7
854.8	25.1	303.04	219.75
854.95	28.72	302.22	218.69
855.1	32.34	301.39	217.64
852.38	35.96	303.43	216.58
849.66	39.57	305.47	215.54
846.94	43.19	307.52	214.48
844.22	46.81	309.56	213.43
841.5	50.43	311.6	212.37
837.3	53.16	313.98	211.75
833.1	55.89	316.36	211.13
830.72	60.24	316.92	213.86
828.34	64.6	317.48	209.9
825.96	67.12	318.04	209.53
823.58	69.65	318.6	209.15
821.2	72.17	319.16	210.13
818.82	77.19	319.72	206.86
816.43	82.2	320.29	203.59
814.05	84.27	320.85	205.73
811.67	86.34	322.46	205.16
809.29	88.42	324.06	204.58
806.91	90.49	325.67	204.01
804.53	92.56	327.27	203.44
800.07	94.63	329.21	202.87
795.6	96.71	331.17	202.29
794.26	98.78	329.99	201.72
792.92	100.85	328.81	201.15
791.58	102.92	327.64	200.58
790.24	104.99	326.46	200.01
788.96	106.81	325.26	199.51
787.68	108.63	324.06	199.01
786.4	110.45	322.86	198.51
785.12	112.27	321.66	198.01
783.83	114.09	320.47	197.51
784.2	115.92	320.2	198.11
785.4	117.74	314.9	198.71
786.2	119.56	312.25	197.27
786.1	121.38	310.5	195.82
787.3	123.2	302.7	195.6
786.5	125.02	299.85	195.38
788.9	126.84	293.8	195.16
789.3	128.66	288.55	196.54
785.77	130.48	289.73	197.98
782.24	132.3	287.99	199.96
778.71	134.12	286.26	201.95
775.19	135.94	284.51	203.94
771.66	137.76	282.77	205.93
768.13	139.58	281.04	207.91
764.6	141.4	279.3	209.9
761.33	142.2	276.25	209.97
758.07	143	273.18	210.04
754.8	146.08	270.13	210.32
751.54	149.16	266.65	207.96
748.27	152.23	263.18	205.62
745.01	155.31	259.7	203.26
741.74	158.39	256.24	200.9
738.47	161.47	252.77	198.55
735.21	164.54	249.29	196.2
731.94	167.62	245.21	193.84
728.68	170.7	241.12	191.49
725.41	171.3	238.57	191.61
722.15	174.69	236.01	188.12
718.88	178.08	233.46	184.62
715.62	181.46	230.9	181.14
712.35	184.85	228.35	178.97
709.08	188.24	225.8	176.8
705.82	191.63	223.24	174.63
702.55	195.01	220.7	172.47
699.29	198.4	218.14	170.3
695.7	200.01	216.84	170.34
692.11	201.62	215.55	170.38
688.52	203.22	214.26	170.43
684.93	204.83	212.97	170.47
681.34	206.44	211.68	170.51
677.75	208.05	210.39	170.55
674.16	209.65	209.1	170.6
670.57	211.26	207.81	170.64
666.98	212.87	206.51	170.33
663.39	214.48	205.22	170.02
659.81	216.08	203.92	169.72
656.22	217.69	202.63	169.41
652.63	219.3	201.34	170.66
649.04	220.91	200.05	171.92
645.45	222.51	198.76	173.18
641.86	224.12	197.47	174.43
638.27	225.73	196.17	175.68
634.68	227.34	194.88	176.94
631.09	228.94	193.59	178.2
627.5	230.55	192.3	179.45
625	233.36	192.85	183.04
621.84	236.18	192.74	183.28
618.68	238.99	192.63	183.53
615.52	241.8	192.52	183.78
612.36	244.62	192.41	184.02
609.2	247.43	192.3	184.27
607.1	251.91	192.92	184.34
605	256.4	193.54	184.4
602.1	259.77	194.13	183.58
599.2	263.13	194.71	182.77
600.03	266.5	191.57	181.95
595	268.76	193.7	184.74
592.82	271.01	194.89	184.73
590.64	273.27	196.08	184.71
588.46	275.53	197.28	184.68
586.28	277.79	198.47	184.66
584.1	280.04	199.66	184.65
581.91	282.3	200.86	184.63
579.73	284.56	202.06	184.6
577.55	286.81	203.25	184.59
575.09	288.42	204.49	185.68
572.62	290.03	205.74	186.77
570.15	291.64	206.99	187.86
567.68	293.24	208.24	188.96
565.21	294.85	209.49	190.05
562.75	297.29	211.13	189.43
560.28	299.73	212.77	188.81
557.81	302.16	214.42	188.2
555.34	304.6	216.06	187.58
553.47	305.91	215.97	188.09
551.59	307.21	215.88	188.61
549.71	308.52	215.8	189.12
547.83	309.82	215.72	189.64
545.96	311.13	215.62	190.15
544.08	312.43	215.54	190.67
542.2	313.74	215.45	191.18
538.7	315.05	216.99	191.69
535.2	316.35	218.53	192.21
531.7	317.66	220.06	192.72
528.2	318.96	221.6	193.24
523.95	319.3	222.75	194.1
519.7	319.63	223.9	194.98
515.45	319.97	225.05	195.84
511.21	320.3	226.19	196.72
506.96	320.63	227.34	197.59
502.71	320.97	228.49	198.46
498.46	321.3	229.64	199.33
494.21	320.1	230.79	201.74
489.96	318.9	231.94	204.15
489	320.16	229.8	204.09
484.42	321.42	231.28	204.03
479.85	322.68	232.75	203.98
475.27	323.93	234.23	203.93
470.69	325.19	235.71	203.88
466.12	326.45	237.18	203.82
461.54	327.71	238.66	203.77
456.96	328.97	240.14	203.71
452.39	330.23	241.61	203.66
447.81	331.48	243.09	203.61
443.23	332.74	244.57	203.56
434.65	332.6	250.14	205.44
426.07	332.46	255.7	207.33
417.48	332.31	261.28	209.22
408.9	332.17	266.84	211.1
400.32	332.02	272.41	212.99
391.73	331.88	277.98	214.88
383.15	331.74	283.55	216.76
375.38	336.02	288.85	212.36
367.6	340.3	294.17	207.97
354.9	337.1	304.4	211.05
347.15	335.03	308.59	213
339.4	332.95	312.77	214.97
331.65	330.88	316.95	216.92
321.41	330.73	324.18	215.67
311.18	330.59	331.39	214.41
300.94	330.45	338.62	213.15
290.7	330.3	345.85	211.9
284.32	330.16	349.21	210.64
277.95	330.01	352.57	209.39
271.57	329.87	355.93	208.13
261.4	329.7	363.4	207.75
253.85	329.53	368.23	207.37
246.3	329.35	373.06	207
238.75	329.18	377.89	206.62
231.2	329.01	382.72	206.24
224.71	327.47	386.48	206.99
218.21	325.93	390.26	207.73
211.72	324.38	394.03	208.49
205.22	322.84	397.81	209.24
198.73	321.3	401.58	209.99
192.24	322.05	405.35	208.44
185.74	322.8	409.13	206.9
177.6	323.25	414.55	206.11
170.1	323.71	421.37	204.09
162.6	324.16	428.2	200.44
156.84	324.61	430.39	200.47
151.07	325.07	432.6	200.49
145.31	325.52	434.79	200.52
139.55	325.97	437.05	200.55
133.79	326.43	439.31	200.57
127.94	326.94	443.75	200.99
122.1	327.46	448.18	201.4
118.8	327.98	448.15	201.26
115.5	328.49	448.13	201.13
112.2	329.01	448.1	200.99
106.5	329.53	452.77	201.51
105.8	330.04	452.45	202.04
101.6	330.56	455.62	202.56
98.4	331.08	457.79	203.08
92.8	331.59	462.37	203.61
90.78	332.11	463.36	204.13
88.75	332.63	464.36	204.65
86.73	333.14	465.36	205.18
84.7	333.66	466.36	205.7
83.98	334.18	466.05	206.22
83.25	334.69	465.76	206.75
82.53	335.21	465.45	207.27
81.8	335.73	465.15	207.79
82.3	336.24	463.63	208.32
82.81	336.76	462.09	208.84
85.13	337.1	458.91	209.16
87.45	337.44	455.73	209.47
89.78	337.79	452.54	209.78
92.1	338.13	449.36	210.09
97.7	338.47	442.9	210.41
99.7	338.81	440.04	210.72
104.82	339.15	434.68	212.1
109.93	339.5	429.34	213.46
115.05	339.84	423.98	214.84
120.17	340.18	418.63	216.22
125.28	340.52	410.16	215.58
130.4	340.86	405.8	217.54
134.79	341.21	402.21	217.89
140.49	341.55	395.18	217.49
146.19	341.89	388.15	217.1
151.89	342.23	381.12	216.7
157.6	342.57	374.09	216.3
163.3	342.92	367.06	215.89
171	343.26	358.03	215.5
174.6	343.6	353.1	215.1
173.4	344.08	352.58	214.17
174.79	343.45	348.85	214.35
176.19	342.83	345.1	214.52
177.58	342.2	341.37	214.7
178.98	346	337.62	210.45
180.37	346.48	332.83	209.52
181.77	346.61	330.01	208.94
183.16	346.74	327.2	208.36
184.56	346.87	324.38	207.78
185.95	347.01	321.56	207.19
187.35	347.14	318.74	206.61
188.74	347.27	315.93	206.03
190.14	347.4	313.11	205.45
191.53	348.56	310.3	203.84
192.93	349.72	307.48	202.23
194.32	350.88	304.67	200.62
195.72	352.04	301.84	199.01
197.11	353.2	299.03	197.4
198.51	353.2	296.21	196.95
199.9	353.2	293.4	196.5
202.38	352.3	291.9	196.85
204.86	351.41	290.39	197.19
207.34	350.51	288.89	197.54
209.82	349.62	287.38	197.88
212.3	348.72	283	198.23
213.15	349.06	284.68	197.34
214	349.4	286.37	196.45
216.73	350.6	284.1	194.7
219.46	351.8	281.84	192.95
222.19	350.9	282.02	195.8
224.92	347.5	282.2	201.7
227.65	346.14	282.38	202.86
230.39	344.79	282.55	204.01
233.12	343.43	282.73	205.17
235.85	342.07	282.91	205.48
238.58	340.72	283.08	205.78
241.31	339.36	283.26	206.09
244.04	338	283.44	206.4
246.77	336.65	283.62	204.9
249.5	335.29	283.8	203.41
251.08	333.43	284.11	207.27
252.67	331.57	284.42	206.78
254.25	329.71	284.73	206.29
255.84	327.85	285.04	205.5
257.42	325.99	285.35	204.71
259.01	319.2	291.49	210.24
260.59	317.69	291.79	210.49
262.18	316.19	292.09	210.73
263.76	314.68	292.39	210.98
265.35	313.17	292.68	211.23
266.93	311.66	292.99	211.48
268.52	310.16	293.28	211.72
270.1	308.65	292.87	211.97
271.69	307.14	292.46	212.22
273.27	305.64	292.05	212.46
274.86	304.13	291.64	212.71
276.44	302.62	291.23	212.96
278.03	301.11	290.81	213.21
279.62	299.61	290.4	213.45
281.2	298.1	289.99	213.7
282.92	296.17	289.75	215.51
284.64	294.24	289.51	217.31
286.36	292.31	289.27	219.12
288.08	290.38	289.04	220.92
289.8	288.45	288.8	221.28
291.52	286.53	288.56	221.64
293.24	284.6	288.32	222
294.96	283.14	288.08	221.64
296.68	281.68	287.84	221.27
298.4	280.23	287.6	220.9
300.12	278.77	287.36	220.54
301.84	277.31	287.13	220.17
303.56	275.86	286.89	219.8
305.28	274.4	286.65	219.44
307	271.92	286.41	220.1
308.72	269.44	286.17	220.75
310.44	266.96	285.93	221.41
312.16	264.48	285.69	222.07
313.88	262	285.45	222.72
315.6	259.52	285.21	223.38
316.98	259.04	285.31	223.82
318.36	258.56	285.41	224.25
319.73	258.07	285.52	224.7
321.11	257.59	285.62	225.13
322.49	257.11	285.72	225.57
323.87	256.63	285.82	226
325.24	256.14	285.93	226.45
326.62	255.66	286.03	226.88
328	255.18	286.13	227.32
329.38	254.7	286.23	227.75
330.76	254.22	286.33	228.19
332.13	253.73	286.44	228.63
333.51	253.25	286.54	229.07
334.89	252.77	286.63	229.5
336.27	252.29	286.73	229.94
337.65	251.8	286.83	230.38
339.02	251.32	286.94	230.82
340.4	250.84	287.04	231.25
341.78	250.36	287.14	231.69
343.16	249.88	287.24	232.12
345.26	249.77	288.6	231.8
347.36	249.67	289.96	231.47
349.46	249.57	291.32	231.14
351.56	249.46	292.68	230.82
353.66	249.36	294.04	230.49
355.76	249.26	293.87	231.28
357.87	249.15	293.68	232.08
359.97	249.05	293.51	232.86
362.07	248.95	293.34	233.65
364.17	248.84	293.16	233.61
366.27	248.74	292.99	233.55
368.37	248.64	292.82	233.5
370.47	248.53	292.64	233.45
372.57	248.43	292.47	233.4
374.68	248.33	292.29	233.34
376.78	248.22	292.11	233.3
378.88	248.12	291.94	233.24
380.98	248.02	291.77	233.19
383.08	247.91	291.59	233.14
385.18	247.81	291.42	233.09
383.94	247.53	295.59	233.09
382.7	247.26	299.77	233.09
381.46	246.98	303.94	233.09
380.22	246.71	306.81	233.09
378.98	246.43	309.68	233.09
377.74	246.16	312.55	233.09
376.5	245.88	315.42	233.09
375.26	245.6	318.29	233.1
374.02	245.33	321.16	233.09
372.78	245.05	324.03	233.09
371.54	244.78	326.9	233.09
370.3	244.5	329.76	233.09
369.06	244.23	332.63	233.09
367.82	243.95	335.5	233.09
366.58	243.68	338.37	233.09
365.34	243.4	341.24	233.09
364.1	243.12	344.11	233.1
362.86	242.85	346.98	233.09
361.62	242.57	349.85	233.09
360.38	242.3	352.72	233.09
359.6	241.99	356.01	232.47
358.81	241.68	359.32	231.85
358.03	241.37	362.61	231.23
357.25	241.06	365.91	230.61
356.47	240.75	369.2	229.99
355.68	240.44	372.51	229.37
354.9	240.13	375.8	228.75
354.03	239.82	377.54	228.13
353.17	239.51	379.27	227.51
352.3	239.2	381.01	226.9
352.49	238.89	382.2	226.28
352.68	238.58	383.38	225.66
352.87	238.27	384.57	225.04
353.06	237.96	385.76	224.42
353.25	237.65	386.95	223.8
353.44	237.34	387.12	223.18
353.63	237.03	387.29	222.56
353.82	236.72	387.46	221.94
354.01	236.41	387.63	221.32
354.2	236.1	387.8	220.7
354.65	235.75	388.2	218.95
355.1	235.41	388.6	217.19
357.05	235.06	386.56	218.2
359	234.72	384.51	219.19
360.7	234.37	382.72	220.2
362.4	234.03	380.92	221.19
366	233.68	381.4	222.2
364.6	233.34	382.38	217.36
368	232.99	378.57	216.79
371.4	232.65	374.75	216.2
374.8	232.3	370.94	215.63
378.2	231.96	367.12	215.04
382.53	231.62	362.38	216.68
386.85	231.27	357.64	219.33
391.18	230.93	352.9	221.97
395.5	230.58	348.16	224.62
399.83	230.24	343.42	227.26
404.15	229.89	338.68	229.91
408.47	229.55	333.95	232.55
412.8	229.2	329.2	235.2
419.25	228.34	322.7	237.71
425.7	227.48	316.2	240.22
430.1	226.62	309.43	242.58
433.8	225.76	303.37	244.84
438.2	224.9	296.6	248.6
444	224.04	288.43	248.85
447.8	223.18	282.27	251.62
448.02	222.32	279.68	252.78
448.25	221.46	277.08	253.94
448.47	220.6	274.5	255.1
448.69	219.74	271.91	255.66
448.92	218.88	269.31	256.22
449.14	218.02	266.73	256.78
449.36	217.16	264.14	256.15
449.59	216.3	261.54	255.53
449.81	215.44	258.96	254.9
450.03	214.58	256.37	254.28
450.25	213.72	253.78	253.65
450.48	212.86	251.19	253.03
450.7	212	248.6	252.4
452.5	210.59	244.83	253.91
452.59	209.18	242.78	251.22
452.67	207.76	239.06	250.94
452.76	206.35	235.34	250.65
452.85	204.94	231.85	248.47
452.93	203.53	228.37	246.29
453.02	202.11	225.73	245.36
453.11	200.7	223.09	244.41
453.19	199.29	220.46	243.47
453.28	197.88	217.82	242.52
453.37	196.46	215.78	239.86
453.45	195.05	213.75	237.19
453.54	193.64	212.96	234.52
453.63	192.23	212.17	231.85
453.71	190.81	211.12	230.83
453.8	189.4	210.07	229.8
453.89	187.99	209.01	226.31
453.97	186.58	207.96	222.82
454.06	185.17	206.91	219.33
454.15	183.75	205.85	215.85
454.25	183.79	206.82	215.26
454.35	183.82	207.79	214.68
454.45	183.85	208.76	214.1
454.56	183.88	209.72	213.52
454.66	183.92	210.69	213.44
454.76	183.95	211.66	213.38
454.86	183.98	212.63	213.31
454.97	184.01	213.59	213.24
455.07	184.04	214.56	213.17
455.17	184.08	215.53	213.1
455.28	184.11	216.49	213.03
455.38	184.14	217.46	212.96
455.48	184.17	218.43	212.89
455.58	184.21	219.4	212.82
455.69	184.24	220.36	212.75
455.79	184.27	221.33	212.68
455.89	184.3	222.3	212.61
455.99	184.34	223.27	212.54
456.1	184.37	224.23	212.47
456.2	184.4	225.2	212.4
456.68	185.06	225.82	212.64
457.16	185.71	226.44	212.88
457.64	186.37	227.06	213.12
458.12	187.02	227.68	213.36
458.6	187.68	228.3	213.6
459.08	188.33	228.92	213.84
459.56	188.99	229.54	214.08
460.04	189.64	230.16	214.32
460.52	190.3	230.78	214.56
461	190.95	231.4	214.8
461.48	191.61	232.02	215.04
461.96	192.26	232.64	215.28
462.44	192.92	233.26	215.52
462.92	193.57	233.88	215.76
463.4	194.23	234.5	216
463.88	194.88	235.12	216.24
464.36	195.54	235.74	216.48
464.84	196.19	236.36	216.72
465.32	196.85	236.98	216.96
465.8	197.5	237.6	217.2
466.04	198.02	238.87	217.82
466.28	198.53	240.14	218.46
466.52	199.05	241.41	219.08
466.76	199.57	242.68	219.7
467	200.08	243.96	220.33
467.24	200.6	245.23	220.96
467.48	201.12	246.5	221.58
467.72	201.63	247.77	222.21
467.96	202.15	249.04	222.84
468.2	202.67	247.6	223.46
468.44	203.18	247.15	224.09
468.68	203.7	246.7	224.71
468.92	204.22	246.24	225.34
469.16	204.73	245.79	225.97
469.4	205.25	247.23	225.42
469.64	205.77	248.66	224.86
469.88	206.28	250.87	224.32
470.12	206.8	253.08	223.77
470.36	207.32	253.24	223.21
470.6	207.83	253.4	222.67
467.53	208.14	257.54	223.22
464.47	208.45	261.67	223.77
461.4	208.76	265.81	224.32
458.34	209.07	269.94	224.87
455.27	209.38	274.08	225.42
452.21	209.68	278.21	225.98
449.14	209.99	282.35	226.53
446.08	210.3	286.48	227.08
443.01	210.85	290.62	227.39
439.95	211.4	294.75	227.7
436.88	211.95	298.89	228.01
433.82	212.5	303.02	228.32
429.65	213.99	308.26	227.69
425.47	215.48	313.51	227.06
421.3	216.96	318.75	226.44
418.9	218.45	322.22	225.81
416.5	219.94	325.69	225.18
414.1	221.43	329.16	224.55
411.7	222.91	332.63	223.93
409.3	224.4	336.1	223.3
406.5	225.92	340.73	222.88
403.7	227.43	345.35	222.47
401.25	228.95	349.63	222.05
398.8	230.46	353.9	221.64
396.35	231.98	358.18	221.22
393.9	233.49	362.45	220.81
394.91	235	366.59	222
393.4	236.52	369.67	221.46
392.78	238.03	373.52	220.92
390.49	239.55	377.23	220.38
388.2	241.06	380.94	219.85
384.6	242.58	385.95	219.3
384.76	243.27	387.21	219.59
384.93	243.95	388.46	219.89
385.09	244.64	389.72	220.18
385.25	245.33	390.98	220.46
385.41	246.01	392.24	220.76
385.58	246.7	393.48	221.05
385.74	250.7	394.74	218.02
385.9	254.7	396	215
387.21	252.3	394.69	221.05
386.53	254.2	396.2	221.98
385.85	256.11	397.72	222.89
385.18	258.01	399.22	223.82
384.5	259.91	400.73	224.74
385.65	261.81	400.42	225.67
386.8	263.72	400.1	226.58
386	265.62	400.51	228.71
385.3	267.52	400.83	230.84
387.73	271.06	398.02	232.97
390.17	274.6	395.19	235.1
389.3	276.14	395.68	237.23
392.15	277.68	396.55	239.35
394.99	279.22	392.74	241.48
397.84	280.76	388.92	243.61
400.69	282.3	385.1	245.73
403.54	283.84	381.27	247.86
406.39	285.38	377.45	249.99
409.23	286.92	373.64	252.11
412.08	288.46	369.82	254.24
416.63	287.29	364.12	256.78
421.17	286.11	358.43	259.32
425.72	284.94	351.58	261.86
430.26	283.77	343.78	264.43
434.81	282.59	338.49	266.21
439.36	281.42	331.35	269.08
443.9	280.25	324.21	271.95
448.45	279.08	317.07	274.82
452.99	277.9	310.34	276.87
457.54	276.73	303.61	278.9
462.09	275.56	296.87	280.94
466.63	274.38	290.14	280.22
471.18	273.21	283.41	279.49
475.72	272.04	276.68	278.76
480.27	270.87	269.13	278.58
484.82	269.69	261.58	278.41
489.36	268.52	254.04	278.23
493.91	267.35	246.49	278.05
498.45	266.17	238.95	277.88
503	265	231.4	277.7
507.12	264.34	224.15	275.61
511.25	263.68	216.88	273.51
515.38	263.01	209.62	271.43
519.5	262.35	202.37	269.33
523.62	261.69	195.11	267.24
527.75	261.03	187.85	265.14
531.88	260.36	180.59	263.06
536	259.7	173.33	260.96
533.6	262.4	172.6	255.51
534.33	263.4	171.74	251.75
535.05	263.9	169.24	248.5
535.78	264.4	166.72	245.24
536.51	264.43	166.28	242.46
537.24	264.47	165.84	239.66
537.96	264.5	165.4	236.88
538.69	264.53	164.96	234.09
539.42	264.57	164.52	231.3
540.15	264.6	164.08	228.51
540.87	266.5	163.64	223.86
541.6	268.4	163.2	219.2
542.15	268.57	163.2	219.43
542.7	268.74	163.2	219.66
543.25	268.92	163.2	219.88
543.81	269.09	163.19	220.11
544.36	269.26	163.2	220.34
544.91	269.43	163.2	220.57
545.46	269.61	163.2	220.79
546.01	269.78	163.2	221.02
546.56	269.95	163.2	221.25
547.11	270.12	163.2	221.75
547.66	270.29	163.2	222.24
548.21	270.47	163.2	222.73
548.77	270.64	163.19	222.29
549.32	270.81	163.2	221.85
549.87	270.98	163.2	221.41
550.42	271.16	163.2	220.96
550.97	271.33	163.2	220.52
551.52	271.5	163.2	220.08
552.07	271.67	163.2	219.64
552.62	271.84	163.2	219.2
553.16	271.33	163.25	219.57
553.69	270.81	163.3	219.95
554.23	270.29	163.34	220.33
554.76	269.78	163.4	220.69
555.3	269.26	163.44	221.07
555.83	268.74	163.5	221.45
556.37	268.23	163.54	221.81
556.9	267.71	163.59	222.19
557	267.2	164.08	222.28
558.5	266	163.16	223.05
560	264.8	162.25	223.82
559.79	264.43	163.04	224.37
560.74	264.07	162.67	223.83
560.65	263.7	163.35	224.23
560.56	263.34	164.02	224.61
560.47	262.97	164.69	225.01
560.38	262.61	165.37	225.39
560.29	262.24	166.04	225.79
560.2	261.88	166.72	226.17
565.6	261.51	161.9	226.19
562.78	260.92	165.81	226.47
559.95	260.33	169.72	226.74
557.13	259.74	173.63	227.02
554.3	259.15	177.54	227.29
559.7	258.17	173.23	227.96
557.8	257.18	176.21	228.63
555.9	256.2	179.2	229.3
