385.74	378.32	90.6	117.25
381.9	379.52	96.3	116.48
381.94	381.69	94.26	114.81
382.21	389.92	92.49	109.28
382.98	394.43	93.12	104.07
375.02	399.06	90.78	105.04
362.41	411.35	97.19	92.65
358.53	412.9	85.27	94.8
354.64	412.3	84.56	98.2
351.84	414.37	83.76	96.33
349.4	414.17	84.75	100.83
346.8	414.09	88.76	100.91
346.2	425.64	88.35	92.26
347.3	431.37	91.81	85.63
347.2	433.22	95.34	86.08
334.1	445.61	101.81	79.29
327.2	446.09	111.68	85.11
337.9	444.79	116.14	89.31
333.8	440.58	123.29	99.12
325.1	443.15	130.13	99.25
317.9	445.18	131.76	99.82
309.7	447.59	138.8	100.19
301.5	449.99	145.84	100.56
293.3	452.4	152.88	100.93
285.1	454.8	159.93	101.3
279.3	454.79	161.54	101.71
271.6	456.71	162.24	99.79
261.1	458.63	170.11	98.67
249.1	466.64	181.14	91.26
240.5	468.78	189.49	90.22
229.7	470.86	198.64	89.14
220.63	473.61	209.83	87.16
211.57	476.35	221.01	85.18
202.5	479.1	232.19	83.2
194.7	481.84	240.17	81.16
185.3	483.98	236.07	81.62
182.2	485.44	220.91	95.26
181.1	487.87	208.2	94.53
179.7	491.41	202.92	91.39
181.1	493.97	196.9	96.09
182.7	496.54	196.7	96.86
175.51	498.95	197.69	94.65
168.31	501.36	204.59	92.54
161.11	503.77	215.79	90.43
153.91	504.88	226.09	95.42
146.72	505.16	233.48	96.84
145.33	506.88	233.87	96.82
145.32	507.47	208.98	96.83
149.95	509.03	184.15	96.87
149.12	510.59	150.48	95.81
145.39	511.08	145.31	97.82
143.21	511.21	136.84	102.04
141.02	511.34	128.38	106.26
136.66	511.47	113.44	101.73
131.81	512.25	90.59	97.85
124.17	513.15	81.73	97.85
114.12	513.57	89.38	96.13
107.77	513.98	100.93	97.52
109.04	514.95	102.86	100.25
104.5	515.44	108.5	100.56
98.88	515.92	106.02	104.08
100.83	517.53	90.97	104.87
106.01	519.13	69.39	105.67
99.28	520.74	72.82	106.46
92.41	522.34	76.29	107.26
85.24	523.45	82.46	108.05
98.01	525.43	71.89	103.57
87.98	527.02	87.92	101.08
86.42	528.6	90.38	100.6
78.05	532.01	96.55	100.2
74.66	534.33	98.74	99.77
69.04	534.76	102.36	101.04
81.19	537.6	89.11	92.6
105.04	540.45	69.76	92.05
92.02	541.41	87.58	96.49
91.32	543.19	90.38	97.71
91.26	545.93	93.04	97.77
86.49	550.21	99.61	101.19
74.33	552.48	100.17	100.52
72.48	557.02	98.02	97.38
69.81	561.79	97.97	95.71
74.59	565.03	101.06	92.53
79.37	568.28	104.15	89.35
79.3	570.31	107.25	86.17
73.52	573.15	114.71	82.99
68.8	575.99	118.89	79.81
63.8	576.9	120.13	81.02
59.09	580.36	127.12	78.58
54.9	584.39	131.29	76.13
47.3	587.22	139.98	73.68
43.6	590.05	145.58	74.35
41.4	594.35	148.37	73.65
39.2	598.64	151.17	72.96
46.1	602.94	144.86	72.26
36.2	605.63	162.89	79.64
46.4	609.52	162.24	80.96
59.5	613.42	148.67	82.28
53.7	618.25	142.09	83.55
40.8	622.28	149.47	84.82
46.4	627.68	129.93	85.72
39.2	633.65	114.03	82.45
39.7	636.35	110.03	85.25
42.7	639.04	118.47	89.76
47	640.52	98.96	92.18
62.2	641.19	88.2	100.81
55.6	643.08	100.95	103.32
57.7	643.51	99.11	105.09
71.5	644.68	89	108.92
70.9	644.87	94.27	111.83
66.6	645.36	104.2	111.44
64.6	645.77	109.63	110.33
66.05	645.27	112.38	118.43
67.5	644.77	115.13	116.73
90.1	643.77	98.24	112.63
81.4	643.1	111.64	115.7
70.5	643.95	124.72	114.95
61	643.59	137.45	116.61
61.3	643.22	137.89	116.88
61.3	642.86	137.76	110.44
67.7	642.5	134.47	110.9
67.3	642.13	134.39	111.87
77.6	641.29	136.4	113.21
91.6	640.45	120.66	113.95
105.9	641.12	97	115.48
102.5	640.79	100.81	115.81
98.2	640.45	105.51	116.85
88.3	640.12	115.82	112.18
85.6	640.96	116.56	116.14
81.8	640.79	119.67	114.81
87.57	640.62	115.76	112.48
87.5	640.45	117.89	112.55
95.1	640.7	107.99	114.05
102.7	640.94	98.09	115.56
110.3	641.18	88.19	117.07
121.5	641.43	74.69	118.57
125.4	641.67	71.86	117.13
126.9	641.92	74.78	124.88
124.1	641.38	87.56	121.82
128.6	641.12	87.42	115.88
128.4	638.94	85.17	119.36
125.5	638.77	88.97	114.53
118.85	636.59	99.96	119.86
112.2	634.41	110.94	125.19
104.6	632.24	119.84	130.46
105.7	630.06	118.47	131.24
112.5	627.88	111.15	131.22
117.6	627.72	105.87	128.48
128.4	625.88	96.57	130.82
143.4	625.58	86.14	127.42
136.6	623.93	94.83	129.07
132.6	622.28	100.71	130.72
126	620.74	106.44	130.46
127.45	619.2	108.16	130.26
127.4	618.17	111.88	130.03
140.5	614.55	105.25	129.85
165.6	612.62	85.36	129.68
165.3	609.48	96.05	130.22
162.48	606.56	105.11	131.75
162.9	607.01	105.74	131.89
151.9	603.21	124.18	126.39
144.7	601.09	132.02	124.01
143	599.88	133.46	127.82
141.3	598.67	134.9	131.63
143	597.46	132.94	137.49
144.7	596.26	130.98	143.34
157.29	593.37	120.65	124.62
159	595.06	118.38	124.74
166.9	592.09	112.95	128.01
172.8	589.65	114.42	123.95
173.55	589.48	114.14	123.97
174.3	589.31	113.86	123.99
168.9	586.28	122.94	128.42
166.05	585.27	126.95	129.83
163.2	584.26	130.95	131.24
164.8	582.58	128.83	135.07
166.4	580.9	126.7	138.9
169.3	580.42	126	139.08
172.4	580.12	125.66	141.58
196.3	579.96	104.71	139.44
194.5	579.92	110.01	136.44
193.8	578.88	112.53	137.82
188.87	577.49	117.73	140.11
183.95	576.11	122.92	142.39
179.02	574.72	128.13	143.03
174.1	573.33	133.32	143.67
179.7	571.94	129.68	145.16
184.5	570.55	126.7	135.35
210	569.16	105.55	134.94
211.9	567.78	108.42	136.42
208.9	566.77	114.69	136.23
200.9	565.42	124.61	137.18
194.6	563.2	131.23	140.1
188.2	560.98	137.96	135.62
191.5	560.27	134.99	134.83
194.7	559.9	132.11	134.1
203.3	558.53	125.52	133.27
212.3	557.15	119.2	132.55
227.9	555.77	106.56	131.73
227.9	554.39	107.84	130.91
224.1	553.01	112.92	133.49
214.7	551.63	123.6	133.47
216.7	550.24	121.96	133.96
222.7	548.85	116.31	121.75
232.3	547.46	107.07	113.84
248.87	546.52	103.87	109.54
259.1	545.24	98.93	103.56
254.7	543.96	103.24	100.84
248.4	542.68	108.1	106.42
239.4	541.4	119.7	112.6
240.6	540.12	119.1	111.08
244	538.84	116.17	105.96
253.4	537.76	107.14	102.74
271.3	536.67	89.62	100.23
289.5	535.59	71.8	97.71
296.3	534.5	65.38	100.1
291.5	533.42	70.56	101.38
286.7	532.33	75.73	102.17
280.3	531.25	82.51	100.05
276.84	530.16	86.35	100.42
279.77	530.13	82.75	99.81
282.7	530.1	79.15	99.2
296.1	529.93	65.75	98.1
309.5	529.76	52.35	97.01
308.7	529.59	53.15	95.91
307.9	529.42	53.95	94.78
306.6	530.1	55.25	96.64
305.63	530.1	56.22	96.13
304.67	530.1	57.18	95.61
303.7	530.1	58.15	95.1
315.4	530.1	46.45	91.91
329.1	530.1	32.75	91.1
320.63	530.8	40.5	79
312.16	531.5	48.26	85.09
303.69	532.2	56.01	91.18
299.7	532.9	118.96	91.2
294.4	532.76	132.15	91.24
285.9	534.1	145.92	89.2
274	535.55	164.77	87.35
268.1	535.56	174.35	92.94
266.9	535.11	176.17	91.99
272.3	533.8	175.68	92.8
286.4	532.55	162.81	93.85
290.5	531.31	159.94	94.89
293.5	530.06	160.2	96.44
289.05	528.82	166.55	97.68
284.6	527.57	172.91	98.93
282.2	526.33	177.22	100.17
293.7	525.08	167.62	97.42
302.9	523.84	160.33	98.46
311.25	522.59	153.89	99.15
316.7	521.35	151.46	99.85
319.2	521.11	150.41	99.85
318.97	520.87	152.1	99.85
315.06	520.63	152.41	99.85
311.38	519.49	152.72	99.85
308.79	518.27	153.03	99.85
306.2	517.05	153.35	99.85
302.51	515.94	155.99	99.83
298.76	514.3	155.09	99.83
295	512.67	154.2	99.82
298.2	510.58	141.4	99.82
294.8	508.9	140.09	99.8
291.1	506.54	151.53	104.16
294.1	504.53	150.55	105.47
298.1	504.19	142.17	105.51
296.4	502.84	129.74	98.16
296.1	499.48	113.89	98.12
303.2	495.44	94.35	104.56
309.6	490.73	84.25	103.87
312.6	493.76	87.3	103.84
341.9	497.46	42.86	28.44
334.16	505.2	42.86	46.6
320.7	520.01	40.8	41.59
305.2	518.3	53.61	40.95
300.15	503.16	74.85	53.04
302.85	501.5	64.05	79.6
298.14	497.1	63.76	78.62
291.41	494.4	66.49	81.32
280.98	490.4	71.92	84.64
275.26	480.3	75.24	91.71
275.26	464.5	75.54	104.49
283.67	460.1	66.43	97.11
299.15	468.8	53.35	86.73
299.15	464.4	64.75	88.44
290.74	467.1	76.16	88.43
287.04	464.7	76.16	91.5
279.97	458	77.13	98.87
270.55	462.04	77.13	98.87
257.1	447.6	79.5	104.9
254.74	443.9	75.76	114.32
254.07	444.2	73.03	107.96
264.84	440.5	59.86	105.6
271.57	435.5	61.23	110.27
264.16	428.8	73.64	108.56
254.07	423.8	107.33	113.9
241.3	422.1	118.7	120.9
233.2	416.04	127.14	114.56
232.53	414.02	127.14	114.56
253.7	411.33	107.65	107.47
264.5	405.6	75.7	110.5
255.1	403.6	89.4	108.1
246.35	400.9	97.85	112.48
240	400.9	104.2	111.5
230.6	398.21	107.21	112.19
221.9	398.88	110.52	111.52
219.9	404.94	103.44	97.36
217.2	412.68	112.54	85.22
219.89	384.8	163.71	113.44
227.63	381.8	160.37	115.76
234.36	379.8	157.04	110.02
239.74	377.1	153.66	110.7
241.42	374.7	151.28	113.1
239.41	372.7	150.89	115.1
236.04	370.3	150.86	117.5
240.75	367.9	144.85	114.18
244.79	364.2	137.41	112.16
247.82	361.8	133.68	109.51
256.23	357.4	124.57	107.86
257.91	354	122.89	107.89
267.33	350.3	113.77	96.12
269.35	346.6	112.45	96.79
256.57	341.9	125.53	101.49
259.6	337.19	125.53	101.49
304	333.82	85.16	69.88
317.8	330.46	73.39	51.34
317.46	329.11	73.39	51.34
324.5	329.11	66.35	42.89
327.3	326.87	57.66	42.93
327	327.43	54.04	39.27
336.5	332.48	36.97	29.42
0.00	0.00	0.00	0.00
0.00	0.00	0.00	0.00
0.00	0.00	0.00	0.00
0.00	0.00	0.00	0.00
0.00	0.00	0.00	0.00
0.00	0.00	0.00	0.00
0.00	0.00	0.00	0.00
0.00	0.00	0.00	0.00
0.00	0.00	0.00	0.00
0.00	0.00	0.00	0.00
0.00	0.00	0.00	0.00
0.00	0.00	0.00	0.00
0.00	0.00	0.00	0.00
0.00	0.00	0.00	0.00
0.00	0.00	0.00	0.00
0.00	0.00	0.00	0.00
0.00	0.00	0.00	0.00
359.5	303.68	72.88	70.02
353.2	277.62	94.42	89.68
355.1	261.5	118.14	106.7
358.2	255.43	138.73	102.47
362.1	251.57	142.34	102.73
368.9	248	140.57	101.2
372.7	244.42	138.7	101.48
379	241.39	137.06	103.91
389.5	238.07	131.21	103.03
393.8	233.5	130.86	102.9
391.8	229.77	134.84	105.63
388.5	225.75	140.2	106.95
391.4	222.63	136.27	104.07
394.5	217.51	133.73	102.89
400.33	213.88	129.88	103.42
406.17	210.26	126.03	103.94
412	206.63	122.18	104.47
418.9	203.01	119.88	103.09
430.9	199.39	112.97	103.11
436.5	195.76	110.83	104.84
440.9	192.14	110.6	107.76
439.8	189.15	114.7	106.85
432.8	186.55	122.46	107.95
432.4	182.18	122.75	111.02
435.9	178	116.24	108.6
438.8	176.05	113.7	106.25
447.9	172.99	107.49	104.21
458.3	169.92	99.41	101.88
473.6	167.21	91.41	101.69
486.2	164.22	82.12	102.48
481.4	160.57	92.71	104.63
476.9	157.48	98	102.42
471.1	154.39	105.33	107.01
471.4	151.62	106.46	106.28
477.2	149.63	103.57	99.37
488	147.64	95.68	96.96
498.8	145.65	90.31	98.65
506.5	143.66	87.85	101.74
505.8	141.67	93.38	99.93
498.2	139.68	102.55	100.32
496.1	137.69	107.49	100.61
500.6	135.69	104.74	95.61
504.3	133.7	101.32	95.5
512.3	131.71	96.4	93.99
516.7	130.83	94.64	91.47
528.9	129.95	85.08	94.62
539.3	129.07	79.41	94.93
541.9	128.19	80.15	94.91
539.9	127.31	86.19	93.79
532.3	127.11	96.26	91.69
534	128.3	92.96	90.3
535.8	127.81	94.09	84.99
539.1	125.43	90.91	87.67
544	127.22	87.13	86.98
551.27	126.69	83.06	86.18
558.54	126.16	78.99	85.38
561.6	125.62	74.93	84.58
560.7	125.09	77.63	84.51
560.67	124.56	79.45	84.19
560.3	124.37	77.92	83.63
558.1	123.89	81.3	83.11
560.7	123.41	79.89	82.89
568.1	122.94	75.88	82.36
577.6	122.46	70.92	82.74
582.9	121.67	72.22	83.76
583.71	120.88	73.53	84.79
581.3	120.09	74.82	85.81
576.2	119.3	80.96	86.1
574.8	117.67	83.47	86.93
573.4	116.04	85.98	87.76
572.1	113.99	88.44	84.71
580.6	111.18	83.26	86.62
590.8	110.71	76.87	87.09
601.8	108.45	73.63	89.55
604	105.39	78.99	91.91
602.58	102.63	81.5	93.15
597.1	100.29	87.1	94.41
596.4	97.29	89.7	95.71
599	94.22	90.4	93.88
603.3	91.09	97.13	90.81
613.9	87.26	85.56	90.54
629.9	80.43	73.35	98.57
633.3	77.91	65.85	97.99
632.3	71.43	69.77	104.37
628.5	66.36	73.39	109.14
623	61.28	78.7	113.42
620.5	56.2	80.59	115
628.5	52.99	74.51	105.41
638.4	52.23	64.14	98.37
649.4	52.09	53.23	88.71
