392.65	514.83	292.71	192.43
392.51	514.37	293.38	191.86
392.37	513.92	294.04	191.27
392.24	513.46	294.69	190.69
392.1	513.01	295.36	190.11
391.53	512.55	296.45	189.53
390.97	512.1	297.53	188.94
390.4	511.64	298.63	188.37
387.03	511.19	302.52	187.78
383.67	510.73	306.41	187.21
380.3	510.28	310.3	186.62
375.2	509.04	315.14	186.3
366.6	507.8	323.48	185.98
366.03	508.52	323.17	185.68
362.21	507.01	323.57	185.35
360.24	505.49	323.95	185.02
356.7	503.98	328.25	184.69
354.8	502.46	330.92	184.37
357.22	500.95	329.24	185.31
359.65	499.43	327.55	186.27
362.07	497.92	325.93	183.38
364.38	495.83	323.1	183.84
366.69	493.75	320.27	184.28
369	491.67	317.44	184.73
373.3	489.59	312.62	184.54
373.81	488.81	311.59	184.35
374.33	488.03	310.55	184.16
374.84	485.95	309.52	183.97
375.36	483.87	308.48	183.78
375.87	481.79	307.45	183.59
376.38	478.4	306.42	183.4
376.84	476.97	302.58	183.46
378.3	477.49	298.75	183.52
397.7	472.56	285.8	186.84
397.35	471.35	285.86	186.44
397	470.14	285.93	186.03
400.29	469.58	282.35	185.63
403.58	469.02	278.78	185.22
404.92	468.68	278.48	184.82
414.4	465.08	270	184.42
413.46	464.09	268.04	184.01
415.8	464.16	266.48	184.98
428.55	462.78	257.75	185.96
428.94	463.02	257.08	186.94
429.33	463.27	256.42	187.91
428.63	458.74	255.76	188.89
429.63	459.94	255.09	189.87
434.04	458.54	254.43	190.84
437.26	456.27	252.42	191.82
440.48	454	250.42	192.79
436.88	451.73	252.42	193.77
440.85	462.79	254.15	178.91
441.71	464.88	252.95	190.72
460.05	450.4	242.65	209.4
461.67	452.17	242.13	212.23
476.73	453.83	234.57	213.6
479.29	454.71	233.71	214.98
494.88	455.59	227.02	220.21
495.71	456.48	227.89	220.29
489.38	457.36	240.22	221.64
489.57	458.24	243.33	220.46
483.95	460.84	252.98	219.86
478.34	463.44	262.63	219.26
472.72	466.05	272.28	218.65
470.02	467.35	278.98	215.57
461.68	470.17	288.75	212.47
456.13	472.98	298.53	209.39
450.59	475.8	308.3	206.31
445.04	478.62	318.08	203.22
439.5	481.44	327.84	200.13
435.58	484.26	337.62	197.04
432.55	484.59	342.47	197.17
429.53	484.91	347.31	197.31
426.5	485.24	352.16	197.44
423.48	485.56	357	197.58
420.45	485.89	361.85	197.71
417.43	486.21	366.69	197.85
414.4	486.54	371.54	197.98
413.65	489.03	378.45	198.12
406.4	488.27	385.35	198.25
399.15	487.51	392.25	198.39
386.38	488.43	406.52	196.87
384.33	488.34	411.17	196.56
382.28	488.26	415.82	196.24
382.63	488.76	416.07	196.64
379.86	487.36	420.66	197.04
377.08	485.96	425.26	197.44
374.31	484.56	429.85	197.84
371.53	483.16	434.45	198.24
368.76	481.76	439.04	198.64
366.85	480.36	440.05	199.04
363.63	479.71	444.59	198.91
360.42	479.06	449.12	198.78
357.2	478.41	453.66	198.65
355.4	477.76	456.78	198.52
357.11	475.48	456.12	198.39
358.82	473.2	455.46	198.27
360.93	473.36	454.8	198.14
363.05	473.53	454.14	198
365.17	473.69	453.47	197.88
367.28	473.85	452.82	197.75
381.4	475.15	439.28	196.84
381.06	476.99	440.2	195.39
380.72	478.83	441.12	193.94
380.38	480.66	442.04	192.5
380.04	482.5	442.96	191.05
380.8	483.37	442.78	190.57
380.19	486.41	443.97	186.29
379.57	487.92	445.17	187.07
378.95	489.42	446.37	187.86
379.42	490.66	447.56	185.94
380.78	489.59	446.87	187.24
382.14	488.52	446.18	188.55
383.5	487.44	445.49	189.86
382.3	485.6	448.39	191.16
394.97	484.29	437.43	193.01
396.37	485.59	435.56	194.2
392.89	482.27	439.61	195.41
395.74	481.31	435.77	196.6
402.65	480.07	436.85	197.83
414.44	474.51	418.36	198.99
419	473.4	422.8	200.16
422.36	471.57	421.8	201.33
425.72	469.74	420.79	202.5
429.08	467.92	419.79	203.65
434.07	467.17	416.03	204.83
437.1	466.43	411.2	205.99
447.18	465.68	401.02	207.16
447.87	464.94	401.43	208.32
448.28	464.73	406.22	209.49
448.7	464.53	411	210.65
449.58	465.85	414.27	211.51
450.45	467.18	417.55	212.35
452.01	468.5	423.49	212.7
453.56	469.82	424.24	212.58
455.12	471.15	425.83	213.65
456.67	472.47	427.43	214.73
458.23	473.79	430.95	215.84
459.79	475.11	434.46	216.94
461.34	476.44	437.99	218.04
462.9	477.76	441.5	219.14
466.35	479.51	444.95	220.06
466	481.27	445.4	220.97
471.55	484.66	445.83	221.88
476.86	486.18	443.28	222.8
482.18	487.7	440.72	223.71
487.66	489.23	439.94	224.62
493.13	490.75	439.17	225.54
494.55	492.27	437.55	226.46
496.5	497.59	443.24	227.37
497.37	497.49	448.93	228.28
494.16	501.91	456.84	227.95
497.16	505.73	451.34	227.63
498.73	511.72	455.07	227.3
510	515.23	447.19	225.87
522.96	518.74	437.64	225.73
522.27	522.26	438.46	225.57
527.26	527.39	432.24	225.41
530.09	530.36	439.71	225.27
532.92	533.87	441.78	225.14
535.75	536.3	441.75	225
540.11	543.5	442.14	224.74
539.41	545.88	444.69	222.82
544.54	550.43	443.76	221.67
547.19	552.5	442.91	221.77
547.67	555.65	446.03	221.87
552.37	557.78	444.08	221.97
557.08	559.9	442.12	222.08
559.08	562.39	443.29	222.18
561.08	564.88	444.45	222.27
563.07	564.92	445.63	222.38
566.63	569.17	444.91	220.3
566.81	571.55	444.2	219.35
569.43	574.95	443.49	217.13
573.14	576.76	441.67	216.28
576.85	578.57	439.85	215.43
579.85	580.55	439.58	212.65
582.85	582.52	439.32	209.88
584.49	583.59	438.01	207.11
589.94	586.29	434.46	201.61
588.87	588.44	438.53	199.36
592.15	590.34	439.45	194.46
593.79	589.83	438.56	192.57
597.27	591.48	437.66	189.62
598.58	591.75	436.76	187.88
604.59	590.74	435.91	184.56
609.89	590.55	435.01	183.14
615.19	590.37	434.1	181.72
618.69	588.82	432.11	180.32
622.19	587.28	430.11	178.92
621.62	585.73	431.38	177.47
627.75	585.78	428.05	175.32
626.12	584.61	432.33	176.15
624.5	583.45	436.6	176.96
625.69	582.29	436.11	177.78
628.91	581.13	434.24	178.59
632.14	579.97	432.36	179.41
635.36	578.81	430.49	180.22
638.58	577.65	428.62	181.04
641.81	576.49	426.74	181.85
645.03	575.33	424.87	182.67
649.95	574.42	422	182.67
654.87	573.51	419.13	182.67
656.41	572.6	418.34	182.67
657.94	571.69	417.56	182.67
659.48	568.61	417.15	182.67
661.01	568.13	414.59	182.67
662.54	567.65	414.74	184.25
665.43	567.17	414.88	183.73
668.32	566.7	415.01	183.19
667.15	568.4	415.15	180.49
668.62	570.24	414.38	180.96
666.91	569.07	416.69	182.02
671.63	569.53	411.37	180.87
671.7	568.12	410.64	182.25
673.94	566.72	407.38	183.62
676.18	565.32	404.13	184.99
678.42	563.92	400.87	186.36
684.63	564.14	394.37	186.66
688.14	561.93	390.56	188.57
688.94	559.71	391.09	190.49
695.39	558.22	387.25	193.28
697.74	557.26	383.41	196.08
702.95	555.7	376.85	198.87
706.29	553.86	373.4	200.58
709.63	552.03	369.94	202.27
715.14	550.57	364.3	207.13
720.65	549.12	358.65	211.98
720.38	546.58	356.65	214.14
724.44	545.66	354.66	216.3
726.34	544.75	352.66	218.45
735.8	544.3	343.66	219.49
743.05	543.03	336.87	221.86
750.3	541.76	330.08	224.24
750.1	541.54	330.74	224.9
754	540.5	327.57	225.56
757.9	539.46	324.4	226.22
761.39	539.65	321.24	227.69
764.88	539.83	318.07	229.17
770.55	540.02	312.75	229.01
771.87	540.2	311.73	228.85
775.41	540.33	308.29	228.85
778.96	540.46	304.83	228.85
782.5	540.59	301.39	228.85
784.23	540.72	297.94	232.68
785.97	540.85	294.49	234.25
789.88	541.53	287.5	234.52
793.8	542.2	280.5	234.8
794.08	541.97	279.42	232.81
794.36	541.73	278.34	230.84
794.1	541.5	277.26	229.9
792.83	542.74	273.3	227.06
783.1	542.17	285.62	228.99
785.2	541.6	280.16	227.7
798	541.03	264.84	230.07
816.7	542.09	254.38	232.51
817.8	543.35	255.34	234.95
832.8	540.29	249.3	243.31
839.7	541.02	250.29	243.18
850.1	537.68	241.27	243.82
851.88	537.6	238.72	244.46
862.8	535.32	240.1	242.08
860.7	533.05	241.97	242.95
868.5	530.77	231.3	244.53
868.1	528.49	231.3	244.41
878.9	524.05	215.05	243.25
873.7	521.67	211	245.33
878	519.96	202.2	239.27
878	518.25	197.7	233.2
868.7	513.29	202.5	238.01
860	513.75	208.32	227.55
864.5	511.84	194.54	211.06
861.2	509.12	197.11	214.08
857.9	506.4	199.67	217.1
855.2	504.72	202.02	216.68
853	501.42	185	218.98
853.1	500.07	179.98	217.97
855.23	498.72	172.93	211.58
857.37	496.28	165.87	212.37
868.7	492.22	140.41	215.28
870.8	491.96	142.6	215.54
858.6	488.31	131.44	216.79
858.5	486.52	132.58	216.78
849.6	485.34	139.47	214.46
846.6	484.17	140.46	213.36
841.1	482.99	139.62	212.27
836.1	481.81	137.5	211.19
823.9	481.18	146.8	210.09
822.6	479.82	147.36	211.18
815.9	478.46	150.07	206.24
814.6	477.11	149.56	206.29
808.2	475.61	154.18	202.79
804	474.12	156.61	201.64
793.77	472.62	165.06	198.18
783.53	471.12	173.53	196.88
773.3	469.63	181.98	193.37
768.85	468.13	184.66	193.77
764.4	463.93	187.33	187.47
764.9	463.33	185.05	189.67
757.98	462.74	190.2	179.16
751.05	462.15	195.35	189.15
752.3	457.2	192.41	179.9
748.11	455.87	195.2	182.43
743.93	454.54	197.97	184.96
740.3	453.21	200.91	186.19
736.02	448.63	203.24	184.85
735	445.79	205.56	177.01
727.7	445.65	210.09	174.05
723.7	445.51	211.33	175.42
719.7	445.37	212.56	176.8
715.7	445.23	213.8	178.17
712.28	443.46	214.03	175.04
708.5	444.09	211.01	171.71
702.95	444.72	214.91	168.88
697.4	445.35	218.8	166.05
688.2	442.7	224.9	169.4
684.7	443.99	228.6	169.21
671.96	445.27	237.94	173.93
670.24	444.39	235.06	167.61
655.25	445.13	226.15	178.97
650.01	447.51	216.17	179.46
633.49	449.35	219.41	188.25
630.8	450.11	220	192.99
611.85	453.04	225.95	192.86
