0	460	214.2	180.21
0	460.58	220.9	178.93
0	461.16	222.7	177.65
0	453.8	228.46	177.8
0	456.25	234.23	173.05
0	453.79	239.99	178.01
0	451.33	245.75	180.75
0	448.87	251.51	183.49
0	446.42	257.28	186.22
0	443.96	263.04	188.96
0	441.5	268.8	191.7
0	441.5	273.9	188.45
0	441.5	279	185.2
0	441.5	284.1	185.6
0	440.3	289.2	187.67
0	439.1	294.3	189.74
0	437.7	299.4	192.01
0	435.1	304.5	195.49
0	434.9	309.6	196.56
0	435.6	314.7	196.73
0	431.7	319.8	201.5
0	434.8	324.82	198.31
0	432.9	329.83	200.12
0	432.69	334.85	200.24
0	432.49	339.86	200.35
0	432.28	344.88	200.47
0	432.08	349.89	200.58
0	431.87	354.91	200.7
0	431.67	359.92	200.81
0	431.46	364.94	200.93
0	431.26	369.95	201.04
0	431.05	374.97	201.16
0	430.84	379.98	201.28
0	430.64	385	201.39
0	430.43	390.01	201.51
0	430.23	395.03	201.62
0	430.02	400.04	201.74
0	429.82	405.06	201.85
0	429.61	410.07	201.97
0	429.41	415.09	202.08
0	429.2	420.1	202.2
0.23	427.85	424.44	202.93
0.46	426.5	428.78	203.66
0.69	426.71	433.12	202.82
0.92	426.92	437.46	201.99
1.15	427.14	441.8	201.15
1.38	427.35	446.14	200.32
1.61	427.56	450.48	199.48
1.84	427.77	454.82	198.65
2.07	427.98	459.16	197.82
2.3	427.85	463.5	200.05
3.73	427.71	466.64	199.84
5.16	427.58	469.78	199.62
6.59	427.44	472.92	199.41
8.01	427.31	476.07	199.19
9.44	427.17	479.21	198.98
10.87	427.04	482.35	198.76
12.3	426.9	485.49	198.55
18.75	425.33	483.61	199.77
25.21	423.77	481.72	200.98
31.66	422.2	479.84	202.2
36.54	424.03	478.26	200.75
41.42	425.87	476.68	199.29
46.31	427.7	475.09	197.85
51.6	427.7	474.3	198.23
56.9	427.69	473.5	198.63
62.2	427.69	472.7	199.01
66.67	427.69	472.73	199.41
71.13	427.68	472.77	199.79
75.6	427.68	472.8	200.16
82.7	428.29	471.3	199.93
89.8	428.9	469.8	199.7
100.4	426.8	459.6	206.2
109.18	426.66	453.25	208.26
117.95	426.53	446.92	210.31
126.73	426.39	440.57	212.37
135.51	426.25	433.19	214.43
144.29	426.11	425.81	216.49
153.06	425.96	420.37	216.74
161.84	425.8	414.93	216.9
170.62	425.7	409.48	217.1
179.79	426.82	401.81	213.58
188.96	427.94	397.84	206.51
196.88	429.06	405.02	204.27
204.8	430.18	412.2	202.03
214.38	431.3	411.2	199.78
223.97	432.42	410.2	197.54
233.55	433.54	409.2	195.3
243.13	434.66	408.2	193.06
252.72	435.78	407.2	190.81
262.3	436.9	406.2	188.57
267.23	442.79	408.01	181.56
272.17	448.67	409.81	174.55
277.1	454.56	411.62	167.54
288.4	455.55	408.67	166.55
299.7	456.53	405.73	165.57
303.71	457.52	410.07	164.58
307.73	458.5	414.41	163.6
315.39	462.37	415.1	164
323.04	466.23	415.81	164.4
330.7	470.1	416.5	164.8
339.18	465.5	415.19	162.5
352.6	465.22	408.94	163.82
360.53	458.8	414.27	171.28
368.47	459.29	412.74	171
376.4	459.78	411.22	170.71
384.34	460.26	409.69	170.44
392.27	460.75	408.17	170.15
400.21	461.24	406.63	170.29
408.14	461.73	405.11	170.44
416.07	462.21	403.59	170.59
424.01	462.7	402.06	172.1
432.49	464.18	400.75	170.82
440.97	465.66	399.44	169.54
449.46	467.13	400.6	169.72
457.94	468.61	401.76	169.89
460.32	470.09	398.28	170.06
462.7	471.57	404.5	170.23
475.25	473.04	398.95	169.76
487.8	474.52	393.4	169.28
500.35	476	387.85	168.8
507.68	479.05	386.56	166.97
515.01	482.1	385.28	165.14
522.33	482.15	384.53	165.44
529.66	482.2	383.78	165.74
536.99	483.12	383.02	165.17
544.32	484.04	382.26	164.61
551.64	484.96	381.51	164.04
558.97	485.88	380.76	163.47
566.3	486.8	380	162.9
573.95	487.42	378.06	164.05
581.6	488.05	376.12	165.2
590.45	488.67	372.98	162.63
599.3	489.3	369.84	167.49
606.1	489.05	367.52	167.1
612.9	488.8	365.2	166.7
619.7	491.12	364.6	167.12
626.5	493.44	364	167.54
633.3	495.76	363.4	167.96
640.1	498.08	362.8	168.38
646.9	500.4	362.2	168.8
653.98	497.05	361.37	167.15
661.07	493.7	360.53	165.5
669.48	494.17	357.82	165.89
677.89	494.65	355.11	166.28
686.3	495.12	345.04	166.67
693.12	496.86	344.9	164.85
699.94	498.59	344.75	163.04
706.76	500.33	344.6	161.23
713.58	502.06	344.45	159.42
720.4	503.8	344.3	157.6
727.22	502.85	340.68	160.31
734.04	501.9	337.16	163.02
740.86	502.48	335.1	162.53
747.68	503.05	333.05	162.04
754.5	503.63	330.99	161.55
761.32	504.2	328.93	161.06
768.14	504.78	326.87	160.57
774.95	505.36	324.83	160.07
781.77	505.93	322.77	159.59
788.59	506.51	320.71	159.09
795.92	507.06	314.91	163.56
803.25	507.61	309.12	168.02
810.58	508.16	303.32	172.49
817.35	509.26	299.19	172.82
824.11	510.37	295.07	173.14
830.88	511.47	290.93	173.47
837.64	512.58	286.81	173.79
844.41	513.68	282.68	174.13
851.17	514.79	278.56	174.45
857.94	515.89	274.42	174.78
864.7	517	270.3	175.1
874.68	514.95	259.02	176.19
881.8	518.5	256.5	173.8
889.42	518.29	252.5	173.68
897.05	518.08	248.48	173.56
904.67	517.87	244.48	173.44
912.3	517.66	240.47	173.32
919.92	517.45	236.46	173.2
927.55	517.24	232.45	173.08
938.7	517.5	226	172.49
946.1	517.2	220.2	173.1
951.7	516.89	215.2	173.72
959	516.59	210.67	172.45
966.3	516.28	206.14	171.19
973.6	515.98	201.62	169.92
980.89	515.67	197.1	167.03
988.17	515.37	192.59	166.7
995.46	515.06	188.07	166.37
1002.74	514.76	183.57	166.04
1010.03	514.45	179.05	165.72
1017.31	514.15	174.54	165.38
1024.6	513.84	170.02	165.06
1028.08	513.54	169.32	164.56
1031.56	513.23	168.61	164.87
1035.04	512.93	167.9	163.47
1038.52	512.62	167.19	162.08
1042	512.32	166.48	160.68
1045.48	512.01	165.78	160.29
1050.02	513.1	162.61	160.55
1054.56	514.19	159.44	160.81
1066	513.5	149	156.7
1070.93	513.03	146.74	157.94
1075.85	512.56	144.49	159.19
1080.78	512.09	142.23	160.43
1085.7	511.62	139.98	161.68
1087.96	515.2	139.49	157.12
1090.21	514.1	139.01	157.25
1092.47	513	138.53	157.37
1094.72	511.9	138.05	157.5
1098.72	511.74	135.49	156.54
1102.71	511.59	132.93	155.57
1106.71	511.43	130.36	154.62
1110.71	511.27	127.79	153.66
1114.7	511.12	126.26	152.69
1118.7	510.96	124.72	151.73
1120.84	518.93	124.36	144.18
1122.98	526.9	124	136.63
1125.12	521.33	123.63	142.63
1127.26	515.75	123.27	148.63
1129.4	510.18	122.9	154.62
1137	510	116.77	152.9
1140.3	509.81	114.93	151.79
1143.6	509.63	113.09	150.67
1146.28	509.45	110.27	150.4
1148.97	509.26	107.43	150.14
1151.65	509.08	106.52	149.87
1154.33	508.9	105.6	149.6
1157.02	508.71	104.68	149.34
1159.7	508.53	103.77	149.07
1162.38	508.35	102.85	148.8
1165.07	508.16	101.93	148.54
1167.75	507.98	101.07	148.36
1170.43	507.8	100.21	148.17
1173.12	507.61	99.34	148
1175.8	507.43	98.47	147.82
1177.27	507.25	98.47	147.64
1178.74	507.06	98.46	147.46
1180.21	506.88	98.46	147.28
1181.68	506.7	98.45	147.1
1183.15	506.51	98.45	146.93
1184.86	506.27	97.76	147.34
1186.57	506.03	97.07	147.75
1188.28	505.78	96.38	148.17
1189.99	505.54	95.69	148.59
1191.7	505.29	95	149.01
1194.8	507.2	94.06	146.44
1196.16	506.42	94.86	146.56
1197.52	505.64	95.66	146.68
1198.89	504.85	96.45	146.8
1200.25	504.07	97.25	146.92
1201.78	504.1	96.83	146.46
1203.32	504.12	96.4	146.01
1204.86	504.15	95.97	145.55
1206.4	504.18	95.53	145.09
1207.94	504.2	95.1	144.64
1209.47	504.23	94.68	144.18
1211.01	504.26	94.25	143.73
1212.55	504.28	93.82	143.28
1214.09	504.31	93.39	142.82
1215.62	504.34	92.96	142.36
1217.16	504.36	92.53	141.91
1218.7	504.39	92.1	141.45
1219.35	504.42	92.29	140.99
1220	504.44	92.49	140.54
1220.65	504.47	92.68	140.08
1221.3	504.49	92.87	139.63
1221.95	504.52	93.06	139.17
1222.6	504.55	93.26	138.71
1223.25	504.57	93.45	138.26
1223.9	504.6	93.9	135
1225.03	503.98	94.09	135.3
1226.16	503.37	94.29	135.58
1227.29	502.75	94.48	135.88
1228.41	502.14	94.69	136.16
1229.54	501.52	94.88	136.46
1230.67	500.91	95.08	136.74
1231.8	500.29	95.27	137.04
1232.93	499.68	95.47	137.32
1234.06	499.06	95.66	137.62
1235.19	498.45	95.86	137.9
1236.31	497.83	96.06	138.2
1237.44	497.22	96.26	138.48
1238.57	496.6	96.45	138.78
1239.7	498.3	96.65	136.75
1238.9	498.37	98.77	136.35
1240.5	498.43	97.09	135.97
1242.1	498.5	95.4	135.58
1243.9	498.57	97.75	135.18
1245.1	498.63	97.88	134.79
1244.8	500.8	97.4	132.3
1246.19	499.97	97.15	132.62
1247.58	499.13	96.9	132.95
1248.96	498.3	96.66	133.27
1250.35	499.04	96.41	132.02
1251.74	499.78	96.16	130.77
1253.13	500.52	95.91	129.52
1254.51	501.26	95.67	128.27
1255.9	502	95.42	127.02
1257.29	504.25	93.77	124.26
1258.68	506.5	92.12	121.5
1259.65	504	92.38	123.83
1260.63	503.85	92.63	123.81
1261.6	503.7	92.89	123.79
1262.58	503.55	93.14	123.77
1263.55	503.4	93.4	123.75
1264.53	503.25	93.65	123.73
1265.5	503.1	93.91	123.71
1266.48	502.95	94.16	123.69
1267.46	502.8	94.41	123.67
1268.43	502.65	94.67	123.65
1269.41	502.5	94.92	123.63
1270.38	503.11	94.93	122.85
1271.36	503.72	94.92	122.08
1272.33	504.34	94.93	121.29
1273.31	504.95	94.92	120.51
1274.28	505.56	94.93	119.73
1275.26	506.17	94.92	118.95
1276.23	506.78	94.93	118.17
1277.21	507.4	94.92	117.38
1278.19	508.01	94.92	116.6
1279.08	507.92	94.92	116.6
1279.97	507.84	94.92	116.6
1280.86	507.75	94.92	116.6
1281.75	507.67	94.92	116.6
1282.64	507.58	94.92	116.6
1283.53	507.5	94.92	116.6
1284.42	507.41	94.92	116.6
1285.31	507.33	94.93	116.6
1286.2	507.24	94.93	116.6
1287.09	507.16	94.93	116.6
1287.98	507.07	94.93	116.6
1288.87	506.99	94.93	116.6
1289.76	506.91	94.93	116.6
1290.65	506.82	94.93	116.6
1291.55	506.74	94.92	116.6
1292.44	506.65	94.92	116.6
1293.33	506.57	94.92	116.6
1294.22	506.48	94.92	116.6
1295.11	506.4	94.92	116.6
1296	506.31	94.92	116.6
1296.68	506.27	95.13	116.52
1297.36	506.23	95.34	116.43
1298.03	506.18	95.56	116.35
1298.71	506.14	95.77	116.27
1299.39	506.1	95.98	116.18
1300.07	506.06	96.19	116.1
1300.75	506.01	96.4	116.02
1301.43	505.97	96.6	115.94
1302.11	505.93	96.81	115.85
1302.79	505.89	97.02	115.77
1303.46	505.85	97.24	115.68
1304.14	505.8	97.45	115.6
1304.82	505.76	97.66	115.52
1305.5	505.72	97.87	115.43
1306.18	505.68	98.08	115.35
1306.86	505.63	98.28	115.27
1307.54	505.59	98.49	115.19
1308.21	505.55	98.71	115.1
1308.89	505.51	98.92	115.02
1309.57	505.46	99.13	114.94
1310.36	505.45	98.92	114.87
1311.16	505.43	98.7	114.82
1311.95	505.41	98.5	114.76
1312.75	505.4	98.28	114.69
1313.54	505.38	98.07	114.63
1314.33	505.36	97.86	114.58
1315.13	505.35	97.64	114.51
1315.92	505.33	97.43	114.45
1316.71	505.32	97.23	114.38
1317.51	505.3	97.01	114.33
1318.3	505.28	96.8	114.27
1318.9	505.27	97.3	114.2
1319.5	505.25	97.8	114.15
1320.23	505.23	98.17	114.09
1320.97	505.22	98.53	114.02
1321.7	505.2	98.9	113.96
1323.51	505.18	98.19	113.91
1325.33	505.17	97.47	113.84
1327.14	505.15	96.76	113.78
1328.96	505.13	96.04	113.72
1330.77	505.12	95.33	113.66
1332.59	505.1	94.61	113.6
1333.63	504.73	96.35	114.49
1334.68	504.35	98.07	115.4
1335.73	503.98	99.8	116.29
1336.77	503.6	101.53	117.2
1337.82	503.23	103.26	118.09
1338.86	502.85	104.99	119
1339.91	502.48	106.72	119.89
1340.96	502.1	108.44	120.8
1344.63	505.8	106.04	116.76
1348.3	506.7	103.65	115.52
1347.28	505.71	105.94	116.17
1346.26	504.72	108.24	116.82
1345.24	503.73	110.53	117.47
1344.22	502.74	112.83	118.12
1343.2	501.76	115.12	118.76
1342.18	500.77	117.42	119.41
1341.16	499.78	119.72	120.06
1340.14	498.79	122.01	120.71
1339.12	497.8	124.31	121.36
1338.09	498.7	126.61	120.12
1337.07	499.6	128.91	118.88
1336.05	500.5	131.2	117.64
1335.03	503.3	133.49	114.5
1334.01	506.1	135.79	111.36
1332.99	502.15	138.08	114.97
1331.97	498.2	140.38	118.58
1330.95	498.46	144.75	117.98
1329.93	498.71	144.97	117.39
1329.88	497.92	146.01	117.76
1329.83	497.13	147.05	118.12
1329.79	496.34	148.08	118.49
1329.74	495.55	149.12	118.85
1329.69	494.76	150.16	119.22
1329.64	493.97	151.2	119.59
1329.6	493.18	152.23	119.95
1329.55	492.39	153.27	120.32
1329.5	491.6	154.31	120.68
1328.29	500.1	155.1	111.1
1329.29	499.18	155.51	111.29
1330.29	498.25	155.92	111.5
1331.29	497.33	156.33	111.69
1332.3	496.41	156.73	111.88
1333.3	495.48	157.14	112.09
1334.3	494.56	157.55	112.28
1339.8	492.23	153.47	114.36
1341.04	489.9	153.64	116.45
1344.4	490.38	151.69	115.72
1347.77	490.87	149.73	114.98
1349.72	489.95	147.67	115.65
1351.67	489.02	145.61	116.34
1353.62	488.1	143.56	117.01
1351.7	487.8	148.8	117.06
1353.53	487.5	148.47	117.11
1355.37	487.19	148.13	117.18
1357.2	486.89	147.8	117.23
1358.43	482.3	144.05	121.57
1347.6	484.14	155.94	119.48
1360.9	485.99	143.7	117.39
1368.03	485.69	138.47	118.46
1375.17	485.39	133.23	119.53
1382.3	485.1	128	120.6
1383.15	485.1	128.65	119.85
1384.01	485.1	129.99	119.1
1384.86	485.1	128.94	118.35
1385.72	485.1	128.08	117.6
1386.57	485.1	129.33	116.85
1388.99	483.7	127.61	118.08
1391.4	482.3	126.6	119.3
1396.17	481.45	122.83	120.99
1400.95	480.6	118.35	122.68
1405.73	479.75	115.26	124.37
1410.5	478.91	112.18	126.05
1398.47	478.06	128.73	127.74
1397.59	478.59	130.14	126.69
1396.7	479.12	131.56	125.63
1395.82	479.65	132.97	124.58
1394.93	480.18	134.38	123.52
1394.05	480.71	135.79	122.47
1393.17	481.24	137.2	121.41
1392.28	481.77	138.62	120.36
1391.4	482.3	140	119.3
1396.04	482.3	140.76	119.3
1400.69	482.3	135.69	119.3
1405.33	482.3	130.64	119.3
1409.97	482.3	125.58	119.3
1414.61	482.3	120.52	119.3
1419.26	482.3	115.46	119.3
1423.9	482.3	110.4	119.3
