460.71	208.98	1257.44	871.91
465.9	207.99	1256.33	872.45
471.09	207.01	1255.22	872.99
473.31	206.02	1254.11	873.98
475.54	205.03	1252.99	874.97
472.82	203.54	1248.89	876.46
470.1	202.06	1244.8	877.94
467.38	200.58	1246.67	879.42
464.67	199.1	1248.53	880.9
451.45	196.25	1252.85	883.75
445.47	193.41	1257.17	886.59
436.53	190.57	1261.49	889.43
427.6	187.73	1265.8	892.27
417.33	187.36	1274.09	892.64
407.07	186.99	1282.38	893.01
396.8	186.62	1290.67	893.38
390.53	186.24	1294.97	893.76
378.06	184.51	1305.09	895.49
365.6	182.78	1315.2	897.22
361.4	181.05	1317.05	898.95
352.53	179.32	1323.57	900.68
343.67	177.59	1330.08	902.41
334.8	175.86	1336.6	904.14
323.6	174.13	1345.45	905.87
310.45	172.4	1356.25	907.6
302.75	171.7	1359.59	908.3
295.05	171	1362.93	909
287.35	170.3	1366.27	909.7
285.25	168.55	1369.61	911.45
277.96	167.29	1372.96	912.71
270.67	166.03	1376.3	913.97
266.34	163.78	1379.64	916.22
262.01	161.53	1382.99	918.47
255.59	160.42	1384.46	919.58
253.13	159.31	1385.94	920.69
250.66	158.2	1387.42	921.8
248.2	157.08	1388.89	922.92
249.18	155.97	1387.42	924.03
250.16	154.86	1385.94	925.14
251.15	153.75	1384.46	926.25
252.13	152.64	1382.99	927.36
253.86	151.28	1380.77	928.72
255.59	149.92	1378.54	930.08
257.32	148.56	1376.32	931.44
259.05	147.2	1374.1	932.8
262.76	145.84	1371.13	934.16
266.46	144.48	1368.17	935.52
270.17	143.12	1365.19	936.88
273.88	141.76	1362.22	938.24
277.71	142.13	1357.79	937.87
281.54	142.51	1353.36	937.49
285.37	142.88	1351.88	937.12
289.2	143.25	1350.4	936.75
293.05	143.62	1348.9	936.38
296.9	143.99	1347.4	936.01
300.71	144.36	1345.94	935.64
304.52	144.73	1344.48	935.27
306.62	143.99	1343.48	936.01
308.72	143.25	1342.48	936.75
310.83	142.5	1341.47	937.5
312.93	141.76	1340.47	938.24
313.54	141.02	1338.96	938.98
314.16	140.28	1340.14	939.72
314.78	139.54	1341.32	940.46
315.4	138.8	1342.5	941.2
314.66	138.06	1344.84	941.94
313.92	137.31	1347.18	942.69
313.17	136.57	1349.53	943.43
312.43	135.83	1351.87	944.17
311.69	135.09	1355.21	944.91
310.95	134.35	1358.55	945.65
310.21	133.61	1361.89	946.39
309.47	132.87	1365.23	947.13
309.1	133.73	1368.81	946.27
308.73	134.6	1372.4	945.4
308.36	135.46	1375.98	944.54
307.99	136.33	1379.56	943.67
307.62	137.19	1383.14	942.81
307.25	138.06	1386.73	941.94
306.87	138.92	1390.32	941.08
306.5	139.79	1393.9	940.21
305.02	142.63	1397.61	937.37
303.54	145.47	1401.31	934.53
302.06	148.31	1405.02	931.69
300.57	151.16	1408.73	928.84
299.09	154	1412.44	926
297.61	156.84	1416.14	923.16
296.12	159.68	1419.86	920.32
294.64	162.52	1423.56	917.48
291.68	162.14	1426.28	917.86
288.72	161.76	1428.99	918.24
285.76	161.38	1431.71	918.62
282.8	161	1434.43	919
276.86	159.16	1439.14	920.84
270.93	157.31	1443.83	922.69
264.99	155.47	1448.54	924.53
259.05	153.63	1453.25	926.37
255.72	152.89	1454.36	927.11
252.38	152.14	1455.47	927.86
249.05	151.4	1456.58	928.6
245.71	150.66	1457.69	929.34
240.89	149.92	1460.28	930.08
236.07	149.18	1462.87	930.82
234.22	148.44	1465.45	931.56
232.37	147.7	1468.03	932.3
229.77	146.34	1470.13	933.66
227.18	144.98	1472.22	935.02
224.58	143.62	1474.32	936.38
221.99	142.26	1476.41	937.74
219.39	140.9	1478.51	939.1
216.8	139.54	1480.6	940.46
214.2	138.18	1482.7	941.82
211.61	136.82	1484.79	943.18
209.75	134.48	1485.66	945.52
207.9	132.13	1486.53	947.87
206.04	129.78	1487.4	950.22
204.19	127.43	1488.26	952.57
202.34	125.09	1489.12	954.91
200.48	122.74	1490	957.26
198.63	120.39	1490.86	959.61
196.78	118.04	1491.72	961.96
194.31	115.94	1490.62	964.06
191.83	113.84	1489.52	966.16
189.36	111.74	1488.42	968.26
186.89	109.64	1487.31	970.36
184.42	106.55	1486.18	973.45
181.95	103.46	1485.05	976.54
179.48	100.37	1483.92	968.73
177.01	97.28	1482.79	955.02
174.54	95.43	1480.44	926.37
172.06	93.58	1478.1	915.52
169.59	91.73	1475.75	895.72
167.12	89.87	1473.4	875.93
167.62	89.01	1471.05	864.04
168.11	88.14	1468.7	852.16
168.61	87.28	1466.35	839.32
169.1	86.41	1464	836.39
169.1	86.41	1462.64	836.09
169.1	86.41	1461.28	836.19
169.1	86.41	1459.91	841.69
169.1	86.41	1458.55	851.19
169.1	86.41	1457.19	866.79
169.1	86.41	1455.83	882.39
169.1	86.41	1454.46	900.89
169.1	86.41	1453.1	931.29
167.98	83.81	1452.37	943.49
166.88	81.22	1451.62	969.58
165.76	78.63	1450.89	1001.37
164.65	76.03	1450.15	1003.97
163.54	73.44	1447.91	1006.56
162.43	70.84	1445.67	1009.16
161.31	68.25	1446.44	1011.75
160.2	65.65	1447.2	1014.35
160.57	63.67	1447.71	1016.33
160.94	61.7	1448.21	1018.3
161.31	59.72	1448.72	1020.28
161.69	57.74	1449.21	1022.26
162.06	55.77	1451.19	1024.23
162.43	53.79	1453.17	1026.21
162.8	51.81	1455.15	1028.19
163.17	49.83	1457.13	1030.17
163.65	49.35	1460.85	1030.65
164.13	48.87	1464.57	1031.13
164.62	48.38	1468.28	1031.62
165.1	47.9	1472	1032.1
164.62	48.38	1476.68	1031.62
164.13	48.87	1481.37	1031.13
163.65	49.35	1486.05	1030.65
163.17	49.83	1490.73	1030.17
161.07	50.11	1498.35	1029.89
158.97	50.38	1505.97	1029.62
156.87	50.65	1513.59	1029.35
154.77	50.93	1521.21	1029.07
152.67	51.2	1528.83	1028.8
150.56	53.05	1533.27	1026.95
148.46	54.9	1537.71	1025.1
146.36	56.75	1542.14	1023.25
142.65	59.1	1547.95	1020.9
141.92	61.45	1552.62	1018.55
137.71	63.8	1557.81	1016.2
133.51	66.15	1562.99	1013.85
129.31	68.5	1567.42	1011.5
125.11	70.84	1571.84	1009.16
120.91	73.19	1576.27	1006.81
116.71	75.54	1580.69	1004.46
112.63	79	1582.92	1001
108.55	82.46	1585.15	997.54
104.47	85.92	1587.38	994.08
100.4	89.38	1589.6	990.62
96.32	92.84	1591.83	987.16
92.24	96.3	1594.06	983.7
88.17	99.76	1596.28	980.24
84.09	103.22	1598.51	976.78
81.37	105.2	1599.25	974.8
78.65	107.17	1599.99	972.83
75.93	109.15	1600.72	970.85
73.21	111.13	1601.46	968.87
71.48	113.11	1602.2	966.89
69.75	115.08	1602.94	964.92
68.02	117.06	1603.67	962.94
66.29	119.04	1604.41	960.96
65.18	119.9	1604.41	960.1
64.07	120.77	1604.41	959.23
62.96	121.63	1604.4	958.37
61.84	122.5	1604.41	957.5
60.73	123.36	1604.41	956.64
59.62	124.23	1604.41	955.77
58.51	125.09	1604.41	954.91
57.4	125.96	1604.4	954.04
56.66	126.95	1603.91	953.05
55.91	127.94	1603.42	952.06
55.17	128.93	1602.92	951.07
54.43	129.91	1602.42	950.09
53.69	130.9	1601.92	949.1
52.95	131.89	1601.43	948.11
52.21	132.88	1600.93	947.12
51.47	133.87	1600.43	946.13
52.71	133.62	1599.8	946.38
53.94	133.38	1599.19	946.62
55.18	133.13	1597.08	939.97
56.41	132.88	1594.99	933.32
57.65	132.63	1595.1	909.87
58.88	132.39	1595.22	886.41
60.12	132.14	1595.33	870.31
61.35	131.89	1595.45	854.21
62.47	131.03	1596.18	826.57
63.58	130.17	1593.92	816.03
64.69	129.3	1596.21	797.6
65.8	128.43	1598.4	771.17
66.92	127.57	1604.58	758.53
68.03	126.71	1631.22	733.59
69.14	125.84	1657.86	708.66
70.25	124.97	1666.65	697.03
73.59	124.61	1685.41	677.99
76.93	124.24	1712.17	642.46
80.26	123.86	1724.04	644.54
80.64	123.49	1741.9	648.61
84.71	123.12	1774.09	651.81
88.79	122.75	1779.51	655
92.87	122.38	1795.33	658.2
96.95	122.01	1823.05	661.39
97.81	121.39	1822.19	664.24
98.68	120.77	1821.32	667.08
99.54	120.16	1820.46	669.92
100.41	119.54	1819.59	672.76
101.27	118.92	1818.73	674.88
102.13	118.3	1817.87	683.57
103	117.68	1817	692.25
103.87	117.07	1816.13	700.93
101.76	115.95	1818.24	717.36
99.66	114.84	1820.34	733.79
97.56	113.73	1822.44	750.21
95.46	112.62	1824.54	766.64
93.36	111.51	1826.64	783.06
91.26	110.4	1828.74	799.49
89.16	109.28	1830.84	815.92
87.06	108.17	1832.94	825.53
82.61	106.69	1837.39	835.91
78.15	105.2	1841.85	846.3
73.7	103.72	1846.3	856.68
61.36	102.24	1858.64	867.06
58.88	97.79	1861.12	879.91
56.4	93.34	1863.6	892.76
46.03	88.89	1873.97	905.61
35.65	84.45	1884.35	918.45
30.21	80.98	1889.79	928.62
24.77	77.53	1895.23	939.67
19.32	74.06	1865.38	955.24
13.88	70.61	1850.22	970.79
6.94	68.13	1811.06	991.82
0	65.66	1771.9	1012.84
0	63.19	1755.5	1016.81
0	60.72	1709.4	1019.28
0	57.88	1632.9	1022.12
0	55.04	1608.1	1024.96
0	52.2	1566.1	1027.8
0	49.35	1502.3	1030.65
0	49.48	1500.45	1030.52
0	49.6	1498.6	1030.4
0	49.72	1496.75	1030.28
0	49.85	1494.9	1030.15
0	52.81	1493.79	1027.19
0	55.78	1492.68	1024.22
0	58.74	1491.56	1021.26
0	61.71	1490.45	1018.29
0	64.67	1489.34	1015.33
0	67.64	1488.23	1012.36
0	70.61	1487.11	1009.39
0	73.57	1486	1006.43
0	74.44	1484.64	1005.56
0	79.82	1483.28	1000.18
0	85.21	1481.91	994.79
0	90.59	1480.55	989.41
0	95.97	1479.19	984.03
0	101.36	1477.83	978.64
0	106.74	1476.46	973.26
0	112.12	1475.1	967.88
0	119.04	1473.13	960.96
0	125.96	1471.15	954.04
0	132.88	1469.18	947.12
0	139.8	1467.2	940.2
0	143.76	1465.23	936.24
0	147.71	1463.25	932.29
0	151.67	1461.28	928.33
0	155.62	1459.3	924.38
0	160.81	1457.7	919.19
0	166	1456.1	914
0	171.19	1454.5	908.81
0	176.38	1452.9	903.62
0	185.03	1452.78	894.97
0	193.68	1452.65	886.32
0	202.33	1452.53	877.67
0	210.98	1452.4	869.02
0	214.8	1453.38	865.2
0	229.51	1454.35	850.49
0	244.22	1455.33	835.78
0	250.03	1456.3	829.97
0	259.79	1463.23	820.21
0	269.55	1470.15	810.45
0	279.32	1477.08	800.68
0	289.08	1484	790.92
5.56	303.41	1492.74	776.59
11.12	309.84	1489.65	770.16
16.68	316.26	1486.55	763.74
22.24	322.69	1483.46	757.31
26.32	327.14	1480.38	752.86
30.4	331.59	1477.3	748.41
34.48	336.03	1474.22	743.97
38.55	340.48	1471.15	739.52
44.48	344.31	1469.18	735.69
50.4	348.14	1467.21	731.86
53.7	351.97	1465.91	728.03
57	355.8	1464.6	724.2
60.29	359.64	1466.24	720.36
63.59	363.47	1467.88	716.53
66.89	367.3	1469.51	712.7
70.19	371.13	1471.14	708.87
70.56	373.48	1471.14	706.52
70.93	375.82	1475.1	704.18
71.3	378.17	1479.07	701.83
71.67	380.52	1483.03	699.48
70.3	381.14	1487.7	698.86
68.94	381.76	1495.03	698.24
67.57	382.38	1502.36	697.62
66.2	383	1509.7	697
62.99	382.63	1522.21	697.37
62.75	383.25	1526.75	696.75
58.06	382.38	1537.24	697.62
53.37	381.52	1547.73	698.48
51.64	380.65	1554.29	699.35
49.92	379.78	1560.83	700.22
48.19	378.92	1567.39	701.08
46.46	378.05	1573.94	701.95
47.71	377.47	1585.8	702.53
48.95	376.9	1597.67	703.1
50.2	376.32	1609.53	703.68
55.37	377.06	1621.43	702.94
59.07	377.31	1634.53	702.69
62.78	377.56	1647.62	702.44
66.49	377.8	1660.71	702.2
70.19	378.05	1681.71	701.95
71.92	377.68	1691.86	702.32
73.65	377.31	1702	702.69
75.38	376.94	1712.15	703.06
77.11	376.57	1722.29	703.43
78.84	376.2	1741.31	703.8
80.57	375.83	1760.33	704.17
82.3	375.46	1762.5	704.54
84.03	375.08	1772.67	704.92
87	375.95	1786.6	704.05
88.65	375.33	1790.7	704.67
90.29	374.71	1794.81	705.29
91.94	378.54	1781.06	701.46
93.92	379.41	1775.78	700.59
95.9	380.27	1746.75	699.73
97.88	381.14	1717.72	698.86
99.85	382	1700.55	698
100.83	383.75	1668.42	696.25
101.8	385.5	1636.3	694.5
99.2	385.25	1613.03	694.75
95.97	384.99	1593.35	695.01
92.74	384.74	1573.67	695.26
89.51	384.49	1553.99	695.51
78.86	384.24	1534.34	695.76
68.22	383.98	1514.68	696.02
65.3	383.24	1503.14	696.76
58.94	382.5	1487.16	697.5
52.58	381.76	1466.52	698.24
46.21	381.02	1458.54	698.98
39.85	380.28	1450.55	699.72
33.49	379.54	1442.21	700.46
27.13	378.79	1444.32	701.21
20.77	378.05	1446.43	701.95
18.17	376.94	1444.33	703.06
15.58	375.83	1446.02	704.17
12.98	374.72	1447.72	705.28
10.38	373.61	1453.82	706.39
7.79	372.49	1458.64	707.51
5.2	371.38	1463.45	708.62
2.6	370.27	1468.28	709.73
0.01	369.15	1473.09	710.85
0	367.3	1477.68	712.7
0	365.45	1482.25	714.55
0	363.6	1486.83	716.4
0	361.74	1491.4	718.26
0	359.89	1497.45	720.11
0	358.04	1503.5	721.96
0	356.18	1509.55	723.82
0	354.33	1515.6	725.67
0	351.73	1519.08	728.27
0	349.14	1522.55	730.86
0	346.54	1526.03	733.46
0	343.95	1529.5	736.05
0	341.35	1530.98	738.65
0	338.76	1532.45	741.24
0	336.16	1533.93	743.84
0	333.57	1535.4	746.43
0	330.2	1537.9	749.8
0	330.83	1536.08	749.17
0	325.5	1540.7	754.5
0	326.2	1553.2	753.8
0	327.3	1558.65	752.7
0	328.4	1564.1	751.6
0	329.5	1577.4	750.5
0	330.6	1584.8	749.4
0	328.75	1598.15	751.25
0	326.9	1611.5	753.1
0	325.04	1618.9	754.96
0	323.19	1632.2	756.81
0	319.85	1654	760.15
0	316.52	1661.9	763.48
0	313.18	1674.7	766.82
0	309.84	1695.5	770.16
0	304.9	1701.8	775.1
0	298.48	1724.05	781.52
0	292.05	1746.3	787.95
0	290.07	1752.3	789.93
0	285.13	1767.5	790.47
0	280.19	1793.6	764.31
0	275.25	1804.4	761.35
0	270.3	1825	744.5
0	268.08	1852.9	710.42
0	265.86	1862.7	702.34
0	263.63	1881.9	681.87
0	261.41	1909.1	647.59
0	259.18	1915.8	640.72
0	256.96	1920	611.44
0	254.74	1920	583.06
0	252.51	1920	576.49
0	254.98	1920	554.72
0	257.46	1920	539.94
0	259.93	1920	535.47
0	262.4	1920	534
0	264.87	1920	542.63
0	267.34	1920	545.06
0	269.81	1920	560.79
0	272.28	1920	576.52
0	273.76	1920	586.44
0	275.25	1920	609.45
0	276.73	1920	632.47
0	278.21	1920	645.39
0	279.69	1920	662.81
0	281.18	1920	693.02
0	282.66	1920	709.89
0	284.14	1920	726.76
0	282.54	1920	766.36
0	280.93	1920	774.37
0	279.33	1920	800.67
0	274.75	1920	805.25
0	273.89	1920	806.11
0	273.03	1920	806.97
0	272.16	1920	807.84
0	271.29	1894.3	808.71
0	272.29	1835.1	807.71
0	273.28	1759.8	806.72
0	274.26	1737.3	805.74
0	271.3	1685.2	808.7
0	273.28	1647.8	806.72
0	275.25	1628.8	804.75
0	277.23	1609.8	802.77
0	279.21	1590.8	800.79
0	281.43	1581.17	798.57
0	283.66	1571.53	796.34
0	285.88	1561.9	794.12
0	288.11	1560.15	791.89
0	288.35	1551.03	791.65
0	288.6	1541.9	791.4
0	293.8	1535.7	786.2
0	289.09	1529.5	790.91
0	287.61	1526.41	792.39
0	286.13	1523.33	793.87
0	284.64	1520.24	795.36
0	283.16	1517.15	796.84
0	281.68	1514.06	798.32
0	280.2	1510.98	799.8
0	278.71	1507.89	801.29
0	277.23	1504.8	802.77
0	273.77	1501.71	806.23
0	270.3	1498.63	809.7
0	270.14	1495.54	809.86
0	269.97	1492.45	810.03
0	269.81	1489.36	810.19
0	269.65	1486.28	810.35
0	269.49	1483.19	810.51
0	269.32	1480.1	810.68
0	269.63	1477.79	810.37
0	269.94	1475.48	810.06
0	270.25	1473.16	809.75
0	270.56	1470.85	809.44
0	270.87	1468.54	809.13
0	271.18	1466.23	808.82
0	271.48	1463.91	808.52
0	271.79	1461.6	808.21
0	273.03	1460.98	806.97
0	274.26	1460.36	805.74
0	275.5	1459.75	804.5
0	276.74	1459.13	803.26
0	277.97	1458.51	802.03
0	279.21	1457.89	800.79
0	280.44	1457.27	799.56
0	281.68	1456.66	798.32
0	282.42	1459	797.58
0	283.16	1461.34	796.84
0	283.9	1463.69	796.1
0	284.64	1466.03	795.36
0	283.9	1468.37	796.1
0	283.16	1470.71	796.84
0	282.42	1473.06	797.58
0	281.68	1475.4	798.32
0	282.42	1477.37	797.58
0	283.16	1479.33	796.84
0	283.9	1481.3	796.1
0	284.65	1484.86	795.35
0	285.39	1488.42	794.61
0	286.13	1491.98	793.87
0	286.87	1495.54	793.13
0	287.61	1499.1	792.39
0	291.81	1504.79	788.19
0	296.02	1510.48	783.98
0	300.22	1516.16	779.78
0	304.42	1521.85	775.58
0	308.62	1527.54	771.38
0	312.82	1533.23	767.18
0	317.02	1538.91	762.98
0	321.22	1544.6	758.78
0	325.67	1552.01	754.33
0	330.12	1559.43	749.88
0	334.57	1566.84	745.43
0	339.02	1574.25	740.98
0	343.47	1581.66	736.53
0	347.92	1589.08	732.08
0	352.36	1596.49	727.64
0	356.81	1603.9	723.19
0	358.3	1608.35	721.7
0	359.78	1612.8	720.22
0	361.26	1617.25	718.74
0	362.75	1621.7	717.25
0	364.23	1626.15	715.77
0	365.71	1630.6	714.29
0	367.19	1635.05	712.81
0	368.68	1639.5	711.32
0	370.41	1633.2	709.59
0	372.14	1626.9	707.86
0	373.87	1620.6	706.13
0	375.6	1614.3	704.4
0	377.33	1608	702.67
0	379.06	1601.7	700.94
0	380.79	1595.4	699.21
0	382.52	1589.1	697.48
0	382.52	1577.36	697.48
0	382.52	1565.63	697.48
0	382.52	1553.89	697.48
0	382.52	1542.15	697.48
0	382.52	1530.41	697.48
0	382.52	1518.68	697.48
0	382.52	1506.94	697.48
0	382.52	1495.2	697.48
0	383.51	1490.9	696.49
0	384.5	1486.6	695.5
0	385.48	1482.3	694.52
0	386.47	1481.9	693.53
0	387.46	1482.01	692.54
0	388.45	1482.12	691.55
0	389.44	1482.24	690.56
0	390.43	1482.35	689.57
0	391.41	1483.34	688.59
0	392.4	1484.34	687.6
0	393.39	1485.33	686.61
0	394.38	1486.32	685.62
0	395.37	1487.32	684.63
0	396.36	1488.31	683.64
0	397.35	1489.31	682.65
0	398.34	1490.3	681.66
0	398.83	1488.57	681.17
0	399.33	1486.84	680.67
0	399.82	1485.11	680.18
0	400.31	1483.38	679.69
0	400.81	1481.65	679.19
0	401.3	1479.92	678.7
0	401.8	1478.19	678.2
0	402.29	1476.46	677.71
0	402.79	1474.61	677.21
0	403.28	1472.75	676.72
0	403.77	1470.9	676.23
0	404.27	1469.05	675.73
0	404.76	1467.19	675.24
0	405.26	1465.34	674.74
0	405.75	1463.49	674.25
0	406.25	1461.63	673.75
0	406.25	1459.53	673.75
0	406.25	1457.43	673.75
0	406.25	1455.33	673.75
0	406.25	1453.23	673.75
0	406.25	1451.13	673.75
0	406.25	1449.03	673.75
0	406.25	1446.93	673.75
0	406.25	1444.83	673.75
0	406.25	1444.09	673.75
0	406.25	1443.34	673.75
0	406.25	1442.6	673.75
0	406.25	1441.86	673.75
0	406.25	1441.12	673.75
0	406.25	1440.38	673.75
0	406.25	1439.64	673.75
0	406.25	1438.9	673.75
0	405.69	1438.09	674.31
0	405.14	1437.29	674.86
0	404.58	1436.49	675.42
0	404.02	1435.68	675.98
0	402.97	1436.2	677.03
0	401.92	1436.71	678.08
0	400.87	1437.23	679.13
0	399.82	1437.74	680.18
0	398.03	1438.26	681.97
0	396.24	1438.77	683.76
0	394.45	1439.29	685.55
0	392.66	1439.8	687.34
0	390.86	1440.32	689.14
0	389.07	1440.83	690.93
0	387.28	1441.35	692.72
0	385.49	1441.86	694.51
0	383.88	1443.22	696.12
0	382.28	1444.58	697.72
0	380.67	1445.94	699.33
0	379.06	1447.3	700.94
0	377.46	1448.66	702.54
0	375.85	1450.02	704.15
0	374.24	1451.38	705.76
0	372.64	1452.74	707.36
0	371.4	1455.33	708.6
0	370.17	1457.93	709.83
0	368.93	1460.52	711.07
0	367.7	1463.12	712.3
0	366.46	1465.71	713.54
0	365.23	1468.31	714.77
0	363.99	1470.9	716.01
0	362.75	1473.5	717.25
0	360.78	1475.6	719.22
0	358.8	1477.7	721.2
0	356.82	1479.8	723.18
0	354.84	1481.9	725.16
0	352.87	1484	727.13
0	350.89	1486.1	729.11
0	348.91	1488.2	731.09
0	346.94	1490.3	733.06
0	343.97	1491.05	736.03
0	341	1491.79	739
0	338.04	1492.53	741.96
0	335.07	1493.27	744.93
0	332.11	1494.01	747.89
0	329.14	1494.75	750.86
0	326.18	1495.49	753.82
0	323.21	1496.24	756.79
0	322.47	1494.38	757.53
0	321.73	1492.53	758.27
0	320.99	1490.67	759.01
0	320.25	1488.82	759.75
0	319.5	1486.97	760.5
0	318.76	1485.11	761.24
0	318.02	1483.26	761.98
0	317.28	1481.41	762.72
0	317.53	1479.92	762.47
0	317.77	1478.44	762.23
0	318.02	1476.96	761.98
0	318.27	1475.47	761.73
0	318.51	1473.99	761.49
0	318.76	1472.51	761.24
0	319.01	1471.03	760.99
0	319.26	1469.54	760.74
0	319.26	1470.41	760.74
0	319.26	1471.27	760.74
0	319.26	1472.14	760.74
0	319.26	1473	760.74
0	319.26	1473.87	760.74
0	319.26	1474.73	760.74
0	319.26	1475.6	760.74
0	319.26	1476.46	760.74
0	317.65	1477.2	762.35
0	316.04	1477.95	763.96
0	314.44	1478.69	765.56
0	312.83	1479.43	767.17
0	311.22	1480.17	768.78
0	309.62	1480.91	770.38
0	308.01	1481.65	771.99
0	306.4	1482.39	773.6
0	308.32	1482.64	771.68
0	310.23	1482.89	769.77
0	312.15	1483.14	767.85
0	314.06	1483.38	765.94
0	315.97	1483.63	764.03
0	317.89	1483.88	762.11
0	319.8	1484.12	760.2
0	318.27	1484.37	761.73
0	322.23	1484.37	757.77
0	326.2	1484.37	753.8
0	328.17	1484.37	751.83
0	330.13	1484.37	749.87
0	332.1	1484.37	747.9
0	334.07	1484.37	745.93
0	336.03	1484.37	743.97
0	338	1484.37	742
0	339.61	1491.41	740.39
0	341.21	1498.45	738.79
0	342.82	1505.49	737.18
0	344.42	1512.54	735.58
0	346.03	1519.58	733.97
0	347.64	1526.62	732.36
0	349.24	1533.66	730.76
0	350.85	1540.7	729.15
0	349	1543.25	731
0	347.14	1545.8	732.86
0	345.29	1548.35	734.71
0	343.44	1550.9	736.56
0	341.58	1553.45	738.42
0	339.73	1556	740.27
0	337.88	1549.3	742.12
0	336.02	1566.4	743.98
0	331.2	1615.45	748.8
0	326.38	1664.5	753.62
0	321.57	1683.9	758.43
0	316.75	1703.3	763.25
0	311.93	1712.3	768.07
0	307.11	1708.5	772.89
0	302.29	1686.4	777.71
0	297.47	1632.6	782.53
0	293.88	1600.8	786.12
0	290.3	1535.8	789.7
0	286.72	1454.4	793.28
0	283.14	1450.2	796.86
0	282.52	1449.1	797.48
0	281.9	1448	798.1
0	281.28	1446.9	798.72
0	280.66	1445.8	799.34
0	280.91	1444.19	799.09
0	281.16	1442.59	798.84
0	281.41	1440.98	798.59
0	281.65	1439.37	798.35
0	281.9	1437.77	798.1
0	282.15	1436.16	797.85
0	282.4	1434.55	797.6
0	282.64	1432.95	797.36
0	283.88	1428.87	796.12
0	285.45	1426.11	794.55
0	282.56	1423.35	797.44
0	279.68	1420.59	800.32
0	275.97	1417.5	804.03
0	272.26	1414.41	807.74
0	268.56	1411.32	811.44
0	264.85	1408.23	815.15
0	262.63	1407.24	817.37
0	260.4	1406.25	819.6
0	258.18	1405.26	821.82
0	255.96	1404.27	824.04
0	253.73	1403.28	826.27
0	251.51	1402.28	828.49
0	249.28	1401.29	830.72
0	247.06	1400.3	832.94
0	246.32	1399.44	833.68
0	245.58	1398.57	834.42
0	244.84	1397.71	835.16
0	244.1	1396.84	835.9
0	243.35	1395.98	836.65
0	242.61	1395.11	837.39
0	241.87	1394.25	838.13
0	241.13	1393.38	838.87
0	241.63	1392.64	838.37
0	242.12	1391.9	837.88
0	242.61	1391.16	837.39
0	243.11	1390.41	836.89
0	243.6	1389.67	836.4
0	244.1	1388.93	835.9
0	244.59	1388.19	835.41
0	245.09	1387.45	834.91
0	246.69	1386.83	833.31
0	248.3	1386.21	831.7
0	249.91	1385.59	830.09
0	251.51	1384.98	828.49
0	253.12	1384.36	826.88
0	254.72	1383.74	825.28
0	256.33	1383.12	823.67
0	257.94	1382.51	822.06
0	260.16	1381.74	819.84
0	262.39	1380.97	817.61
0	264.61	1380.2	815.39
0	266.83	1380.46	813.17
0	269.06	1380.73	810.94
0	271.28	1380.99	808.72
0	273.51	1381.25	806.49
0	275.73	1381.52	804.27
0	280.18	1383.86	799.82
0	284.63	1386.21	795.37
0	289.08	1388.55	790.92
0	293.53	1390.9	786.47
0	299.46	1393.25	780.54
0	305.39	1395.6	774.61
0	311.32	1397.95	768.68
0	317.25	1400.3	762.75
0	323.51	1403.14	756.49
0	329.77	1405.99	750.23
0	336.03	1408.83	743.97
0	342.28	1411.67	737.72
0	348.54	1414.51	731.46
0	354.8	1417.36	725.2
0	359.75	1420.2	720.25
0	364.7	1423.04	715.3
0	368.04	1425.76	711.96
0	371.37	1428.48	708.63
0	374.71	1431.2	705.29
0	378.05	1433.92	701.95
0	381.38	1436.64	698.62
0	384.72	1439.35	695.28
0	388.06	1442.07	691.94
0	391.39	1444.79	688.61
0	396.34	1447.26	683.66
0	401.28	1449.74	678.72
0	406.22	1452.21	673.78
0	411.17	1454.68	668.83
0	416.11	1457.15	663.89
0	421.05	1459.62	658.95
0	425.99	1462.09	654.01
0	430.94	1464.56	649.06
0	435.26	1466.05	644.74
0	439.58	1467.53	640.42
0	443.9	1469.01	636.1
0	446.65	1470.5	633.35
0	449.39	1471.98	630.61
0	452.14	1473.46	627.86
0	454.88	1474.95	625.12
0	457.62	1476.43	622.38
0	460.84	1476.06	619.16
0	464.05	1475.69	615.95
0	467.26	1475.32	612.74
0	470.47	1474.95	609.53
0	472.2	1474.57	607.8
0	473.93	1474.2	606.07
0	475.66	1473.83	604.34
0	477.39	1473.46	602.61
0	478.88	1472.47	601.12
0	480.36	1471.49	599.64
0	481.84	1470.5	598.16
0	483.33	1469.51	596.67
0	484.81	1468.52	595.19
0	486.29	1467.53	593.71
0	487.77	1466.54	592.23
0	489.26	1465.55	590.74
0	490.35	1463.33	589.65
0	491.43	1461.11	588.57
0	492.52	1458.88	587.48
0	493.61	1456.66	586.39
0	494.7	1454.43	585.3
0	494.2	1452.21	585.8
0	493.71	1449.99	586.29
0	493.21	1447.76	586.79
0	492.72	1442.32	587.28
0	492.23	1436.89	587.77
0	491.73	1431.45	588.27
0	491.24	1426.01	588.76
0	488.77	1423.54	591.23
0	486.29	1421.07	593.71
0	483.82	1418.6	596.18
0	481.35	1416.13	598.65
0	480.98	1411.67	598.77
0	480.61	1407.21	598.9
0	480.24	1402.76	599.02
0	479.87	1398.3	599.14
0	479.99	1392.87	599.27
0	480.12	1387.44	599.39
0	480.24	1382.01	599.51
0	480.36	1376.59	599.64
0	478.76	1374.74	601.24
0	477.15	1372.89	602.85
0	475.54	1371.05	604.46
0	473.94	1369.2	606.06
0	472.33	1367.35	607.67
0	470.73	1365.5	609.27
0	469.12	1366.59	610.88
0	467.51	1367.69	612.49
0	463.93	1366.95	616.07
0	460.35	1366.21	619.65
0	456.76	1365.46	623.24
0	453.18	1364.72	626.82
0	449.6	1363.98	630.4
0	446.01	1363.24	633.99
0	442.43	1362.5	637.57
0	438.85	1361.76	641.15
0	436.99	1362	643.01
0	435.14	1362.25	644.86
0	433.29	1362.5	646.71
0	431.43	1362.75	648.57
0	429.58	1362.99	650.42
0	427.73	1363.24	652.27
0	425.87	1363.49	654.13
0	424.02	1363.74	655.98
0	422.91	1364.85	657.09
0	421.8	1365.96	658.2
0	420.68	1367.08	659.32
0	419.57	1368.19	660.43
0	418.46	1369.3	661.54
0	417.35	1370.41	662.65
0	416.24	1371.53	663.76
0	415.12	1372.64	664.88
0	415.25	1372.64	664.75
0	415.37	1372.64	664.63
0	415.5	1372.64	664.5
0	415.62	1372.64	664.38
0	415.74	1372.64	664.26
0	415.87	1372.64	664.13
0	415.99	1372.64	664.01
0	416.12	1372.64	663.88
0	416.61	1370.66	663.39
0	417.1	1368.68	662.9
0	417.6	1366.71	662.4
0	418.09	1364.73	661.91
0	418.59	1362.75	661.41
0	419.08	1360.78	660.92
0	419.58	1358.8	660.42
0	420.07	1356.82	659.93
0	418.46	1355.71	661.54
0	416.86	1354.6	663.14
0	415.25	1353.49	664.75
0	413.65	1352.37	666.35
0	412.04	1351.26	667.96
0	410.43	1350.15	669.57
0	408.83	1349.04	671.17
0	407.22	1347.93	672.78
0	406.36	1347.93	673.64
0	405.49	1347.93	674.51
0	404.63	1347.93	675.37
0	403.76	1347.93	676.24
0	402.9	1347.93	677.1
0	402.03	1347.93	677.97
0	401.17	1347.93	678.83
0	400.3	1347.93	679.7
0	398.45	1346.44	681.55
0	396.59	1344.96	683.41
0	394.74	1343.48	685.26
0	392.89	1341.99	687.11
0	391.03	1340.51	688.97
0	389.18	1339.03	690.82
0	387.33	1337.54	692.67
0	385.47	1336.06	694.53
0	381.4	1335.2	698.6
0	377.32	1334.33	702.68
0	373.24	1333.47	706.76
0	369.16	1332.6	710.84
0	365.08	1331.74	714.92
0	361.01	1330.87	718.99
0	356.93	1330.01	723.07
0	352.85	1329.14	727.15
0	349.64	1330.01	730.36
0	346.43	1330.87	733.57
0	343.21	1331.74	736.79
0	340	1332.6	740
0	338.77	1338.9	741.23
0	337.53	1345.2	742.47
0	336.29	1351.5	743.71
0	335.06	1357.8	744.94
0	333.45	1362.29	746.55
0	331.84	1366.77	748.16
0	330.24	1371.26	749.76
0	328.63	1375.74	751.37
0	327.02	1380.23	752.98
0	325.41	1384.71	754.59
0	323.81	1389.2	756.19
0	322.2	1399.32	757.8
0	322.2	1400.44	757.8
0	322.2	1401.56	757.8
0	322.2	1402.68	757.8
0	322.2	1403.8	757.8
0	323.68	1403.43	756.32
0	325.17	1403.05	754.83
0	326.65	1402.68	753.35
0	328.13	1402.3	751.87
0	328.63	1402.55	751.37
0	329.12	1402.79	750.88
0	329.62	1403.04	750.38
0	330.11	1403.28	749.89
0	330.6	1406.99	749.4
0	331.1	1410.69	748.9
0	331.59	1414.4	748.41
0	332.09	1418.1	747.91
0	331.22	1421.81	748.78
0	330.36	1425.52	749.64
0	329.49	1429.22	750.51
0	328.63	1432.93	751.37
0	325.79	1440.1	754.21
0	322.94	1447.27	757.06
0	320.1	1454.43	759.9
0	317.26	1461.6	762.74
0	314.42	1467.05	764.59
0	311.57	1472.5	766.45
0	308.73	1477.95	768.3
0	305.89	1483.4	770.15
0	305.03	1491.8	772
0	304.16	1500.2	773.86
0	303.3	1508.6	775.71
0	302.43	1517	777.57
0	303.54	1525.15	776.46
0	304.66	1533.3	775.34
0	305.77	1541.45	774.23
0	306.88	1549.6	773.12
0	307.99	1554.3	772.01
0	309.1	1559	770.9
0	310.22	1563.7	769.78
0	311.33	1568.4	768.67
0	312.44	1571	767.56
0	313.55	1573.6	766.45
0	314.67	1576.2	765.33
0	315.78	1578.8	764.22
0	316.89	1578.93	763.11
0	318	1579.05	762
0	319.11	1579.18	760.89
0	320.23	1579.3	759.77
0	320.23	1578.45	759.77
0	320.23	1577.6	759.77
0	320.23	1576.75	759.77
0	320.23	1575.9	759.77
0	320.23	1573.05	759.77
0	320.23	1570.2	759.77
0	320.23	1567.35	759.77
0	320.23	1564.5	759.77
0	322.45	1563.5	757.55
0	324.68	1562.5	755.32
0	326.9	1556.9	753.1
0	329.12	1551.3	750.88
0	331.35	1545.7	748.65
0	333.57	1540.1	746.43
0	335.8	1534.5	744.2
0	338.02	1528.9	741.98
0	339.26	1516.2	740.74
0	340.49	1503.5	739.51
0	341.73	1500.6	738.27
0	342.97	1487.9	737.03
0	341.73	1471.7	738.27
0	340.49	1468	739.51
0	339.26	1455.45	740.74
0	338.02	1442.9	741.98
0	338.02	1440.1	741.98
0	338.02	1430.1	741.98
0	338.02	1420.1	741.98
0	338.02	1415.2	741.98
0	338.02	1404.55	741.98
0	338.02	1393.9	741.98
0	338.02	1387.25	741.98
0	338.02	1380.6	741.98
0	339.88	1364	740.12
0	341.73	1355.37	738.27
0	343.58	1346.73	736.42
0	345.44	1338.1	734.56
0	347.54	1337.35	732.46
0	349.64	1336.6	730.36
0	351.74	1335.85	728.26
0	353.84	1335.1	726.16
0	356.19	1331.65	723.81
0	358.53	1328.2	721.47
0	360.88	1324.75	719.12
0	363.23	1321.3	716.77
0	365.58	1312.9	714.42
0	367.93	1304.5	712.07
0	370.27	1295.1	709.73
0	372.62	1285.7	707.38
0	373.36	1276.9	706.64
0	374.11	1268.1	705.89
0	374.85	1259.3	705.15
0	375.59	1253.12	704.41
0	376.33	1246.94	703.67
0	377.07	1240.76	702.93
0	377.81	1234.58	702.19
0	378.55	1228.4	701.45
0	382.4	1223.83	697.6
0	382.84	1219.25	697.16
0	383.28	1214.68	696.72
0	383.72	1210.1	696.28
0	384.16	1205.53	695.84
0	384.59	1200.95	695.41
0	385.03	1196.38	694.97
0	385.47	1191.8	694.53
0	385.97	1189.94	694.03
0	386.46	1188.08	693.54
0	386.96	1186.22	693.04
0	387.45	1184.36	692.55
0	386.96	1183	693.04
0	386.46	1181.63	693.54
0	385.97	1180.27	694.03
0	385.47	1178.9	694.53
0	384.98	1179.03	695.02
0	384.49	1179.15	695.51
0	383.99	1179.28	696.01
0	383.5	1179.4	696.5
0	383	1180.03	697
0	382.51	1180.65	697.49
0	382.02	1181.28	697.98
0	381.52	1181.9	698.48
0	379.42	1183.04	700.58
0	377.32	1184.18	702.68
0	375.22	1185.32	704.78
0	373.12	1186.46	706.88
0	371.02	1187.6	708.98
0	368.92	1190.3	711.08
0	366.82	1193	713.18
0	364.72	1195.7	715.28
0	361.75	1196.95	718.25
0	358.79	1198.2	721.21
0	355.82	1199.45	724.18
0	352.85	1200.7	727.15
0	349.89	1200.45	730.11
0	346.92	1200.2	733.08
0	343.96	1199.95	736.04
0	340.99	1199.7	739.01
0	341.86	1198.95	738.14
0	342.72	1198.2	737.28
0	343.59	1197.45	736.41
0	344.45	1196.7	735.55
0	345.32	1196.45	734.68
0	346.18	1196.2	733.82
0	347.05	1200.9	732.95
0	347.91	1205.6	732.09
0	347.54	1212.15	732.46
0	347.17	1218.7	732.83
0	346.8	1225.25	733.2
0	346.43	1231.8	733.57
0	346.06	1238.1	733.94
0	345.69	1244.4	719.96
0	345.32	1250.7	705.98
0	344.95	1257	702.45
0	343.83	1264.9	688.02
0	342.72	1272.8	673.58
0	341.61	1277.7	667.69
0	340.5	1284.23	657.37
0	339.39	1290.77	647.04
0	338.27	1297.3	636.73
0	337.16	1305.8	625.59
0	336.05	1314.3	614.45
0	336.42	1322.43	603.81
0	336.79	1330.57	593.18
0	337.16	1338.7	582.54
0	337.53	1346.33	574.77
0	337.9	1353.97	567
0	338.27	1361.6	559.23
0	338.64	1365.15	552.26
0	339.01	1368.7	545.29
0	341.24	1378.1	533.96
0	343.46	1383.53	525.89
0	345.69	1388.97	517.81
0	347.91	1394.4	511.69
0	350.13	1399.35	506.77
0	352.36	1404.3	502.74
0	354.58	1411.2	499.32
0	356.81	1418.1	495.79
0	358.66	1425.28	492.94
0	360.51	1432.45	490.09
0	362.37	1439.63	488.23
0	364.22	1446.8	484.38
0	364.1	1454.45	486
0	363.97	1462.1	487.63
0	363.85	1469.75	489.25
0	363.73	1477.4	488.87
0	365.09	1482.1	488.99
0	366.45	1486.8	489.1
0	367.8	1491.5	489.23
0	369.16	1496.2	489.34
0	370.52	1497.43	490.96
0	371.88	1498.65	492.57
0	373.24	1499.88	494.19
0	374.6	1501.1	495.8
0	377.94	1496.65	499.46
0	379.02	1498.1	503.48
0	380.09	1493.15	503.51
0	381.17	1488.2	503.53
0	382.25	1485.5	503.05
0	380.37	1478.83	500.3
0	378.5	1472.17	497.53
0	377.6	1465.5	493.8
0	379.94	1454.62	486.76
0	382.28	1443.75	479.72
0	384.62	1432.88	472.68
0	386.96	1422	465.64
0	387.33	1406.7	467.97
0	387.7	1391.4	470.3
0	388.07	1376.1	472.73
0	388.44	1348.9	475.06
0	387.7	1341.4	483.1
0	386.96	1317.7	493.14
0	386.22	1294	503.18
0	385.48	1283.6	507.22
0	384.73	1265.8	524.17
0	383.99	1269.1	537.14
0	383.25	1272.4	550.12
0	382.51	1275.7	563.09
0	381.89	1281.6	592.41
0	381.28	1287.5	601.22
0	380.66	1293.5	618.94
0	380.04	1299.4	660.46
0	379.42	1302.38	673.91
0	378.81	1305.35	687.36
0	378.19	1308.33	700.81
0	377.57	1311.3	702.43
0	377.2	1312.9	702.8
0	376.83	1314.5	703.17
0	376.46	1316.1	703.54
0	376.09	1317.7	703.91
0	375.72	1319.3	704.28
0	375.34	1320.9	704.66
0	374.97	1322.5	705.03
0	374.6	1324.1	705.4
0	375.22	1325.59	704.78
0	375.84	1327.08	704.16
0	376.46	1328.56	698.59
0	377.08	1330.05	693.02
0	377.69	1331.54	683.76
0	378.31	1333.03	674.49
0	378.93	1334.51	669.17
0	379.55	1336	663.85
0	382.64	1347.4	653.48
0	385.73	1354.8	643.11
0	388.81	1362.2	632.75
0	391.9	1369.6	622.38
0	394	1378	617.2
0	396.1	1386.4	602.6
0	398.21	1394.8	587.99
0	400.31	1403.2	577.89
0	400.68	1412.23	563.07
0	401.05	1421.25	548.25
0	401.42	1430.28	533.43
0	401.79	1439.3	518.61
0	402.16	1456.7	499.84
0	402.53	1461.3	492.27
0	402.9	1478.2	486.15
0	403.27	1495.1	480.03
0	402.16	1505.2	481.04
0	401.05	1522.6	478.55
0	399.94	1540	476.06
0	398.82	1551.5	478.98
0	397.71	1571.5	481.49
0	396.6	1591.5	484
3.5	395.49	1597.1	482.51
8.9	394.38	1606.8	488.92
12.24	391.91	1620.76	498.09
15.57	389.43	1630.73	504.27
18.91	386.96	1640.79	510.94
22.24	384.49	1662.66	513.71
25.58	382.02	1673.82	524.81
28.91	379.55	1684.99	535.92
32.25	377.08	1696.15	547.02
35.59	374.6	1696.71	558.1
39.54	370.77	1706.21	571.43
43.5	366.94	1715.7	584.76
47.45	363.11	1716.35	596.14
51.4	359.28	1717	607.52
55.36	355.45	1716.14	617.9
59.31	351.62	1715.29	628.28
63.26	347.79	1708.49	638.66
67.22	343.96	1701.68	649.04
70.56	338.89	1693.77	656.21
73.89	333.82	1685.86	663.38
77.23	328.76	1677.95	670.54
80.57	323.69	1670.03	677.71
83.9	318.63	1660.15	686.85
87.24	313.56	1650.26	695.99
90.57	308.49	1640.38	705.14
93.91	303.43	1630.49	714.27
94.78	298.86	1618.37	724.89
95.64	294.28	1606.26	735.52
96.51	289.71	1593.19	746.14
101.3	285.14	1556.4	756.76
101.18	282.05	1549.72	762.95
101.06	278.96	1519.99	773.09
100.95	275.87	1490.25	783.23
100.83	272.78	1478.27	793.32
102.81	271.42	1447.89	800.18
100.83	267.43	1432.37	812.57
98.86	263.43	1436.04	816.57
96.88	259.44	1439.72	820.56
100.83	256.1	1438.47	823.9
98.2	252.77	1441.2	827.23
95.56	249.43	1443.94	830.57
92.92	246.09	1446.68	833.91
89.46	245.35	1450.89	834.65
85.99	240.65	1455.11	839.35
82.53	235.95	1459.32	844.05
79.06	231.25	1463.54	848.75
75.6	227.54	1466.25	852.46
72.13	223.82	1468.97	856.18
68.67	220.11	1471.68	859.89
65.2	216.4	1474.4	863.6
60.63	212.32	1478.47	867.68
56.06	208.24	1482.54	871.76
51.48	204.17	1486.62	875.83
46.91	200.09	1490.69	879.91
42.34	196.01	1494.76	883.99
37.77	191.93	1498.83	888.07
33.2	187.86	1502.9	892.14
28.62	183.78	1506.98	896.22
29.01	180.94	1508.44	899.06
29.4	178.1	1509.9	901.9
27.79	175.25	1513.36	904.75
26.18	172.41	1516.82	907.59
24.56	169.57	1520.29	910.43
22.95	166.73	1523.75	913.27
21.34	163.89	1527.21	916.11
19.73	161.04	1530.67	918.96
17.26	158.33	1534.99	921.67
14.8	155.61	1539.3	924.39
12.33	152.89	1543.62	927.11
9.86	150.17	1547.94	929.83
7.4	149.92	1552.25	930.08
4.93	149.68	1556.57	930.32
2.47	149.43	1560.88	930.57
0	149.18	1565.2	930.82
0.62	151.41	1568.17	928.59
1.24	153.63	1571.14	926.37
1.85	155.85	1574.11	924.15
2.47	158.08	1577.08	921.92
3.09	160.3	1580.05	919.7
3.71	162.53	1583.02	917.47
4.32	164.75	1585.99	915.25
4.94	166.98	1588.96	913.02
7.54	170.68	1589.34	909.32
10.13	174.39	1589.72	905.61
12.73	178.1	1590.1	901.9
15.32	181.81	1590.48	898.19
17.92	185.51	1587.38	894.49
20.51	189.22	1584.29	890.78
23.11	192.93	1581.19	887.07
25.7	196.63	1578.1	883.37
28.3	198.86	1578.1	881.14
30.89	201.08	1578.1	878.92
33.49	203.31	1578.1	876.69
36.08	205.53	1578.1	874.47
38.68	206.27	1578.1	873.73
41.27	207.02	1578.1	872.98
43.87	207.76	1578.1	872.24
46.46	208.5	1578.1	871.5
49.17	206.52	1578.48	873.48
51.88	204.54	1578.87	875.46
54.59	202.57	1579.25	877.43
57.3	200.59	1579.63	879.41
58.54	198.62	1583.98	881.38
59.79	196.64	1588.31	883.36
61.03	194.66	1587.67	885.34
62.28	192.69	1587.02	887.31
62.9	189.22	1595.3	890.78
63.52	185.77	1595.98	894.23
64.13	182.31	1586.32	897.69
64.75	178.85	1576.65	901.15
65.37	172.92	1613.13	907.08
65.99	166.98	1613.98	913.02
66.61	161.05	1614.82	918.95
67.22	155.12	1615.68	924.88
65.49	153.27	1616.8	926.73
64.89	145.55	1619.9	934.45
64.29	137.84	1623.01	942.16
63.69	133.58	1623.33	946.42
63.09	129.33	1623.65	950.67
62.49	125.08	1623.97	954.92
61.89	120.82	1624.29	959.18
61.29	116.57	1624.61	963.43
59.44	112	1626.59	968
57.59	107.42	1628.56	972.58
55.74	102.85	1630.54	977.15
53.88	98.28	1632.52	981.72
56	97.17	1629.52	982.83
52.82	96.06	1631.83	983.94
49.64	94.94	1634.13	985.06
46.47	93.83	1636.43	986.17
43.87	95.19	1636.68	984.81
41.28	96.55	1636.92	983.45
38.68	97.91	1637.17	982.09
36.09	99.27	1637.41	980.73
33.49	103.1	1639.63	976.9
30.9	106.93	1641.85	973.07
28.3	110.76	1644.08	969.24
25.71	114.59	1646.29	965.41
23.98	114.72	1646.07	965.28
22.25	114.84	1645.85	965.16
17.55	112.99	1648.55	967.01
12.86	111.13	1651.24	968.87
6.43	110.27	1654.22	969.73
0	109.4	1657.2	970.6
0	108.54	1653.75	971.46
0	107.67	1650.3	972.33
0	106.31	1645.6	973.69
0	104.95	1640.9	975.05
0	103.6	1636.2	976.4
0	102.24	1631.5	977.76
0	102.36	1626.8	977.64
0	102.48	1622.1	977.52
0	102.61	1617.4	977.39
0	102.73	1612.7	977.27
0	102.73	1609.36	977.27
0	102.73	1606.02	977.27
0	102.73	1602.69	977.27
0	102.73	1599.35	977.27
0	100.26	1596.01	979.74
0	97.79	1592.67	982.21
0	95.32	1589.34	984.68
0	92.85	1586	987.15
0	90.01	1583.77	989.99
0	87.16	1581.55	992.84
0	84.32	1579.32	995.68
0	81.48	1577.1	998.52
0	81.6	1574.88	998.4
0	81.73	1572.65	998.27
0	81.85	1570.43	998.15
0	81.97	1568.2	998.03
0	86.05	1563.88	993.95
0	90.13	1559.55	989.87
0	94.21	1555.23	985.79
0	98.29	1550.9	981.71
0	102.36	1546.58	977.64
0	106.44	1542.25	973.56
0	110.52	1537.93	969.48
0	114.6	1533.6	965.4
0	119.05	1530.63	960.95
0	128.77	1526.68	951.23
0	128.61	1524.21	951.39
0	128.44	1521.74	951.56
0	127.94	1520.25	952.06
0	127.45	1518.77	952.55
0	126.95	1517.28	953.05
0	126.46	1515.8	953.54
0	127.2	1514.56	952.8
0	127.94	1513.33	952.06
0	128.69	1512.09	951.31
0	129.43	1510.85	950.57
0	131.65	1509.61	948.35
0	133.88	1508.38	946.12
0	136.1	1507.14	943.9
0	138.32	1505.9	941.68
0	140.55	1503.3	939.45
0	142.77	1500.7	937.23
0	145	1498.1	935
0	147.22	1495.5	932.78
0	149.44	1492.9	930.56
0	151.67	1490.3	928.33
0	153.89	1487.7	926.11
0	156.12	1485.1	923.88
0	156.98	1480.5	923.02
0	157.85	1475.9	922.15
0	158.71	1473.97	921.29
0	159.58	1472.03	920.42
0	160.44	1470.1	919.56
0	161.31	1468.17	918.69
0	162.17	1466.23	917.83
0	163.04	1464.3	916.96
0	164.77	1464.4	915.23
0	166.5	1460.6	913.5
0	168.22	1456.1	911.78
0	169.96	1453.8	910.04
0	171.69	1443.8	908.31
0	173.42	1432.5	906.58
0	175.15	1421.2	904.85
0	176.88	1409.9	903.12
0	180.21	1403.48	899.79
0	183.55	1397.05	896.45
0	186.89	1390.63	893.11
0	190.22	1384.2	889.78
0	193.56	1382.2	886.44
0	196.9	1375.3	883.1
0	200.23	1427.2	879.77
0	203.57	1423.7	876.43
0	205.55	1422.46	874.45
0	207.52	1421.23	872.48
0	209.5	1419.99	870.5
0	211.48	1418.75	868.52
0	213.45	1417.51	866.55
0	215.43	1416.28	864.57
0	217.41	1415.04	862.59
0	219.39	1413.8	860.61
0	221.61	1412.08	858.39
0	223.83	1410.35	856.17
0	226.06	1408.63	853.94
0	228.28	1406.9	851.72
0	230.51	1404.18	849.49
0	232.73	1401.45	847.27
0	234.96	1398.73	845.04
0	237.18	1396	842.82
0	240.89	1393.65	839.11
0	244.6	1391.3	835.4
0	248.3	1388.96	831.7
0	252.01	1386.61	827.99
0	255.72	1384.26	824.28
0	259.43	1381.91	820.57
0	263.13	1379.56	816.87
0	266.84	1377.22	813.16
0	270.79	1377.09	809.21
0	274.75	1376.96	805.25
0	278.7	1376.84	801.3
0	282.66	1376.71	797.34
0	286.61	1376.58	793.39
0	290.57	1376.45	789.43
0	294.52	1376.33	785.48
0	298.48	1376.2	781.52
0	300.21	1376.45	779.79
0	301.94	1376.7	778.06
0	303.67	1376.95	776.33
0	305.4	1377.2	774.6
0	307.13	1379.43	772.87
0	308.86	1381.65	771.14
0	310.59	1383.88	769.41
0	312.32	1386.1	767.68
0	315.78	1390.68	764.22
0	319.24	1395.25	760.76
0	322.7	1399.83	757.3
0	327.74	1407.4	752.26
0	332.78	1412.2	747.22
0	337.82	1417	742.18
0	342.86	1421.8	737.14
0	347.91	1422.7	732.09
0	349.76	1428	730.24
0	351.62	1433.3	728.38
0	352.87	1435.32	727.13
0	354.13	1437.33	725.87
0	355.39	1439.35	724.61
0	356.64	1441.37	723.36
0	357.9	1443.38	722.1
0	362.74	1445.4	717.26
0	361.9	1447.88	718.1
0	366.05	1450.35	713.95
0	370.2	1452.83	709.8
0	373.65	1455.3	706.35
0	377.1	1457.78	702.9
0	380.55	1460.25	699.45
0	384	1462.73	696
0	387.45	1465.2	692.55
0	389.3	1468.15	690.7
0	391.16	1471.1	688.84
0	393.01	1474.05	686.99
0	394.87	1477	685.13
0	396.72	1477.5	683.28
0	398.57	1478	681.43
0	400.43	1478.5	679.57
0	402.28	1479	677.72
0	402.28	1479.5	677.72
0	402.28	1480	677.72
0	402.28	1480.5	677.72
0	402.28	1481	677.72
0	402.28	1481.5	677.72
0	402.28	1482	677.72
0	402.28	1482.5	677.72
0	402.28	1483	677.72
0	403.64	1485.59	676.36
0	405	1488.18	675
0	406.36	1490.77	673.64
0	407.72	1493.36	672.28
0	407.6	1496.45	672.4
0	407.47	1499.53	672.53
0	407.35	1502.62	672.65
0	407.23	1505.7	672.77
0	405.25	1509.53	674.75
0	403.27	1513.35	676.73
0	401.3	1517.18	678.7
0	399.32	1521	680.68
0	396.35	1523.35	683.65
0	393.39	1525.7	686.61
0	390.42	1528.05	689.58
0	387.46	1530.4	692.54
0	383.75	1530.4	696.25
0	380.04	1530.4	699.96
0	376.34	1530.4	703.66
0	372.63	1530.4	707.37
0	368.92	1528.93	711.08
0	365.22	1527.45	714.78
0	361.51	1525.98	718.49
0	357.8	1524.5	722.2
0	355.58	1524.5	724.42
0	353.35	1524.5	726.65
0	351.13	1524.5	728.87
0	348.91	1524.5	731.09
0	346.68	1524.5	733.32
0	344.46	1524.5	735.54
0	342.23	1524.5	737.77
0	340.01	1524.5	739.99
0	338.41	1524	741.59
0	336.8	1523.5	743.2
0	335.2	1523	744.8
0	333.6	1522.5	746.4
0	332	1522	748
0	327.75	1521.5	752.25
0	323.5	1521	756.5
0	319.25	1520.5	760.75
0	317.27	1520.38	762.73
0	315.3	1520.25	764.7
0	313.32	1520.12	766.68
0	311.34	1520	768.66
0	311.84	1519.88	768.16
0	312.33	1519.75	767.67
0	312.82	1519.62	767.18
0	313.32	1519.5	766.68
0	312.5	1519.12	767.5
0	315.02	1518.75	764.98
0	317.54	1518.38	762.46
0	320.05	1518	759.95
0	322.57	1517.62	757.43
0	325.09	1517.25	754.91
0	327.61	1516.88	752.39
0	330.12	1516.5	749.88
0	332.47	1517	747.53
0	334.82	1517.5	745.18
0	337.17	1518	742.83
0	339.51	1518.5	740.49
0	341.86	1519	738.14
0	344.21	1519.5	735.79
0	346.56	1520	733.44
0	348.9	1520.5	731.1
0	351.87	1520.12	728.13
0	354.84	1519.75	725.16
0	357.8	1519.38	722.2
0	360.77	1519	719.23
0	363.73	1518.62	716.27
0	366.7	1518.25	713.3
0	369.67	1517.88	710.33
0	372.63	1517.5	707.37
0	374.86	1516.01	705.14
0	377.08	1514.53	702.92
0	379.31	1513.04	700.69
0	381.53	1511.55	698.47
0	382.27	1510.06	697.73
0	383.01	1508.58	696.99
0	383.75	1507.09	696.25
0	384.49	1505.6	695.51
0	383.14	1502.51	696.86
0	381.78	1499.43	698.22
0	380.42	1496.34	699.58
0	379.06	1493.25	700.94
0	377.7	1490.16	702.3
0	376.34	1487.08	703.66
0	374.98	1483.99	705.02
0	373.62	1480.9	706.38
0	372.63	1477.08	707.37
0	371.65	1473.25	708.35
0	370.66	1469.43	709.34
0	369.67	1465.6	710.33
0	367.2	1461.8	712.8
0	364.72	1457.3	715.28
0	362.26	1451.8	717.74
0	359.78	1430.5	720.22
0	357.68	1428.5	722.32
0	355.58	1438.4	724.42
0	353.48	1448.3	726.52
0	351.38	1458.2	728.62
0	347.3	1468.58	732.7
0	343.22	1484.9	736.78
0	339.15	1489.3	740.85
0	335.07	1499.7	721.23
0	330.5	1516.5	674.6
0	325.93	1523.4	667.57
0	321.35	1534.3	653.65
0	316.78	1555.1	653.52
0	313.69	1561	654.61
0	310.6	1579.15	659.65
0	307.51	1597.3	664.69
0	304.42	1606.5	669.78
0	301.58	1624.3	681.27
0	298.74	1642.1	692.76
0	295.9	1653.95	707.2
0	293.06	1665.8	721.64
0	291.7	1684.3	736.3
0	290.34	1691	746.06
0	288.98	1697.7	762.32
0	287.62	1704.3	780.48
0	287.13	1706.3	785.97
0	286.63	1707	793.37
0	286.14	1699.7	793.86
0	285.64	1696.4	794.36
0	283.17	1686.5	796.83
0	280.7	1667.7	799.3
0	278.23	1661.3	801.77
0	275.76	1643	804.24
0	274.03	1622.65	805.97
0	272.3	1602.3	807.7
0	270.57	1578	809.43
0	268.84	1537.8	811.16
0	268.1	1525.3	811.9
0	267.36	1490.1	812.64
0	266.61	1454.9	813.39
0	265.87	1440.4	814.13
0	264.63	1412.7	815.37
0	263.4	1412.71	816.6
0	262.16	1412.71	817.84
0	260.93	1412.72	819.07
0	262.16	1410.74	817.84
0	263.4	1408.76	816.6
0	264.63	1406.78	815.37
0	265.87	1404.8	814.13
0	266.61	1404.83	813.39
0	267.35	1404.87	812.65
0	268.1	1404.9	811.9
0	268.84	1405.48	811.16
0	269.58	1406.06	810.42
0	270.32	1406.64	809.68
0	271.06	1407.22	808.94
0	271.8	1407.8	808.2
0	274.52	1410.4	805.48
0	277.24	1413	802.76
0	279.96	1415.6	800.04
0	282.68	1418.2	797.32
0	283.92	1420.8	796.08
0	285.15	1423.4	794.85
0	286.39	1426	793.61
0	287.62	1428.6	792.38
0	288.12	1430.83	791.88
0	288.61	1433.05	791.39
0	289.1	1435.28	790.9
0	289.6	1437.5	790.4
0	290.09	1439.73	789.91
0	290.59	1441.95	789.41
0	291.08	1444.18	788.92
0	291.58	1446.4	788.42
0	291.58	1447.51	788.42
0	291.58	1448.63	788.42
0	291.58	1449.74	788.42
0	291.58	1450.85	788.42
0	291.58	1451.96	788.42
0	291.58	1453.08	788.42
0	291.58	1454.19	788.42
0	291.58	1455.3	788.42
0	292.32	1456.63	787.68
0	293.06	1457.97	786.94
0	293.8	1459.3	786.2
0	294.54	1451.4	785.46
0	295.29	1422.25	784.71
0	296.03	1393.1	783.97
0	296.77	1412.3	783.23
0	297.51	1421.7	782.49
0	298.87	1440.35	781.13
0	300.23	1459	779.77
0	301.59	1460.85	778.41
0	302.95	1462.7	777.05
0	303.32	1471	776.68
0	303.69	1479.3	776.31
0	304.06	1480.65	775.94
0	304.43	1482	775.57
0	303.81	1483.6	776.19
0	303.19	1485.2	776.81
0	302.58	1486.8	777.42
0	301.96	1488.4	778.04
0	299.86	1488.53	780.14
0	297.76	1488.65	782.24
0	295.66	1488.78	784.34
0	293.55	1488.9	786.45
0	292.2	1488.9	787.8
0	290.84	1488.9	789.16
0	289.48	1488.9	790.52
0	288.12	1488.9	791.88
0	286.76	1488.9	793.24
0	285.4	1488.9	794.6
0	284.04	1488.9	795.96
0	282.68	1488.9	797.32
0	282.68	1489.15	797.32
0	282.68	1489.4	797.32
0	282.68	1489.65	797.32
0	282.68	1489.9	797.32
0	282.68	1490.15	797.32
0	282.68	1490.4	797.32
0	282.68	1490.65	797.32
0	282.68	1490.9	797.32
0	284.41	1491.51	795.59
0	286.14	1492.13	793.86
0	287.87	1492.74	792.13
0	289.6	1493.35	790.4
0	291.33	1493.96	788.67
0	293.06	1494.58	786.94
0	294.79	1495.19	785.21
0	296.52	1495.8	783.48
0	293.8	1500.99	786.2
0	291.08	1506.18	788.92
0	288.36	1511.36	791.64
0	285.65	1516.55	794.35
0	282.93	1521.74	797.07
0	280.21	1526.93	799.79
0	277.49	1532.11	802.51
0	274.77	1537.3	805.23
0	274.15	1542.61	805.85
0	273.54	1547.93	806.46
0	272.92	1553.24	807.08
0	272.3	1558.55	807.7
0	271.68	1563.86	808.32
0	271.07	1569.18	808.93
0	270.45	1574.49	809.55
0	269.83	1579.8	810.17
0	270.68	1579.19	809.32
0	271.54	1578.58	808.46
0	272.39	1577.96	807.61
0	273.24	1577.35	806.76
0	274.09	1576.74	805.91
0	274.95	1576.13	805.05
0	275.8	1575.51	804.2
0	277.74	1574.9	802.26
0	278.73	1572.3	801.27
0	279.72	1569.7	800.28
0	280.71	1567.1	799.29
0	281.7	1564.5	798.3
0	282.68	1561.9	797.32
0	283.67	1559.3	796.33
0	284.66	1556.7	795.34
0	285.65	1554.1	794.35
0	286.64	1555.21	793.36
0	287.63	1556.33	792.37
0	288.62	1557.44	791.38
0	289.61	1558.55	790.39
0	290.59	1559.66	789.41
0	291.58	1560.78	788.42
0	292.57	1561.89	787.43
0	293.56	1563	786.44
0	295.78	1563.25	784.22
0	298.01	1563.5	781.99
0	300.23	1563.75	779.77
0	302.46	1564	777.54
0	304.68	1564.25	775.32
0	306.91	1564.5	773.09
0	309.13	1564.75	770.87
0	311.36	1565	768.64
0	315.2	1564.51	764.8
0	315.64	1564.01	764.36
0	316.08	1563.52	763.92
0	316.52	1563.02	763.48
0	316.96	1562.53	763.04
0	317.4	1562.03	762.6
0	317.84	1561.54	762.16
0	318.28	1561.04	761.72
1.48	320.01	1558.95	759.99
2.95	321.74	1556.86	758.26
4.43	323.47	1554.76	756.53
5.9	325.2	1552.67	754.8
10.6	328.41	1547.6	751.59
15.31	331.62	1542.53	748.38
20.01	334.83	1537.46	745.17
24.71	338.04	1532.39	741.96
27.81	341.38	1529.29	738.62
30.9	344.72	1526.2	735.28
38.3	348.05	1518.8	731.95
40.6	351.39	1516.5	728.61
42.9	354.73	1514.2	725.27
47.71	358.06	1509.39	721.94
52.52	361.4	1504.58	718.6
57.34	364.74	1499.76	715.26
61.8	368.44	1495.3	711.56
63.5	372.15	1493.6	707.85
65.2	375.86	1491.9	704.14
66.9	379.57	1490.2	700.43
67.48	381.61	1489.62	698.39
68.05	383.66	1489.05	696.34
68.62	385.7	1488.48	694.3
69.2	389.5	1487.9	690.5
72.04	393.07	1485.44	686.93
74.88	396.64	1482.97	683.36
77.73	400.22	1480.5	679.78
80.57	403.79	1478.03	676.21
83.41	408.37	1477.54	671.63
86.25	412.94	1477.05	667.06
89.1	417.52	1476.55	662.48
91.94	422.1	1476.06	657.9
92.43	426.67	1475.32	653.33
92.93	431.23	1474.57	648.77
93.42	435.8	1473.83	644.2
93.92	440.36	1473.08	639.64
94.41	445.68	1472.34	634.32
94.91	451	1471.59	629
95.4	452.35	1470.85	627.65
95.89	453.71	1470.11	626.29
96.75	454.08	1468.51	625.92
97.6	454.45	1466.93	625.55
95.5	454.82	1468.29	625.18
93.4	455.19	1469.65	624.81
91.3	455.56	1471.01	624.44
87.23	455.93	1474.34	624.07
83.16	456.3	1477.68	623.7
79.09	456.68	1481.01	623.32
71.94	455.69	1486.79	624.31
64.8	454.7	1492.55	625.3
63.05	453.71	1492.93	626.29
61.3	452.72	1493.3	627.28
58.33	451.74	1498.87	628.26
55.37	450.75	1504.43	629.25
52.4	449.76	1510	630.24
49.44	448.77	1515.56	631.23
46.59	448.4	1522.99	631.6
43.75	448.03	1530.4	631.97
40.91	447.66	1537.82	632.34
38.07	447.29	1545.23	632.71
35.23	446.92	1552.65	633.08
32.38	446.55	1560.07	633.45
29.54	446.18	1567.49	633.82
26.7	445.8	1574.9	634.2
25.22	445.06	1583.18	634.94
23.74	444.32	1591.46	635.68
22.25	443.58	1599.75	636.42
20.77	442.84	1608.03	637.16
22.25	442.1	1613.83	637.9
23.74	441.36	1619.61	638.64
25.22	440.62	1625.41	639.38
26.7	439.88	1631.2	640.12
30.4	437.65	1637.03	642.35
34.1	435.43	1642.85	644.57
34.85	433.2	1651.63	646.8
35.6	430.98	1660.4	649.02
41.8	428.76	1669.1	651.24
42.7	426.53	1671.3	653.47
43.6	424.31	1673.5	648.79
44.5	422.08	1675.7	644.12
42.15	423.07	1679.43	636.73
44.74	420.11	1680.16	639.19
39.92	417.14	1685.38	644.61
35.11	414.18	1690.59	650.02
32.76	412.2	1687.87	654.48
30.41	410.22	1685.14	658.93
28.06	408.24	1682.42	663.39
25.71	406.27	1679.69	667.83
23.61	403.18	1675.59	668.07
21.51	400.09	1671.49	668.31
19.41	397	1666.49	668.55
17.31	393.91	1653.49	668.79
15.21	390.82	1650.39	670.48
13.11	387.73	1633.79	668.27
11.01	384.64	1617.19	666.06
8.91	381.55	1609.49	663.85
4.45	379.7	1592.85	661
0	377.84	1576.2	658.16
0	375.99	1563.95	656.81
0	374.14	1551.7	655.46
0	373.27	1525.1	656.33
0	372.41	1518	656.19
0	371.54	1500.5	657.56
0	370.68	1477	658.92
0.87	371.42	1477.74	661.03
1.73	372.16	1478.49	663.14
2.6	372.9	1479.23	665.25
3.46	373.65	1479.98	667.35
3.83	373.89	1480.73	674.39
4.2	374.14	1481.47	681.41
4.57	374.39	1482.22	688.44
4.95	374.63	1482.95	695.47
6.43	375.38	1482.96	704.62
7.91	376.12	1482.96	703.88
9.39	376.86	1482.97	703.14
10.88	377.6	1482.97	702.4
12.36	378.34	1482.98	701.66
13.84	379.08	1482.98	700.92
15.33	379.83	1482.98	700.17
16.81	380.57	1482.99	699.43
18.66	381.68	1482.99	698.32
20.52	382.79	1482.99	697.21
22.37	383.9	1482.99	696.1
24.23	385.01	1482.99	694.99
26.08	386.13	1482.99	693.87
27.93	387.24	1482.99	692.76
29.79	388.35	1482.99	691.65
31.64	389.46	1482.99	690.54
32.51	390.57	1482.99	689.43
33.37	391.69	1482.99	688.31
34.24	392.8	1482.99	687.2
35.1	393.91	1482.99	686.09
35.97	395.02	1482.99	684.98
36.83	396.14	1482.99	683.86
37.7	397.25	1482.99	682.75
38.56	398.36	1482.99	681.64
38.44	399.84	1484.95	680.16
38.31	401.33	1486.92	678.67
38.19	402.81	1488.87	677.19
38.07	404.29	1490.83	675.71
37.94	405.77	1491.34	674.23
37.82	407.26	1491.83	672.74
37.7	408.74	1492.33	671.26
37.57	410.22	1492.83	669.78
37.57	410.96	1494.32	669.04
37.57	411.71	1495.81	668.29
37.57	412.45	1497.29	667.55
37.57	413.19	1498.78	666.81
37.57	413.93	1500.27	666.07
37.57	414.67	1501.76	665.33
37.57	415.41	1503.24	664.59
37.57	416.16	1504.73	663.84
38.31	417.15	1505.6	662.85
39.06	418.13	1506.47	661.87
39.8	419.12	1507.34	660.88
40.54	420.11	1508.21	659.89
41.28	421.1	1509.08	658.9
42.02	422.09	1509.96	657.91
42.76	423.08	1510.83	656.92
43.51	424.07	1511.69	655.93
43.1	425.18	1512.23	654.82
44.2	426.29	1511.25	653.71
45.3	427.4	1510.28	652.6
44.35	428.51	1511.35	651.49
43.4	429.63	1512.43	650.37
42.44	430.74	1513.51	649.26
41.49	431.85	1514.59	648.15
40.54	432.96	1515.66	647.04
41.53	432.72	1514.67	647.28
42.52	432.47	1513.68	647.53
43.51	432.22	1512.69	647.78
44.5	431.98	1511.7	648.02
45.49	429.26	1512.69	650.74
46.48	426.54	1513.67	653.46
47.46	423.82	1514.67	656.18
48.45	421.1	1515.65	643.1
50.67	418.88	1512.83	635.42
52.9	416.65	1522.5	627.75
55.12	414.43	1532.18	620.07
57.35	412.2	1535.95	612.4
59.57	408.5	1543.98	609.2
61.8	404.79	1552	606.01
64.02	401.08	1557.08	604.77
66.25	397.38	1562.15	603.52
68.1	388.1	1571.05	606.5
69.96	382.79	1579.94	611.81
71.81	377.48	1582.89	616.62
73.66	372.17	1597.74	626.33
75.52	369.33	1600.68	632.97
77.37	366.49	1607.63	640.61
79.22	363.64	1620.48	652.66
81.08	360.8	1621.42	664.8
83.92	358.82	1623.88	677.38
86.76	356.85	1626.34	699.85
89.6	354.87	1622.9	710.53
92.45	352.89	1619.45	727.11
95.29	350.92	1614.01	729.08
98.13	348.94	1608.57	731.06
100.97	346.96	1597.23	733.04
103.82	344.99	1579.88	735.01
104.06	343.14	1558.51	736.86
104.31	341.28	1537.12	738.72
104.56	339.43	1515.74	740.57
104.81	337.58	1518.09	742.42
105.05	335.72	1517.48	744.28
105.3	333.87	1516.85	746.13
105.55	332.01	1516.23	747.99
105.79	330.16	1515.61	749.84
106.41	331.03	1515.12	748.97
107.03	331.89	1514.62	748.11
107.65	332.76	1514.13	747.24
108.27	333.62	1513.63	746.38
108.88	334.49	1512.65	745.51
109.5	335.35	1511.65	744.65
110.12	336.22	1510.66	743.78
110.74	337.08	1509.66	742.92
111.23	337.7	1508.42	742.3
111.72	338.32	1507.18	741.68
112.22	338.93	1505.93	741.07
112.71	339.55	1504.69	740.45
113.21	340.17	1507.39	739.83
113.7	340.79	1510.1	739.21
114.2	341.4	1512.8	738.6
114.69	342.02	1511.61	737.98
114.69	342.02	1511.99	737.98
114.69	342.02	1512.36	737.98
114.69	342.02	1512.74	737.98
114.69	342.02	1513.11	737.98
114.69	342.02	1513.49	737.98
114.69	342.02	1513.86	737.98
114.69	342.02	1514.24	737.98
114.69	342.02	1514.61	737.98
113.21	343.51	1515.1	736.49
111.73	344.99	1515.6	735.01
110.24	346.47	1516.1	733.53
108.76	347.96	1516.59	732.04
107.28	349.44	1517.08	730.56
105.79	350.92	1517.59	729.08
104.31	352.41	1518.08	727.59
102.83	353.89	1518.57	726.11
102.33	355.74	1519.32	724.26
101.84	357.6	1520.06	722.4
101.35	359.45	1520.8	720.55
100.85	361.3	1521.55	718.7
100.36	363.16	1522.29	716.84
99.86	365.01	1523.04	714.99
99.37	366.86	1523.78	713.14
98.88	368.72	1524.52	711.28
98.88	367.98	1525.26	712.02
98.88	367.24	1526	712.76
98.88	366.5	1526.73	713.5
98.88	365.75	1527.47	714.25
98.88	365.01	1528.21	714.99
98.88	364.27	1528.95	715.73
98.88	363.53	1529.68	716.47
98.88	362.79	1530.42	717.21
97.15	361.55	1531.29	718.45
95.42	360.32	1532.15	719.68
93.69	359.08	1533.02	720.92
91.96	357.85	1533.88	722.15
90.23	356.61	1534.75	723.39
88.5	355.38	1535.62	724.62
86.77	354.14	1536.48	725.86
85.04	352.9	1537.35	727.1
82.44	353.03	1537.36	726.72
79.85	353.15	1537.36	726.36
77.25	353.27	1537.37	725.99
74.66	353.4	1537.37	725.61
73.55	354.02	1537.37	725.24
72.43	354.63	1537.38	724.88
71.32	355.25	1537.39	724.5
70.21	355.87	1537.39	724.13
70.83	358.09	1536.77	721.91
71.45	360.32	1536.15	719.68
72.06	362.54	1535.54	717.46
72.68	364.77	1534.92	715.23
73.3	365.51	1534.3	714.49
73.92	366.25	1533.68	713.75
74.53	366.99	1533.07	713.01
75.15	367.73	1532.45	712.27
74.41	366.99	1532.33	713.01
73.67	366.25	1532.21	713.75
72.93	365.51	1532.08	714.49
72.19	364.77	1531.96	715.23
71.45	364.03	1531.84	715.97
70.71	363.29	1531.72	716.71
69.96	362.55	1531.6	717.45
69.22	361.8	1531.48	718.2
69.59	361.44	1531.74	718.56
69.97	361.07	1531.98	718.93
70.34	360.69	1532.24	707.46
70.71	360.32	1532.49	695.98
72.56	359.95	1545.09	674.15
74.41	359.58	1551.79	664.12
74.81	359.21	1568.79	654.09
75.2	358.84	1585.8	644.06
77.17	356.86	1589.43	643.94
79.13	354.88	1602.24	639.82
81.1	352.91	1624.9	633.79
83.06	350.93	1627.84	638.67
85.78	348.95	1644.52	648.65
88.5	346.98	1661.2	658.62
91.22	345	1669.98	661.7
93.94	343.02	1678.76	664.78
95.05	339.44	1699.65	681.06
96.16	335.86	1704.74	686.84
97.27	332.27	1709.83	692.63
98.39	328.69	1714.91	698.41
99.5	325.11	1711.08	706.82
100.61	321.52	1707.24	715.23
101.73	317.94	1703.4	723.64
102.84	314.36	1699.56	732.04
103.58	312.5	1688.07	737.1
104.32	310.65	1676.58	742.15
105.06	308.8	1665.09	747.2
105.8	306.94	1653.6	752.26
106.55	305.09	1640.15	756.84
107.29	303.24	1626.71	761.41
108.03	301.38	1609.27	766
108.77	299.53	1583.93	770.57
109.02	298.66	1574.18	770.82
109.26	297.8	1547.79	772.54
109.51	296.94	1521.39	774.26
109.76	296.07	1517.24	771.53
108.03	295.2	1516.37	772.8
106.3	294.34	1515.5	774.06
104.57	293.47	1514.63	775.33
102.84	292.61	1513.76	770.59
99.75	292.24	1514.14	771.7
96.66	291.87	1514.52	772.81
93.57	291.49	1514.89	773.92
90.48	291.12	1515.27	775.03
87.39	290.75	1515.65	776.14
84.3	290.38	1516.03	777.25
81.21	290.01	1516.4	778.35
78.12	289.64	1516.78	779.46
76.64	288.53	1516.78	781.93
75.16	287.42	1516.77	784.41
73.68	286.3	1516.77	786.89
72.19	285.19	1516.78	789.36
70.71	284.08	1516.78	791.83
69.23	282.97	1516.77	794.31
67.75	281.85	1516.77	796.79
66.26	280.74	1516.78	799.26
65.28	281.11	1516.77	798.89
64.29	281.48	1516.77	798.52
63.3	281.85	1516.77	798.15
62.31	282.22	1516.78	797.78
58.36	282.6	1516.77	797.4
54.4	282.97	1516.78	797.03
50.45	283.34	1516.77	796.66
46.49	283.71	1516.78	796.29
42.79	285.19	1516.77	794.81
39.08	286.68	1516.77	793.32
35.37	288.16	1516.78	791.84
31.67	289.64	1516.77	790.36
27.96	291.12	1516.77	788.88
24.25	292.61	1516.78	787.39
20.54	294.09	1516.78	785.91
16.84	295.57	1516.77	784.43
12.63	298.17	1518.02	781.83
8.42	300.76	1519.27	779.24
4.21	303.36	1520.51	776.64
0	305.96	1521.76	774.04
0	308.55	1518.79	771.45
0	311.15	1515.83	768.85
0	313.74	1512.86	764.26
0	316.34	1509.9	745.86
0	316.34	1509.16	741.76
0	316.34	1508.43	730.06
0	316.34	1507.69	718.36
0	316.34	1506.95	707.76
0	316.34	1506.21	697.16
0	316.34	1505.47	686.56
0	316.34	1504.74	680.11
0	316.34	1504	673.66
0	317.45	1504	662.65
0	318.56	1504	651.64
0	319.67	1504	640.63
0	320.79	1504	629.61
0	321.9	1504	620.6
0	323.01	1504	611.59
0	324.12	1504	602.58
0	325.23	1504	593.57
0	325.6	1503.75	585.65
0	325.98	1503.5	577.72
0	326.35	1503.25	569.8
0	326.72	1503	561.88
0	327.09	1499.3	557.94
0	327.46	1495.6	553.99
0	327.83	1491.9	550.05
0	328.2	1488.2	546.1
0	328.94	1484.48	546.84
0	329.68	1480.75	547.57
0	330.43	1477.03	548.3
0	331.17	1473.3	549.03
0	331.91	1469.6	548.29
0	332.65	1465.9	547.55
0	333.39	1462.2	546.81
0	334.13	1458.5	546.07
0	334.13	1455.54	549.53
0	334.13	1452.58	553
0	334.13	1449.61	556.46
0	334.13	1446.65	559.92
0	334.13	1443.69	563.38
0	334.13	1440.73	566.85
0	334.13	1437.76	570.31
0	334.13	1434.8	573.77
0	335.49	1432.94	576.36
0	336.85	1431.09	578.95
0	338.21	1429.23	581.54
0	339.57	1427.37	584.13
1	340.93	1427.48	586.72
2	342.29	1427.59	589.31
3	343.65	1427.69	591.9
4	345.01	1427.8	594.49
9.18	346.37	1423.24	596.84
14.35	347.72	1418.69	599.2
19.53	349.08	1414.13	601.56
24.7	350.44	1409.58	603.91
26.43	351.06	1405.51	607
28.17	351.67	1401.42	610.1
29.9	352.29	1397.35	613.2
31.63	352.9	1393.27	616.3
35.09	353.77	1388.46	621.12
38.55	354.63	1383.64	625.95
42.01	355.5	1378.83	630.76
45.47	356.37	1374.01	635.58
52.39	357.24	1369.2	640.4
59.31	358.1	1364.38	645.23
66.23	358.97	1359.57	650.04
73.15	359.84	1354.75	654.86
79.95	361.19	1350.66	659.44
86.75	362.55	1346.58	664
92.56	362.59	1341.83	668.57
98.38	362.64	1337.06	673.13
104.2	362.68	1332.3	677.7
106.7	359.8	1328.9	685.18
109.21	361.3	1325.49	688.29
111.71	362.8	1322.09	691.4
111.71	363.42	1319.87	691.03
111.71	364.04	1317.64	690.66
111.71	364.66	1315.42	690.29
111.71	365.27	1313.19	689.93
111.71	365.89	1310.97	689.56
111.71	366.51	1308.74	689.19
111.71	367.13	1306.52	688.82
111.71	367.75	1304.29	688.45
110.84	369.6	1301.82	684.75
109.98	371.45	1299.34	681.05
109.11	373.31	1296.87	677.34
108.25	375.16	1294.39	673.64
108.87	377.01	1291.91	669.94
109.49	378.87	1289.43	666.23
110.1	380.72	1286.96	662.53
110.72	382.58	1284.48	658.82
111.46	382.58	1281.14	651.78
112.2	382.58	1277.8	644.75
112.95	382.58	1274.45	637.71
113.69	382.58	1271.11	630.67
114.43	382.58	1267.77	623.63
115.17	382.58	1264.43	616.6
115.91	382.58	1261.09	609.56
116.65	382.58	1257.75	602.52
117.77	383.69	1255.52	593.62
118.88	384.8	1253.3	584.73
119.99	385.91	1251.07	575.83
121.1	387.02	1248.85	566.93
122.21	388.14	1246.63	558.02
123.33	389.25	1244.4	549.13
124.44	390.36	1242.17	540.23
125.55	391.47	1239.95	531.33
126.54	392.21	1238.46	517.99
127.53	392.96	1236.97	504.64
128.52	393.7	1235.48	491.3
129.51	394.44	1233.99	470.06
130.49	393.21	1232.51	465.09
131.48	391.97	1231.02	448.78
132.47	390.73	1229.53	432.47
133.46	389.5	1228.04	426.5
135.68	389.62	1226.81	419.98
137.91	389.74	1225.56	421.33
140.13	389.87	1224.33	422.66
142.36	389.99	1223.09	424.01
144.58	390.11	1221.86	429.82
146.8	390.24	1220.62	435.61
149.03	390.36	1219.38	441.42
151.25	390.49	1218.15	447.21
153.48	390.24	1216.53	454.86
155.7	389.99	1214.93	462.51
157.93	389.74	1213.31	470.16
160.15	389.5	1211.7	476.24
162.38	389.25	1210.08	482.33
164.6	389	1208.48	488.42
166.82	388.76	1206.87	494.5
169.05	388.51	1205.25	500.59
171.4	388.88	1203.28	507.4
173.75	389.25	1201.3	514.2
176.09	389.62	1199.34	521.01
178.44	389.99	1197.36	527.81
180.79	390.36	1195.39	531.14
183.14	390.73	1193.41	534.47
185.48	391.1	1191.45	537.8
187.83	391.47	1189.47	541.13
187.83	391.47	1188.11	544.83
187.83	391.47	1186.75	548.53
187.83	391.47	1185.38	552.23
187.83	391.47	1184.02	555.93
187.83	391.47	1182.66	562.61
187.83	391.47	1181.3	569.28
187.83	391.47	1179.93	575.96
187.83	391.47	1178.57	582.63
188.57	392.59	1177.46	585.11
189.31	393.7	1176.34	590.97
190.06	394.81	1175.22	596.83
190.8	395.92	1174.1	602.69
191.54	397.03	1172.99	608.56
192.28	398.15	1171.87	614.41
193.02	399.26	1170.76	620.27
193.76	400.37	1169.64	626.13
194.88	405.19	1168.52	629.48
195.99	410.01	1167.41	632.83
197.1	414.83	1166.3	636.18
198.21	419.65	1165.19	639.53
199.32	421.5	1164.08	642.89
200.44	423.36	1162.96	646.23
201.55	425.21	1161.85	649.59
202.66	427.06	1160.74	652.94
205.63	427.8	1158.51	652.2
208.59	428.55	1156.29	651.45
211.56	429.29	1154.05	650.71
214.53	430.03	1151.82	649.97
217.49	430.77	1149.6	649.23
220.46	431.51	1147.37	648.49
223.42	432.25	1145.14	643.3
226.39	433	1142.91	638.1
230.71	433.98	1139.58	635.88
235.04	434.97	1136.25	633.66
239.36	435.96	1132.92	631.43
243.69	436.95	1129.58	629.2
250.98	437.94	1126.25	626.97
258.27	438.93	1122.92	624.75
265.56	439.92	1119.58	622.52
272.85	440.91	1116.25	620.29
284.8	442.39	1107.76	616.58
290.2	443.87	1105.83	612.88
295.6	445.35	1103.89	609.17
301	446.84	1101.95	605.46
306.57	448.32	1099.84	601.75
312.13	449.8	1097.75	598.05
317.7	451.29	1095.64	594.33
323.27	452.77	1093.53	590.63
327.72	453.27	1091.68	585.43
332.17	453.76	1089.83	580.24
336.61	454.25	1087.99	575.05
341.06	454.75	1086.14	569.85
345.51	455.24	1084.29	564.66
349.96	455.74	1082.44	559.46
354.41	456.23	1080.59	554.27
358.86	456.73	1078.74	549.07
362.56	456.36	1077.64	543.64
366.27	455.99	1076.53	538.21
369.98	455.61	1075.42	532.79
373.69	455.24	1074.31	527.36
377.4	454.87	1073.2	519.46
381.1	454.5	1072.1	511.55
384.81	454.13	1070.99	503.65
388.52	453.76	1069.88	495.74
393.09	451.17	1067.72	485.51
397.66	448.57	1065.56	475.28
402.23	445.98	1063.41	465.05
406.81	443.38	1061.24	454.82
411.38	440.79	1059.08	446.56
415.95	438.19	1056.93	438.31
420.53	435.6	1054.76	434.05
425.1	433	1052.6	429.8
427.59	430.12	1051.46	430.18
430.08	427.24	1050.33	430.56
432.57	424.35	1049.19	430.95
435.06	421.47	1048.05	431.33
436.07	418.59	1046.92	435.69
437.08	415.7	1045.78	440.05
438.09	412.82	1044.64	444.41
439.1	409.94	1043.5	448.76
438.79	405.3	1043.51	454.55
438.48	400.67	1043.52	460.33
438.18	396.03	1043.52	466.12
437.87	391.4	1043.53	471.9
437.56	385.53	1042.29	480.55
437.25	379.66	1041.05	489.19
436.94	373.79	1039.81	497.84
436.63	367.92	1038.57	506.48
436.32	361.02	1037.64	516.38
436.01	354.12	1036.72	526.28
435.7	347.23	1035.79	536.17
435.39	340.33	1034.86	546.07
435.09	335.9	1033.92	551.43
434.78	331.47	1033	556.78
434.47	327.04	1032.07	562.14
434.16	322.61	1031.14	567.49
434.06	320.45	1030.52	572.12
433.95	318.29	1029.91	576.75
433.85	316.13	1029.29	581.38
433.75	313.96	1028.67	586.02
433.23	313.04	1028.06	590.65
432.72	312.11	1027.44	595.28
432.2	311.18	1026.83	599.92
431.69	310.26	1026.21	604.54
433.02	311.18	1025.61	607.12
434.36	312.11	1024.99	609.69
435.7	313.04	1024.38	612.26
437.04	313.96	1023.76	614.84
438.38	314.89	1023.15	617.41
439.72	315.82	1022.53	619.98
441.06	316.74	1021.92	622.56
442.39	317.67	1021.31	625.13
442.91	318.7	1021.3	627.81
443.42	319.73	1021.31	630.5
443.94	320.76	1021.3	633.18
444.45	321.79	1021.31	635.86
444.97	322.82	1021.3	638.54
445.48	323.85	1021.31	641.23
446	324.88	1021.3	643.91
446.51	325.91	1021.31	646.59
445.9	326.84	1020.99	645.97
445.28	327.76	1020.68	645.36
444.66	328.69	1020.38	644.75
444.04	329.62	1020.07	644.13
443.42	330.54	1019.76	643.52
442.81	331.47	1019.44	642.91
442.19	332.4	1019.14	642.29
441.57	333.32	1018.83	641.68
441.88	333.84	1017.7	640.74
442.19	334.36	1016.56	639.81
442.5	334.87	1015.43	638.88
442.81	335.39	1014.29	637.94
443.12	337.14	1013.16	637.01
443.42	338.89	1012.03	636.08
443.73	340.64	1010.9	635.14
444.04	342.39	1009.76	634.21
443.32	344.03	1009.46	632.98
442.6	345.68	1009.15	631.75
441.88	347.33	1008.85	630.51
441.16	348.98	1008.54	629.27
440.44	350.63	1006.59	628.03
439.72	352.27	1004.63	626.81
439	353.92	1002.68	625.57
438.28	355.57	1000.72	624.33
435.39	356.29	999.8	620.72
432.51	357.01	998.87	617.12
429.63	357.73	997.93	613.51
426.74	358.45	997.01	609.9
423.86	359.17	996.08	606.29
420.98	359.89	995.14	602.69
418.09	360.61	994.22	599.08
415.21	361.34	993.29	595.46
413.15	363.4	992.26	589.59
411.09	365.46	991.24	583.72
409.03	367.51	990.21	577.85
406.97	369.57	989.18	571.98
404.91	371.63	988.15	566.11
402.85	373.69	987.13	560.24
400.8	375.75	986.09	554.36
398.74	377.81	985.06	548.49
397.4	379.05	983.83	540.76
396.06	380.28	982.59	533.05
394.72	381.52	981.36	525.32
393.38	382.76	980.12	517.59
392.04	383.99	978.89	509.87
390.7	385.23	977.65	502.15
389.37	386.46	976.41	494.43
388.03	387.7	975.17	486.7
387	387.7	972.9	478.88
385.97	387.7	970.63	471.05
384.94	387.7	968.36	463.23
383.91	387.7	966.09	455.4
380.82	387.7	965.06	447.58
377.73	387.7	964.02	439.75
374.64	387.7	962.98	431.93
371.55	387.7	961.95	424.1
370.52	388.63	959.88	420.07
369.5	389.55	957.81	416.05
368.47	390.48	955.74	412.02
367.44	391.41	953.68	407.99
364.35	392.33	951.61	407.7
361.26	393.26	949.55	407.39
358.17	394.19	947.48	407.09
355.08	395.12	945.42	406.78
350.14	395.94	944.61	408.11
345.19	396.76	943.81	409.44
340.25	397.59	943	410.76
335.31	398.41	942.19	412.09
332.84	397.17	941.36	415.91
330.36	395.94	940.54	419.71
327.89	394.7	939.71	423.53
325.42	393.47	938.88	427.33
322.54	389.97	938.87	433.19
319.65	386.47	938.88	439.06
316.77	382.97	938.87	444.92
313.89	379.46	938.86	450.79
311	375.96	938.86	456.65
308.12	372.46	938.86	462.52
305.24	368.96	938.85	468.38
302.36	365.46	938.84	474.24
301.33	363.61	939.67	478.05
300.3	361.75	940.5	481.88
299.27	359.9	941.33	485.69
298.24	358.05	942.16	489.5
297.21	356.19	942.99	493.32
296.18	354.34	943.82	497.14
295.15	352.49	944.65	500.95
294.12	350.63	945.48	504.77
291.65	348.78	947.03	508.37
289.17	346.93	948.58	511.97
286.7	345.07	950.13	515.58
284.23	343.22	951.67	519.18
281.76	341.37	953.22	522.78
279.29	339.51	954.76	526.39
276.82	337.66	956.31	529.99
274.35	335.81	957.85	533.59
271.67	335.4	960.02	538.43
268.99	335	962.19	543.25
266.32	334.6	964.34	548.08
263.64	334.2	966.51	552.9
260.96	336.66	968.68	554.87
258.28	339.12	970.85	556.83
255.61	341.58	973	558.8
252.93	344.04	975.17	560.76
251.38	346.31	976.11	562.4
249.84	348.58	977.04	564.05
248.29	350.84	977.97	565.7
246.75	353.11	978.9	567.34
245.2	355.37	979.84	568.99
243.66	357.64	980.77	570.64
242.11	359.9	981.7	572.29
240.57	362.17	982.63	573.93
239.75	363.71	982.63	575.48
238.92	365.26	982.63	577.02
238.1	366.8	982.63	578.56
237.28	368.35	982.63	580.1
236.45	369.89	982.63	581.65
235.63	371.44	982.63	583.19
234.81	372.98	982.63	584.73
233.98	374.53	982.63	586.27
233.88	375.45	982.63	585.66
233.78	376.38	982.63	585.05
233.67	377.31	982.63	584.43
233.57	378.23	982.63	583.82
233.47	379.16	982.63	583.2
233.36	380.09	982.63	582.59
233.26	381.01	982.63	581.98
233.16	381.94	982.63	581.36
234.29	381.84	982.63	580.22
235.42	381.73	982.63	579.1
236.56	381.63	982.63	577.96
237.69	381.53	982.63	576.82
238.82	381.43	982.63	575.68
239.96	381.32	982.62	574.56
241.09	381.22	982.63	573.42
242.22	381.12	982.63	572.28
243.04	381.12	982.33	570.22
243.87	381.12	982.02	568.16
244.69	381.12	981.72	566.09
245.52	381.12	981.41	564.03
246.34	381.12	981.1	561.97
247.16	381.12	980.8	559.91
247.99	381.12	980.49	557.84
248.81	381.12	980.19	555.78
248.61	380.09	980.49	553.62
248.4	379.06	980.8	551.47
248.2	378.03	981.1	549.31
247.99	377	981.41	547.15
247.78	375.97	981.72	544.99
247.58	374.94	982.02	542.84
247.37	373.91	982.33	540.68
247.17	372.88	982.63	538.52
247.68	370.82	983.25	535.94
248.2	368.76	983.85	533.37
248.71	366.7	984.47	530.79
249.22	364.64	985.08	528.21
249.74	362.58	984.46	525.63
250.25	360.52	983.86	523.06
250.77	358.46	983.24	520.48
251.29	356.4	982.63	517.9
249.53	354.24	982.32	514.61
247.78	352.08	982.01	511.32
246.03	349.92	981.69	508.03
244.28	347.76	981.38	504.74
242.53	345.59	981.06	502.69
240.78	343.43	980.75	500.62
239.03	341.27	980.43	498.56
237.28	339.11	980.12	496.49
235.74	337.97	980.11	492.28
234.19	336.84	980.11	488.06
232.65	335.71	980.1	483.84
231.1	334.57	980.1	479.63
229.56	333.44	980.09	475.41
228.01	332.31	980.09	471.19
226.47	331.18	980.08	466.97
224.92	330.04	980.08	462.76
225.75	329.43	978.52	459.67
226.57	328.81	976.98	456.59
227.4	328.19	975.42	453.51
228.22	327.57	973.88	450.43
229.04	326.96	972.33	448.57
229.87	326.34	970.78	446.71
230.69	325.72	969.23	444.86
231.52	325.1	967.68	443
230.59	324.69	966.86	441.86
229.66	324.28	966.04	440.72
228.74	323.87	965.21	439.58
227.81	323.46	964.39	438.44
226.88	323.04	963.57	437.31
225.96	322.63	962.74	436.17
225.03	322.22	961.92	435.03
224.1	321.81	961.1	433.89
224.1	320.98	960.08	435.13
224.1	320.16	959.05	436.37
224.1	319.34	958.03	437.6
224.1	318.51	957	438.84
224.1	317.69	955.98	440.07
224.1	316.87	954.95	441.31
224.1	316.04	953.93	442.55
224.1	315.22	952.9	443.78
224.93	314.91	951.76	445.64
225.75	314.6	950.63	447.5
226.58	314.29	949.48	449.36
227.4	313.98	948.35	451.22
228.22	313.68	947.22	453.07
229.05	313.37	946.07	454.93
229.87	313.06	944.94	456.79
230.7	312.75	943.8	458.65
231.62	313.26	942.88	460.5
232.55	313.78	941.95	462.35
233.48	314.29	941.02	464.2
234.4	314.81	940.1	466.04
235.33	315.32	939.17	467.89
236.26	315.84	938.24	469.74
237.18	316.35	937.32	471.59
238.11	316.87	936.39	473.43
239.65	319.34	934.54	474.46
241.2	321.81	932.68	475.49
242.74	324.28	930.82	476.52
244.29	326.75	928.96	477.55
245.83	329.23	927.11	478.57
247.38	331.7	925.24	479.6
248.92	334.17	923.39	480.63
250.47	336.64	921.53	481.66
252.73	338.29	919.68	482.9
255	339.94	917.83	484.14
257.26	341.58	915.98	485.38
259.53	343.23	914.12	486.62
261.8	344.88	912.26	487.86
264.06	346.53	910.42	489.1
266.33	348.17	908.56	490.34
268.59	349.82	906.71	491.58
270.24	355.9	905.26	490.85
271.89	361.97	903.81	490.13
273.54	368.05	902.36	489.4
275.18	374.12	900.92	488.68
276.83	380.2	899.47	487.95
278.48	386.27	898.02	487.23
280.13	392.35	896.57	486.5
281.77	398.43	895.13	485.77
281.77	403.37	893.89	484.12
281.77	408.31	892.66	482.47
281.77	413.25	891.42	480.83
281.77	418.2	890.18	479.17
281.77	421.9	888.94	477.53
281.77	425.61	887.71	475.87
281.77	429.32	886.47	474.22
281.77	433.03	885.23	472.57
281.16	433.95	884.82	470.73
280.54	434.88	884.41	468.87
279.92	435.81	884.01	467.02
279.3	436.73	883.6	465.17
278.69	437.66	883.19	463.32
278.07	438.59	882.78	461.46
277.45	439.51	882.38	459.62
276.83	440.44	881.97	457.76
276.83	440.54	881.15	455.4
276.83	440.65	880.32	453.03
276.83	440.75	879.5	450.66
276.83	440.85	878.67	448.3
276.83	440.95	877.85	445.94
276.83	441.06	877.02	443.57
276.83	441.16	876.2	441.2
276.83	441.26	875.37	438.84
278.58	441.47	874.55	435.5
280.33	441.68	873.72	432.15
282.08	441.88	872.9	428.82
283.84	442.09	872.06	425.48
285.59	442.29	871.24	422.14
287.34	442.5	870.41	418.8
289.09	442.71	869.59	411.49
290.84	442.91	868.76	404.19
290.84	442.91	868.76	407.69
290.84	442.91	868.76	404.36
290.84	442.91	868.76	401.03
290.84	442.91	868.76	397.7
290.84	442.91	868.76	394.38
290.84	442.91	868.76	391.05
290.84	442.91	868.76	387.72
290.84	442.91	868.76	384.39
292.07	443.22	868.77	380.49
293.31	443.53	868.76	376.6
294.55	443.84	868.76	372.7
295.78	444.15	868.76	368.81
297.02	444.46	868.76	364.91
298.25	444.77	868.77	361.02
299.49	445.07	868.76	357.13
300.73	445.38	868.76	355.52
302.58	445.8	868.76	350.7
304.44	446.21	868.76	345.89
306.29	446.62	868.76	345.98
308.14	447.04	868.76	346.06
309.99	447.45	868.77	345.33
311.85	447.86	868.76	344.59
313.7	448.27	868.76	343.86
315.56	448.68	868.76	343.12
316.48	448.68	868.77	344.97
317.41	448.68	868.76	346.82
318.34	448.68	868.76	348.67
319.27	448.68	868.76	350.52
320.19	448.68	868.76	352.37
321.12	448.68	868.76	354.22
322.05	448.68	868.76	356.07
322.97	448.68	868.77	357.92
322.05	447.45	869.68	362.35
321.12	446.21	870.61	366.79
320.19	444.97	871.53	371.23
319.27	443.74	872.45	375.66
318.34	442.5	873.37	378.85
317.42	441.27	874.29	382.03
316.49	440.03	875.21	385.22
315.56	438.8	876.14	388.4
316.49	436.74	876.14	391.91
317.42	434.68	876.13	395.42
318.34	432.62	876.14	398.93
319.27	430.56	876.13	402.44
320.2	428.5	876.13	402.65
321.12	426.44	876.13	402.86
322.05	424.38	876.13	403.07
322.98	422.32	876.12	403.28
324.52	420.26	876.43	404.32
326.07	418.2	876.73	405.35
327.61	416.14	877.04	406.39
329.16	414.08	877.34	407.42
330.7	412.02	877.65	408.46
332.24	409.96	877.96	409.49
333.79	407.9	878.26	410.53
335.33	405.84	878.57	411.56
337.09	404.4	879.39	411.86
338.84	402.96	880.21	412.17
340.59	401.52	881.04	412.47
342.34	400.08	881.86	412.77
344.09	398.64	881.04	413.07
345.84	397.2	880.21	413.38
347.59	395.75	879.39	413.69
349.34	394.31	878.57	413.99
351.2	392.77	878.77	412.64
353.05	391.22	878.98	411.3
354.9	389.68	879.19	409.96
356.76	388.13	879.39	408.62
358.61	385.77	879.6	407.27
360.46	383.4	879.82	405.92
362.32	381.03	880.02	404.58
364.17	378.66	880.23	403.24
365.41	377.53	880.23	400.04
366.64	376.4	880.23	396.84
367.88	375.27	880.23	393.64
369.11	374.13	880.23	390.45
370.35	375.06	880.23	387.25
371.58	375.99	880.23	384.05
372.82	376.91	880.23	380.86
374.06	377.84	880.22	377.66
373.54	377.84	880.23	371.99
373.03	377.84	880.23	366.32
372.51	377.84	880.23	360.65
372	377.84	880.23	354.97
371.48	377.84	880.23	349.3
370.97	377.84	880.23	343.63
370.45	377.84	880.23	337.96
369.94	377.84	880.23	335.66
369.94	377.84	880.23	330.11
369.94	377.84	880.23	324.56
369.94	377.84	880.23	319.01
369.94	377.84	880.23	313.46
369.94	377.84	880.23	310.36
369.94	377.84	880.23	307.26
369.94	377.84	880.23	304.16
369.94	377.84	880.23	301.06
369.42	378.35	880.23	299.63
368.91	378.87	880.23	298.18
368.4	379.38	880.22	296.75
367.88	379.9	880.23	295.3
368.19	380	880.23	295.98
368.5	380.11	880.23	296.64
368.81	380.21	880.23	297.32
369.12	380.31	880.23	297.99
370.66	379.84	880.23	299.56
372.21	379.37	880.23	301.13
373.75	378.9	880.23	302.7
375.29	375.78	880.23	306.92
376.84	373.41	880.23	310.39
378.38	371.04	880.23	313.86
379.93	368.67	880.22	317.33
381.47	366.3	880.23	320.8
382.4	362.7	880.23	324.2
383.32	359.1	880.23	327.6
384.25	355.49	880.23	331.01
385.18	351.89	880.23	334.41
386.11	348.28	880.22	337.82
387.03	344.68	880.23	341.22
387.96	341.08	880.23	344.62
388.89	337.47	880.22	348.03
389.5	335.62	880.23	349.06
390.12	333.77	880.23	350.08
390.74	331.91	880.23	351.12
391.36	330.06	880.23	352.14
390.74	328.2	880.23	353.18
390.12	326.35	880.23	354.2
389.5	324.5	880.23	355.23
388.89	322.64	880.22	356.26
387.34	321.72	880.23	356.36
385.8	320.79	880.23	356.46
384.25	319.86	880.23	356.57
382.71	318.94	880.23	356.66
381.16	318.01	880.23	357.19
379.62	317.08	880.23	357.72
378.07	316.16	880.23	358.24
376.53	315.23	880.23	358.77
374.57	315.64	880.23	359.59
372.62	316.05	880.22	360.41
370.66	316.46	880.23	361.23
368.7	316.88	880.23	362.04
366.75	316.05	880.23	362.86
364.79	315.23	880.23	363.68
362.83	314.41	880.23	364.49
360.88	313.58	880.23	365.32
360.57	312.04	880.23	365.94
360.26	310.49	880.23	366.56
359.95	308.95	880.23	367.18
359.64	307.4	880.23	367.8
359.33	305.86	880.23	368.42
359.02	304.31	880.23	369.04
358.72	302.77	880.22	369.66
358.41	301.22	880.22	370.28
358.2	298.75	880.23	370.28
357.99	296.28	880.23	370.28
357.79	293.81	880.23	370.28
357.58	291.34	880.23	370.27
357.38	288.87	880.22	370.27
357.17	286.4	880.23	370.27
356.96	283.92	880.23	370.28
356.76	281.45	880.23	370.28
356.76	282.38	880.23	367.81
356.76	283.31	880.23	365.34
356.76	284.24	880.23	362.87
356.76	285.16	880.23	360.4
356.76	286.09	880.23	357.93
356.76	287.02	880.23	355.46
356.76	287.95	880.23	352.99
356.76	288.87	880.23	350.53
356.97	292.37	879.71	346.21
357.17	295.88	879.2	341.87
357.38	299.38	878.67	337.55
357.58	302.88	878.16	333.22
357.79	306.38	877.64	328.9
357.99	309.88	877.13	324.57
358.2	313.38	876.61	320.25
358.41	316.88	876.09	315.92
359.23	319.14	875.78	309.75
360.05	321.39	875.47	303.58
360.88	323.65	875.16	297.41
361.7	325.9	874.85	291.25
362.53	327.35	874.53	285.89
363.35	328.81	874.22	280.51
364.17	330.26	873.92	275.15
365	331.71	873.6	269.79
365.72	331.71	873.09	266.69
366.44	331.71	872.57	263.59
367.16	331.71	872.06	260.49
367.88	331.71	871.54	257.39
367.37	331.71	871.02	255.54
366.85	331.71	870.51	253.69
366.34	331.71	869.99	251.84
365.82	331.71	869.48	249.99
365.82	332.23	868.56	249.37
365.82	332.74	867.63	248.76
365.82	333.26	866.71	248.14
365.82	333.77	865.78	247.53
365.82	334.29	864.86	246.91
365.82	334.8	863.93	246.3
365.82	335.32	863.01	245.68
365.82	335.83	862.08	245.07
365.2	333.67	861.26	246.31
364.58	331.51	860.45	247.54
363.97	329.34	859.62	248.79
363.35	327.18	858.8	250.02
362.73	325.02	857.98	251.26
362.11	322.86	857.17	252.49
361.5	320.7	856.34	253.73
360.88	318.53	855.52	254.97
360.46	316.89	855.63	255.27
360.04	315.24	855.74	255.58
359.62	313.59	855.84	255.9
359.2	311.94	855.95	256.21
359.62	310.3	855.22	256.51
360.04	308.65	854.49	256.82
360.46	307	853.75	257.14
360.88	305.36	853.02	257.44
362.11	303.19	852.3	259.3
363.35	301.03	851.58	261.15
364.59	298.87	850.85	262.99
365.82	296.71	850.13	264.84
367.06	294.54	849.4	266.7
368.29	292.38	848.69	268.55
369.53	290.22	847.96	270.39
370.76	288.06	847.24	272.24
372.1	287.44	846.73	273.06
373.44	286.83	846.21	273.87
374.78	286.21	845.7	274.69
376.12	285.6	845.18	275.5
377.46	287.45	844.67	273.85
378.8	289.3	844.15	272.2
380.14	291.15	843.64	270.55
381.47	293	843.13	268.9
383.33	295.57	841.57	267.57
385.18	298.15	840.02	266.23
387.04	300.72	838.46	264.9
388.89	303.3	836.91	263.56
390.74	308.34	836.61	262.23
392.6	313.39	836.3	260.89
394.45	318.44	836	259.55
396.3	323.48	835.7	258.22
397.85	326.57	835.08	257.61
399.39	329.66	834.46	256.99
400.94	332.75	833.84	256.38
402.48	335.84	833.22	255.76
404.03	338.93	832.6	255.15
405.57	342.02	831.98	254.53
407.12	345.11	831.36	253.92
408.66	348.2	830.74	253.3
409.38	348.81	831.05	251.45
410.1	349.43	831.35	249.6
410.82	350.05	831.66	247.74
411.54	350.67	831.96	245.88
412.27	351.28	832.26	244.03
412.99	351.9	832.56	242.18
413.71	352.52	832.87	240.32
414.43	353.14	833.17	238.46
413.81	353.45	833.48	238.68
413.19	353.76	833.79	238.89
412.57	354.07	834.09	239.11
411.96	354.38	834.39	239.32
411.34	354.68	834.7	240.35
410.72	354.99	835.01	241.36
410.1	355.3	835.31	242.38
409.48	355.61	835.62	243.39
409.79	356.02	835.11	243.49
410.1	356.44	834.6	243.59
410.41	356.85	834.09	243.69
410.72	357.26	833.58	243.79
411.03	357.67	833.07	243.89
411.34	358.09	832.56	243.99
411.65	358.5	832.05	244.09
411.96	358.91	831.54	244.19
413.19	356.13	830.62	245.22
414.43	353.35	829.69	246.25
415.66	350.57	828.78	247.28
416.9	347.79	827.85	248.31
418.13	345.01	826.93	249.34
419.37	342.23	826.01	250.37
420.61	339.45	825.08	251.4
421.84	336.67	824.16	252.43
424	332.86	823.34	253.25
426.17	329.05	822.51	254.08
428.33	325.24	821.69	254.9
430.49	321.43	820.87	255.72
434.3	317.62	820.04	256.54
438.11	313.81	819.22	257.37
441.92	310	818.39	258.19
445.73	306.19	817.57	259.01
449.03	306.19	817.37	258.39
452.33	306.19	817.17	257.76
455.62	306.19	816.98	257.14
458.92	306.19	816.78	256.51
462.21	306.19	816.17	257.14
465.51	306.19	815.54	257.76
468.8	306.19	814.93	258.39
472.1	306.19	814.3	259.01
473.44	309.69	814.71	257.77
474.77	313.19	815.13	256.54
476.11	316.69	815.54	255.3
477.45	320.19	815.95	254.06
478.79	323.69	816.36	252.82
480.13	327.19	816.77	251.59
481.47	330.7	817.18	250.34
482.81	334.2	817.59	249.1
482.29	337.4	818.72	253
481.78	340.6	819.84	256.9
481.26	343.8	820.98	260.8
480.75	347	822.1	264.7
480.23	348.12	823.23	270.68
479.72	349.25	824.35	276.65
479.2	350.37	825.49	282.63
478.69	351.5	826.61	288.6
478.07	352.73	827.54	291.38
477.45	353.97	828.48	294.16
476.83	355.2	829.41	296.94
476.22	356.44	830.33	299.71
475.6	357.68	831.26	302.48
474.98	358.91	832.2	305.27
474.36	360.15	833.13	308.04
473.74	361.38	834.06	310.82
471.79	363.24	834.99	313.8
469.83	365.09	835.92	316.79
467.87	366.94	836.86	319.77
465.92	368.8	837.78	322.75
463.96	370.65	838.72	325.74
462	372.51	839.65	328.72
460.05	374.36	840.58	331.7
458.09	376.21	841.51	334.69
456.24	378.99	841.61	337.73
454.38	381.77	841.72	340.77
452.53	384.55	841.82	343.81
450.68	387.33	841.92	346.85
448.82	390.11	842.03	349.89
446.97	392.89	842.13	349.78
445.12	395.67	842.23	349.66
443.26	398.46	842.34	349.54
440.9	399.48	843.77	349.14
438.53	400.51	845.22	348.73
436.16	401.54	846.66	348.31
433.79	402.57	848.1	347.9
428.95	402.37	849.54	347.48
424.11	402.16	850.99	347.08
419.27	401.96	852.43	346.66
414.43	401.75	853.87	346.25
408.87	400.1	855.72	343.28
403.31	398.46	857.58	340.29
397.75	396.81	859.43	337.31
392.19	395.16	861.29	334.34
387.86	394.34	863.15	330.51
383.54	393.51	865	326.69
379.21	392.69	866.86	322.86
374.89	391.87	868.71	319.03
368.4	390.94	870.67	314.81
361.91	390.01	872.64	310.59
355.43	389.09	874.59	306.36
348.94	388.16	876.56	302.14
342.45	387.23	878.52	297.17
335.97	386.31	880.48	294.86
329.48	385.38	882.44	292.55
322.99	384.45	884.41	290.25
319.39	385.07	885.24	285.3
315.79	385.69	886.06	280.36
312.18	386.31	886.9	275.41
308.58	386.92	887.72	270.47
304.97	385.07	888.56	264.03
301.37	383.22	889.38	257.58
297.77	381.36	890.21	254.14
294.16	379.51	891.04	250.69
289.84	377.86	891.03	244.64
285.51	376.21	891.03	245.16
281.19	374.57	891.02	245.66
276.86	372.92	891.02	246.18
273.77	368.8	891.02	249.58
270.68	364.68	891.01	252.97
267.59	360.56	891.01	256.37
264.5	356.44	891	259.76
261.11	352.74	890.58	262.54
257.71	349.03	890.17	265.32
254.31	345.32	889.75	268.11
250.91	341.61	889.34	270.89
247.51	337.91	888.93	273.67
244.11	334.2	888.51	276.45
240.72	330.49	888.09	279.24
237.32	326.79	887.68	282.01
236.8	326.07	886.24	282.63
236.29	325.35	884.8	283.25
235.77	324.63	883.36	283.87
235.26	323.91	881.92	284.49
235.16	320.71	880.47	288.82
235.05	317.52	879.04	293.13
234.95	314.33	877.59	297.45
234.85	311.13	876.15	301.77
233.91	307.72	877.82	306.21
232.97	304.32	879.48	310.63
232.04	300.91	881.14	315.07
231.1	297.5	882.8	319.5
231.42	295.35	883.21	322.68
231.74	293.2	883.61	325.85
232.06	291.04	884.02	329.04
232.38	288.89	884.42	332.21
233.61	287.35	886.17	333.96
234.85	285.8	887.91	335.72
236.08	284.26	889.67	337.47
237.32	282.71	891.41	339.23
239.79	278.7	893.16	340.98
242.26	274.68	894.9	342.74
244.74	270.66	896.64	344.5
247.21	266.65	898.39	346.25
248.55	265.21	901.18	347.19
249.88	263.77	903.97	348.13
251.22	262.32	906.76	349.08
252.56	260.88	909.54	350.02
253.9	259.44	909.85	350.94
255.24	258	910.16	351.85
256.58	256.56	910.47	352.77
257.92	255.12	910.78	353.68
258.23	253.78	906.87	354
258.54	252.44	902.96	354.31
258.85	251.1	899.05	354.63
259.16	249.76	895.14	354.94
260.7	248.42	889.18	355.26
262.24	247.09	883.21	355.56
263.79	245.75	877.24	355.88
265.33	244.41	871.27	356.19
266.57	244	864.27	356.19
267.8	243.58	857.28	356.2
269.04	243.17	850.27	356.19
270.27	242.76	843.28	356.19
271.51	242.35	836.28	356.19
272.75	241.94	829.28	356.19
273.98	241.53	822.28	356.18
275.22	241.11	815.28	356.19
277.28	239.67	815.5	357.31
279.34	238.23	815.71	358.42
281.4	236.79	815.93	359.54
283.46	235.35	816.14	360.65
285.51	232.26	821.29	361.79
287.57	229.17	826.43	362.93
289.63	226.08	831.57	364.07
291.69	222.99	836.71	365.21
294.27	218.87	841.96	366.13
296.84	214.75	847.21	367.05
299.42	210.63	852.46	367.97
301.99	206.52	857.71	368.88
304.57	204.87	860.48	369.81
307.14	203.22	863.26	370.73
309.71	201.57	866.04	371.66
312.29	199.92	868.81	372.58
314.24	197.04	871.91	371.96
316.2	194.16	875	371.34
318.16	191.27	878.09	370.73
320.11	188.39	881.19	370.11
322.07	185.51	884.28	369.49
324.03	182.63	887.37	368.87
325.98	179.74	890.47	368.26
327.94	176.86	893.56	367.64
328.25	176.14	894.18	367.34
328.56	175.42	894.79	367.03
328.87	174.7	895.41	366.73
329.18	173.98	896.02	366.42
329.48	172.02	890.47	366.11
329.79	170.06	884.91	365.79
330.1	168.11	879.35	365.47
330.41	166.15	873.79	365.15
330.72	165.43	861.94	364.85
331.03	164.71	850.1	364.54
331.34	163.99	838.25	364.24
331.65	163.27	826.4	363.93
331.96	162.55	814.55	368.15
332.27	161.83	802.71	372.37
332.58	161.1	790.86	376.6
332.88	160.38	779.02	380.82
333.81	159.04	778.4	385.25
334.74	157.71	777.79	389.67
335.67	156.37	777.17	394.09
336.59	155.03	776.56	398.52
337.52	153.69	775.94	402.95
338.45	152.35	775.33	407.38
339.37	151.01	774.72	411.8
340.3	149.67	774.1	416.23
342.57	148.75	772.86	415.6
344.83	147.82	771.62	414.98
347.1	146.89	770.38	414.36
349.36	145.97	769.14	413.73
351.63	145.04	767.9	413.11
353.89	144.11	766.66	412.49
356.16	143.19	765.42	411.86
358.43	142.26	764.17	411.24
361.39	141.77	761.87	410.75
364.36	141.27	759.56	410.27
367.32	140.78	757.26	409.78
370.29	140.28	754.95	409.3
373.25	139.79	752.65	408.81
