1861.1	173.8	58.9	61.3
1855.6	170	64.4	66.18
1850.1	169.22	69.9	69.18
1844.6	166.7	75.4	72.64
1838.55	164.3	81.45	75.97
1832.5	161.9	87.5	79.3
1827.22	160.4	92.78	81.74
1821.94	158.9	98.06	84.18
1816.66	160.27	103.34	83.75
1811.38	161.63	108.62	83.33
1806.1	163	113.9	82.9
1800.7	164.6	119.3	82.85
1795.3	166.2	124.7	82.8
1790.6	164.4	129.4	85
1786.09	163.7	133.91	86.6
1779.9	166.7	140.1	85.1
1775.72	167.8	144.28	84.78
1771.54	163	148.46	90.36
1767.36	154.35	152.64	99.79
1763.18	145.7	156.82	109.22
1759	143.9	161	111.8
1751.64	145.1	168.16	111.63
1748	144	170.8	113.76
1743	145	176.8	113.79
1734.77	145.8	185.23	114.02
1726.53	149.5	185.47	111.35
1718.3	153.2	185.7	108.68
1710.07	164.6	184.43	98.31
1701.83	165.73	191.37	98.21
1693.6	166.87	197.9	98.1
1686.2	168	198.6	98.5
1679.44	170.8	201.16	94.32
1670.6	171.74	202.59	95.66
1663.1	172.69	203.1	92.46
1655.6	173.63	203.6	89.27
1649	174.58	202.66	86.62
1642.4	175.52	201.71	83.98
1636	176.47	200.57	81.33
1629.8	178.6	202.5	77.5
1624.2	179.95	201.4	74.45
1618.6	181.3	201.1	71.4
1613.45	181.35	198.15	69
1608.29	181.4	197.71	66.6
1603.14	179.17	195.26	68
1597.99	176.95	194.31	69.4
1592.83	174.72	193.47	67.58
1585.6	172.9	195.3	69.2
1580.96	170.58	195.07	71.89
1576.33	168.25	194.82	74.58
1571.7	165.92	194.58	77.28
1567.06	163.6	191.84	77.8
1560.03	161.98	191.87	78.87
1553	160.36	191.9	79.94
1549.4	155.5	184	80.95
1543.01	154.34	182.49	78.26
1536.63	153.19	180.57	75.56
1530.24	152.44	182.54	71.85
1523.86	151.69	184.5	68.14
1517.47	150.95	186.47	64.41
1511.09	150.2	188.43	60.7
1504.7	147.4	190.4	62.1
1501.3	143.6	182.4	65.36
1499.2	141.76	176.33	66.66
1492.9	137.7	176.9	67.71
1484.99	138.5	170.91	63.9
1477.88	137.12	170.4	65.18
1470.78	133.3	170.72	69.36
1463.3	132.53	169.6	70.49
1456.32	131.75	169.01	71.63
1449.34	130.98	168.43	72.76
1442.36	130.2	167.84	73.9
1436.12	129.2	167.78	74.8
1429.89	128.4	170.16	75.5
1423.65	127.6	172.55	76.2
1416.2	127	173.51	76.7
1410.17	127.2	173.06	76.4
1401.3	127.8	178.3	75.7
1395.98	127.7	176.42	75.7
1390.66	127.9	174.54	75.4
1385.33	127.7	172.67	75.5
1380.01	128.2	170.79	74.9
1373.83	128.8	171.17	74.2
1367.65	129.4	172.57	73.5
1361.46	130	173.99	72.8
1355.28	130.6	175.39	72.1
1349.1	131.2	176.8	71.4
1342.92	130.93	177	71.57
1336.74	130.65	177.21	71.75
1330.56	130.38	177.41	71.92
1324.38	130.1	177.62	72.1
1318.2	126.8	172.2	75.3
1312.3	127.59	171.23	76.01
1304.5	132.1	166.1	70.73
1295.72	132.42	169.58	69.65
1286.95	131.1	179.45	70.2
1278.17	131.7	185.73	68.83
1269.4	132.3	190.6	67.47
1257.4	134.9	193.03	64.1
1249.7	138.1	192.8	60.13
1242	136.4	190.1	61.07
1234.3	134.7	187.4	62
1225.88	134.11	188.02	62.07
1217.47	133.52	188.63	62.15
1209.05	132.93	189.25	62.22
1200.63	132.34	189.87	62.3
1192.22	131.75	190.48	62.37
1183.8	131.16	191.1	62.45
1176.46	129.92	190.48	63.17
1169.13	128.69	189.86	63.89
1161.79	127.45	189.24	64.61
1154.46	126.21	188.61	65.34
1147.12	124.97	187.99	66.06
1139.79	123.74	187.37	66.78
1132.45	122.5	186.75	67.5
1123.5	122.56	187.27	66.92
1116.43	122.61	182.86	66.36
1109.37	122.67	178.43	65.78
1102.3	122.73	178.2	65.21
1095.23	122.79	177.97	64.63
1088.17	122.84	177.73	64.07
1081.1	122.9	179.1	63.49
1075.05	122.43	177.13	63.3
1069	121.97	175.15	63.09
1061.9	121.5	176.3	62.9
1054.2	122.7	175.85	61.03
1049.2	122.13	172.71	60.94
1047.5	119.92	166.26	63.52
1045.8	117.7	159.81	66.1
1046.7	112.5	154.4	73.3
1043.5	112.2	149.15	71.3
1040.2	112.33	139.9	68.97
1035.5	114.1	132.9	62.6
1030.81	116.9	129.96	59.4
1023.7	116.48	124.1	59.42
1019.35	116.07	117.5	59.43
1014.99	115.65	110.91	59.45
1007.4	116.5	111.2	58.2
1003.86	117	108.74	57.3
1000.31	115.86	107.99	58.04
996.77	114.72	107.23	58.78
993.23	113.57	106.47	59.53
990.29	112.89	108.66	59.16
987.34	112.2	110.86	58.8
984.4	111.51	109.4	58.89
980	110.82	106.94	58.98
974.7	110.14	102.5	59.59
970	109.45	99.5	59.35
966	108.76	94.6	60.03
961.4	107.5	93.6	61.29
960.2	106.58	90.9	60.24
959.59	104.8	87.81	62.19
961	103.7	89.2	63.46
961.9	102.7	90.7	62.4
961.7	102.34	88.81	63.21
960.52	101.98	83.38	63.12
959.35	101.62	74.95	64.08
958.17	101.26	66.53	65.04
957	100.91	60.3	65.99
955.82	100.55	53.18	68.65
954.64	100.19	46.76	68.76
953.47	99.83	41.83	68.87
952.24	99.56	40.26	68.84
951.01	99.29	38.29	69.71
949.78	99.01	37.12	68.79
948.55	98.74	37.65	70.06
947.09	98.2	38.07	71.07
945.87	97.3	38.03	72.82
946.6	97.09	38.3	72.91
945.24	96.89	38.36	74.03
944.6	96	37.8	75.85
943.17	94.7	38.53	78.07
942.9	88.7	36.1	84.99
939.35	89.75	43.55	85.3
935.8	90.8	51	85.6
931.7	93	60.3	84.8
929.2	94.4	66.03	84.1
929.14	94.4	69.66	84.8
929.08	94.4	72.87	85.5
929.02	94.4	76.08	86.2
928.96	94.4	79.29	86.9
928.9	94.4	82.5	87.6
924.7	95.46	89.94	88.45
920.7	96.52	97.18	89.31
919.3	97.58	101.82	90.17
918.9	98.64	105.46	91.02
917.1	101.1	110.5	90.48
918.1	102.07	112.74	91.42
918.3	103.03	116.26	91.53
918.5	104	119.78	91.63
918.7	104.97	123.3	91.73
920.7	105.93	124.41	92.71
922.7	106.9	125.52	93.67
924.7	107.87	126.63	94.64
926.7	108.83	127.74	95.62
928.7	109.8	128.85	96.58
930.7	110.77	129.95	97.55
932.7	111.73	131.06	98.52
934.7	112.7	132.17	99.49
936.7	113.67	133.28	100.46
938.7	114.63	134.39	101.43
940.7	115.6	135.5	102.4
942.2	115.5	136.67	104.1
942.39	113.2	138.61	107.8
943.6	114.2	137.8	108.79
945	112.6	138.4	112.39
949.44	113.25	136.36	113.73
953.88	113.9	134.32	115.08
958.78	115.11	132.38	115.86
963.69	116.33	130.42	116.64
968.6	117.54	128.47	117.42
973.75	118.76	126.28	118.2
978.9	119.97	124.09	118.98
984.2	122.39	121.74	118.56
989.5	124.8	119.4	118.14
993.29	125.67	118.57	119.26
997.07	126.54	117.74	120.39
1000.86	127.41	116.91	121.51
1004.64	128.29	116.09	122.63
1008.43	129.16	115.26	123.75
1012.21	130.03	114.43	124.88
1016	130.9	113.6	126
1019.35	131.95	113.18	126.91
1022.7	133	112.75	127.81
1025.27	133.66	113.11	129.27
1027.84	134.33	113.46	130.73
1030.41	134.99	113.82	132.19
1032.98	135.66	114.17	133.64
1035.55	136.68	114.53	134.53
1038.12	137.7	114.88	135.41
1040.68	139	115.25	136.02
1043.25	140.3	115.6	136.63
1047.38	140.77	114.4	138.07
1051.5	141.23	113.2	139.51
1053.68	141.7	114.62	141.12
1055.86	142.17	116.04	142.73
1059.7	142.63	114.9	144.12
1062.9	143.1	114.4	145.5
1067.1	144.6	112.9	145.85
1067.72	144.72	114.98	147.58
1068.33	144.84	117.07	149.31
1068.95	144.96	119.15	151.04
1070.1	145.87	121.29	151.1
1072.68	146.77	122.01	152.83
1078	145.3	119.98	155.18
1083.8	145.3	116.8	159.1
1092.5	146.41	112.1	160.39
1099.7	147.52	108.19	159.85
1104.2	148.63	106.9	161.27
1106.7	149.75	107.42	162.65
1109.1	150.86	109.4	161.14
1112.5	151.97	109.23	161.93
1113.16	153.08	112.2	162.62
1113.82	154.19	115.18	163.31
1110.8	155.31	121.33	161.93
1109.1	156.42	126.15	162.58
1109.5	157.53	128.88	160.87
1108.6	160.7	132.9	158.3
1111.23	161.3	137.07	158.4
1112.2	161.89	138	156.38
1115.65	162.49	136.45	154.34
1119.1	163.09	134.9	152.31
1122.7	164.56	135.28	150.63
1126.3	166.03	135.65	148.95
1129.9	167.5	136.03	147.27
1134	167.53	135.9	147.03
1138.1	167.56	135.78	146.79
1142.2	167.59	135.65	146.55
1145.35	167.62	136.48	146.31
1148.5	167.65	137.3	146.07
1154.1	167.68	135.67	145.83
1159.4	170.2	134.35	143.1
1164.3	169.98	133.43	143.11
1165.13	171.8	136.57	141.08
1169.2	171.33	137.3	142.57
1169.57	170.85	140.79	142.66
1169.94	170.38	144.27	142.75
1170.31	169.9	147.76	142.84
1170.67	169.43	151.26	142.93
1171.04	168.95	154.75	143.02
1171.41	168.48	158.23	143.11
1171.78	168	161.72	143.2
1171.9	167.14	165.32	143.74
1173.23	168	170.67	144.9
1174.53	167.04	172.93	145.41
1175.83	166.09	175.18	145.91
1177.13	165.13	177.44	146.42
1178.42	164.18	179.7	146.92
1179.72	163.22	181.96	147.43
1181.02	162.27	184.21	147.93
1182.32	161.31	186.47	148.44
1183.62	160.36	188.72	148.94
1184.92	159.4	190.98	149.45
1186.21	158.44	193.25	149.96
1187.51	157.49	195.5	150.46
1188.81	156.53	197.76	150.97
1190.11	155.58	200.01	151.47
1191.41	154.62	202.27	151.98
1192.71	153.67	204.52	152.48
1194	152.71	206.79	152.99
1195.3	151.76	209.04	153.49
1196.6	150.8	211.3	154
1198.65	150.09	212.17	154.23
1200.7	149.38	213.04	154.47
1202.75	148.67	213.91	154.7
1204.8	147.96	214.78	154.94
1207	146.68	215.5	155.74
1209.2	145.4	216.22	156.55
1210.3	144.77	218.04	156.73
1211.5	144.15	219.76	156.87
1212.3	143.52	222.5	157.58
1213.05	142.89	224.61	157.68
1213.8	142.27	226.73	157.78
1215.4	141	224.5	160.3
1219.66	140.45	223.54	160.1
1223.92	139.91	222.58	159.89
1228.17	139.36	221.63	159.69
1232.43	138.81	220.67	159.49
1236.69	138.27	219.71	159.28
1240.95	137.72	218.75	159.08
1245.21	137.17	217.79	158.88
1249.46	136.62	216.84	158.68
1253.71	136.36	215.68	158.66
1257.96	136.1	214.52	158.65
1262.21	135.84	213.36	158.63
1266.46	135.58	212.2	158.62
1270.7	135.32	211.05	158.6
1274.95	135.06	209.89	158.59
1279.2	134.8	208.73	158.57
1282.28	133.89	208.74	159.21
1285.36	132.98	208.75	159.84
1288.44	132.06	208.76	160.49
1291.53	131.15	208.76	161.12
1294.61	130.24	208.77	161.76
1297.69	129.33	208.78	162.39
1300.77	128.41	208.79	163.04
1303.85	127.5	208.8	163.67
1306.93	126.59	208.81	164.31
1310.01	125.68	208.82	164.94
1313.09	124.76	208.83	165.59
1316.17	123.85	208.84	166.22
1319.26	122.94	208.84	166.86
1321.66	123.2	209.44	166.47
1324.07	124.11	209.73	165.43
1324.1	119.1	219.22	170.31
1326.64	120.35	212.66	168.93
1329.19	117.5	220.47	171.65
1331.73	114.9	215.97	174.12
1334.28	105.5	233.52	179.9
1358.6	108.8	224.47	176.74
1383.5	122	212.1	166
1377.3	129	226.5	158.93
1363.9	130.14	250.03	157.71
1352.5	136	276.9	151.2
1345.5	141.3	293.36	145.3
1342.19	142.35	306.72	143.15
1343.4	142.6	314.88	143.18
1343.5	142.16	324.14	143.91
1344.2	145.8	336.3	138.2
1351.92	144	336.78	140.5
1354.9	145.1	346.7	139
1367.35	141.6	337.75	145.6
1384.7	136	319.4	157.9
1404.2	126.6	292.1	165.4
1425.7	127.1	268.2	159.5
1446.6	129.4	252.36	150.9
1466.3	138	237.72	134
1490.1	140.8	221.9	128.2
1507.1	142.8	211.5	125.2
1528.8	142.25	194.52	126.63
1551.2	141.69	176.83	129.81
1572.8	135.8	153.5	141.7
1569.3	135.78	158.8	144.32
1573.8	134	160.05	146.03
1587.9	128.9	154.7	151.6
1623.2	133.4	121.8	146.95
1640	133.77	103.5	146.43
1636.15	128.7	103.85	146.9
1632.29	130.42	123.61	141.28
1628.44	132.15	134.01	141.65
1624.58	133.88	144.42	142.02
1620.73	135.6	146.87	143.86
1613.16	133.7	146.84	149.03
1605.59	137.46	148.41	148.53
1590.7	141.23	151.5	148.03
1578.7	144.99	149.7	149.01
1568.4	155.1	150.7	142.07
1561.79	158.44	162.11	141.91
1549.8	161.78	185.6	140.32
1543.61	161.2	199.69	144.18
1537.42	164.87	213.18	143.8
1531.22	166.6	220.48	145.35
1524	170.46	226.4	146.74
1515.5	174.32	228.4	145.48
1507.3	178.18	226.8	145.22
1499.9	182.04	224.4	145.36
1491.9	183	222.6	146.8
1487.38	187.44	216.32	145.36
1477.5	191.88	216.65	144.42
1470.8	196.32	213.8	142.78
1469.6	200.76	205.45	141.14
1469.3	205.2	196.2	139.6
1475.7	210.6	185.7	136.7
1472.97	220.15	174.28	129.6
1470.23	229.7	162.87	122.5
1467.5	234.18	139.9	119.26
1466.2	238.66	118.1	114.04
1463.26	243.13	100.54	111.1
1460.32	255.5	90.18	100.26
1457.38	258.4	80.02	98.89
1454.44	262.8	71.36	96.02
1451.5	266.7	71.27	93.64
1448.56	271.3	64.34	90.57
1448.6	270	61.7	92.5
1450.1	271.99	56.65	91.92
1449.3	271.1	61.6	94.22
1448.5	273.57	64.7	93.17
1447.7	276.03	55.7	92.12
1446.9	278.5	46.7	91.06
1446.1	277.8	37.4	93.17
1445.3	281.85	37.4	90.54
1444.5	285.9	37.4	87.9
1439.44	284.1	41.77	90.25
1439.5	285.62	41.03	89.28
1438.7	287.14	46.5	88.31
1437.6	288.66	46.6	88.74
1437.1	290.18	44.7	88.52
1436.8	294.8	44.09	84.3
1435.8	296.1	41.9	85.7
1434.9	297.4	40.9	83.8
1432.1	298.7	40.8	83.9
1420.3	310.2	57	80.6
1407.5	302.7	69.6	91.7
1396.84	306.8	82.86	89.5
1390.15	313.8	91.55	81.06
1383.46	316	103.14	72.6
1376.77	317.2	114.43	70.76
1370.08	316.36	130.42	70.97
1363.39	315.52	139.31	71.17
1356.71	315.41	131.79	70.64
1350.02	315.3	124.28	70.12
1343.33	313	122.57	71.78
1336.42	311.85	120.98	71.06
1329.5	310.71	119.2	70.33
1324	309.56	117.9	69.61
1317	308.42	116.5	68.88
1311.4	307.27	114.3	68.17
1304.31	306.13	115.99	67.44
1297.22	304.71	118.03	65.72
1290.13	303.3	120.07	64
1281	301.9	124.83	62.9
1272.39	300.54	127.37	62.68
1264.52	299.21	128.78	62.14
1257.91	298.2	129.49	61.6
1251.3	297.19	132.4	61.06
1244.69	296.17	137.61	61.63
1238.08	296.3	143.02	57.8
1233.2	296.4	143.8	54.8
1227.1	294.82	146	53.58
1221.05	294.36	145.92	52.54
1215	293.9	145.83	52.1
1208.7	293.5	146	51
1201.05	292.6	147.4	51.24
1195.33	292	145.97	51.18
1189.6	291.4	144.55	51.12
1183.4	290.8	143.6	51.06
1177.6	290.2	142.25	51
1173.33	289.6	141.37	50.94
1167.4	289	141.4	50.88
1163.26	288.4	138.74	50.82
1156.3	287.8	140.5	50.76
1152.7	287.2	136.45	50.7
1152.2	280.9	133.3	56.34
1150.7	277.8	131.2	58.78
1147.8	278.22	125.44	57.7
1142.91	281.5	129.29	53.76
1138.02	281.45	119.68	53.15
1133.13	281.4	113.87	53.7
1126	282.2	110.7	51.95
1121.86	281.87	103.44	51.33
1117.72	281.53	100.38	50.72
1113.58	281.2	98.42	50.1
1111.9	280.78	97.4	50.02
1110.9	277.2	99.1	53.1
1106.99	277.17	101.81	52.63
1103.6	278.3	102.8	51
1100.5	278.7	98.52	50.1
1095.2	278.36	95.9	49.94
1089	278.02	92.6	49.78
1085.87	277.68	87.23	49.62
1080.5	277.34	86.2	48.86
1078.5	277	83.6	49.3
