2067.6	393.53	142.7	81.8
2062.23	397.49	140.03	82.39
2056.87	401.46	137.35	82.98
2051.5	405.43	134.68	83.57
2041.15	401.7	135.45	96
2030.8	413.36	139.3	93.04
2024.96	417.33	137.1	92.61
2019.12	421.3	134.9	92.18
2013.28	425.27	132.7	91.75
2007.44	429.23	130.5	91.33
2001.6	433.2	128.3	90.9
1996.78	433.9	128.49	93.42
1991.95	434.6	128.68	95.93
1987.13	435.3	128.87	98.45
1982.3	438.68	128.18	98.28
1977.48	442.05	127.47	98.13
1972.66	445.43	126.77	97.97
1967.83	448.8	126.07	97.81
1963.01	448.3	128.29	101.53
1958.19	447.3	122.21	105.74
1953.36	452.7	114.34	103.56
1950.99	450.7	113.81	111.53
1944	454.2	108.1	106.7
1939.4	461.83	104.14	101.37
1934.3	478.6	95.2	87.5
1931.7	477.5	103.4	92.8
1930.5	479.3	103	97.7
1930.87	481.1	101.03	105.6
1929.5	487	96.4	105.8
1929.56	487.3	93.64	117.1
1929.63	515.2	53.97	100.8
1928.63	506.4	60.62	110.45
1927.64	497.6	67.26	120.1
1926.65	491.6	69.35	124.2
1925.66	496.5	54.84	122.9
1924.66	498.4	53.54	130.26
1923.67	508.96	47.23	124.37
1922.68	519.51	46.62	118.48
1921.69	530.07	46.01	112.59
1920.69	540.63	45.41	106.69
1919.7	551.19	44.8	100.8
1919.62	553.79	44.34	102.5
1919.54	556.39	43.88	104.21
1919.46	558.99	43.42	105.91
1911.5	553.2	52.68	114.67
1910.67	555.23	54.82	115.61
1909.83	557.27	56.96	116.54
1909	559.3	59.1	117.49
1904.9	554.4	68.5	125.36
1911.9	565.4	54.35	117.33
1905.1	577.2	62.3	108.5
1903.26	581.33	63.31	107.97
1901.42	585.46	64.32	107.44
1899.58	589.59	65.33	105.54
1897.74	593.72	66.34	103.65
1895.9	597.85	67.35	101.75
1904	601.98	58.42	99.37
1912.1	606.11	49.49	96.99
1900.32	610.24	60.44	94.56
1888.54	614.37	71.39	92.13
1886.7	618.5	72.4	84
1880.34	619.7	90.56	85.4
1872.82	622.9	113.78	85.95
1865.3	630.7	117.1	81.9
1859.27	635.4	115.38	79.47
1853.24	640.1	113.66	77.04
1851	640.9	109.9	80
1841.19	650.9	124.51	70.79
1835.16	653.3	134.24	70.66
1829.13	659.65	131.67	66.58
1823.1	666	129.1	62.5
1815.23	667.46	128.05	63.69
1807.37	668.92	126.99	64.88
1799.5	670.38	125.94	70.72
1795.66	667.8	126.54	78.94
1791.82	664.9	124.18	81.4
1787.97	671.25	119.95	81.91
1784.13	677.6	115.71	82.42
1780.29	676.27	111.47	90.61
1776.44	674.93	107.24	98.81
1772.6	673.6	103	107
1767.47	679.1	95.18	108.77
1762.34	684.6	87.36	110.54
1757.21	684.2	84.89	118.21
1752.08	683.8	82.42	125.88
1746.95	692.57	83.03	124.38
1741.82	701.33	83.65	122.89
1736.69	710.1	84.26	121.39
1731.56	718.87	84.87	119.89
1726.43	727.63	85.49	118.4
1721.3	736.4	86.1	116.9
1716.44	741.39	89.78	118.98
1711.59	746.38	93.45	121.05
1706.73	751.37	97.14	123.13
1701.88	756.36	100.81	125.21
1697.02	761.34	104.49	127.29
1692.17	766.33	108.16	129.37
1687.31	771.32	111.85	131.45
1682.46	776.31	115.52	133.52
1677.6	781.3	119.2	135.6
1676.1	792.3	122.1	129.1
1671.51	796.05	120.41	131.78
1666.92	799.8	118.72	134.46
1662.33	803.55	117.03	137.14
1657.74	807.3	115.34	139.82
1653.15	811.05	113.65	142.5
1648.56	814.8	111.96	145.18
1643.97	818.55	110.27	147.86
1639.38	822.3	108.58	150.54
1634.79	826.05	106.89	153.22
1630.2	829.8	105.2	155.9
1623.77	833.6	109.43	155.32
1617.34	838.4	107.26	153.73
1610.91	843.2	108.59	152.15
1604.47	848	109.93	150.56
1598.04	855.43	118.46	146.35
1591.61	862.87	126.99	142.12
1585.18	870.3	135.52	137.91
1578.75	877.73	144.05	133.7
1572.32	885.17	152.58	129.47
1565.88	892.6	161.12	125.26
1561.29	897.5	165.81	124.8
1556.7	902.3	164.8	124.44
1552.1	907.1	163.8	124.08
1547.51	913.2	164.39	122.42
1542.92	914.75	160.28	125.31
1538.32	916.3	156.18	128.2
1533.73	916.85	154.17	132.09
1529.13	917.4	152.17	135.98
1524.54	925.65	149.36	132.17
1519.95	933.9	146.55	128.37
1515.5	936.83	148.77	130.8
1511.06	939.77	150.97	133.22
1506.61	942.7	153.19	135.66
1502.17	948.7	154.83	135.02
1497.72	951.98	152.06	137.1
1493.28	955.27	149.29	139.18
1488.83	958.55	146.52	141.26
1484.39	961.83	143.74	143.34
1479.94	965.12	140.98	145.42
1475.5	968.4	138.2	147.5
1470.23	972.23	139.27	147
1464.97	976.06	140.33	146.51
1459.7	979.89	141.4	146.01
1454.41	983.35	141.59	143.31
1449.12	986.81	146.61	140.61
1443.83	990.28	151.62	137.9
1438.54	993.74	156.64	135.2
1433.25	997.2	161.65	132.49
1427.96	1009.8	171.24	120.65
1422.67	1006.7	161.93	124.51
1409.66	1010.93	167.21	122.33
1396.65	1015.17	172.49	120.14
1383.63	1019.4	177.78	117.96
1370.62	1023.63	183.06	115.77
1357.61	1027.87	188.34	113.58
1344.6	1032.1	193.62	111.4
1335.83	1035.2	197.72	114.87
1327.06	1038.3	201.81	118.33
1318.3	1041.4	205.9	121.8
1311.6	1046.5	195.7	134.5
1305.73	1049.63	190.27	139.22
1299.86	1052.77	184.84	143.93
1293.99	1055.9	179.41	148.64
1288.12	1058.66	172.89	153.73
1282.25	1061.41	166.38	158.83
1276.38	1064.17	159.86	163.92
1270.51	1066.93	153.35	169.01
1264.64	1069.69	146.83	174.09
1258.77	1072.44	140.32	179.19
1252.9	1075.2	133.8	184.28
1247.4	1083.5	133.69	184.79
1241.9	1091.8	133.58	185.29
1236.4	1100.1	133.47	185.8
1228.73	1105.11	135.53	184.86
1221.06	1110.13	137.59	183.91
1213.39	1115.14	139.65	182.97
1205.71	1120.16	141.72	182.03
1198.04	1125.17	143.78	181.09
1190.37	1130.19	145.84	180.14
1182.7	1135.2	147.9	179.2
1176.26	1147.6	155.44	171.2
1169.81	1160	162.99	163.2
1163.37	1163.29	163.81	164.32
1156.92	1166.58	164.63	165.43
1150.48	1169.86	165.45	166.55
1144.03	1173.15	166.27	167.67
1137.59	1176.44	167.09	168.78
1131.15	1179.73	167.9	169.89
1124.7	1183.01	168.73	171.01
1118.26	1186.3	169.54	172.13
1115.78	1197	166.02	172.01
1113.3	1207.7	162.5	171.9
1102.4	1217	176.6	169.5
1096.73	1212.2	176.47	183.79
1091.06	1213.63	174.12	191.84
1085.39	1215.07	171.77	199.89
1079.71	1216.5	169.43	207.94
1074.04	1217.93	167.08	216
1068.37	1219.37	164.73	224.04
1062.7	1220.8	165.1	232.1
1054.98	1228.7	161.92	232.62
1047.3	1233.95	158.95	235.33
1039.62	1239.2	155.98	238.03
1033.64	1245.6	155.06	242.92
1022	1254.65	158.85	244.55
1013.2	1268.3	168.2	241.5
1004.7	1280	174.4	234.7
988.09	1283.6	182.31	236.02
971.48	1291.75	184.52	232.79
954.87	1299.9	186.73	229.57
947.21	1307.5	199.49	228.79
934.45	1319.3	216.55	228.08
921.69	1344	235.71	214.45
907.4	1382	246.4	187.5
894.89	1376.9	267.91	203.69
887	1395.8	268.8	197.4
873.34	1398.46	277.86	205.45
859.68	1401.13	279.82	213.48
846.02	1403.79	281.78	221.53
832.36	1406.46	283.74	229.56
816.27	1412.89	289.36	233.85
800.18	1419.33	294.97	238.13
784.09	1425.76	300.59	242.42
768	1432.2	306.2	246.7
755.1	1441.52	310.7	247.68
739.9	1450.83	318.9	249.17
720.3	1480.8	332.1	229
702.78	1483.23	330.85	226.22
685.26	1485.67	329.61	223.44
667.75	1488.1	328.35	220.66
650.33	1506.1	337.8	205.59
632.92	1524.1	347.25	190.53
615.5	1542.1	356.7	175.46
598.09	1562.7	365.26	157.79
580.67	1583.3	373.83	140.13
560.2	1599.5	377.79	129.2
544.31	1603.1	382.49	127.37
528.43	1606.7	376.56	125.53
511.01	1596.55	380.53	138.62
493.6	1586.4	384.5	151.7
481.65	1591.5	381.3	149.45
469.7	1596.6	378.1	147.2
461	1619.7	374.3	123.15
452.2	1634.2	369.8	107.7
435.39	1640.2	378.71	100.75
417.56	1635.57	382.16	104.43
399.73	1630.93	385.61	108.12
381.9	1626.3	389.06	111.8
366.61	1622.7	385.39	114.45
351.31	1604.5	387.79	131.7
341.2	1602.1	392.3	132.7
333	1597.9	382.9	135.5
310	1600.54	378.8	131.46
274.3	1630.74	383.57	127.42
240.6	1628.78	386.2	137.92
195.7	1626.83	387.2	151.67
174.02	1624.87	402.48	102.83
143.15	1615.3	425.15	110.57
117.65	1617.15	421.41	106.88
81.42	1619	417.68	103.2
34.2	1612.7	414	141.7
0	1614.08	403.9	157.22
0	1610.9	360.5	120.1
0	1608.3	352.1	96.8
0	1598.1	333	106.15
0	1603.5	294.95	99.9
0	1608.9	256.9	93.65
0	1614.3	196.9	98.9
0.77	1621.2	169.83	93
0	1625.1	173.4	74.9
0	1625.94	75.3	54.46
0	1616.06	50.6	51.89
0.77	1608.28	27.33	49.32
0.66	1611.89	12.84	46.74
0.55	1615.49	12.67	38.82
0.44	1619.09	12.49	30.91
0.33	1622.69	12.32	31.01
0.22	1626.3	12.15	31.1
0.11	1629.9	11.97	31.2
0	1633.5	11.8	31.3
0	1633.5	11.8	31.3
