845.67	297.69	382.83	184.41
845.83	297.35	382.07	184.25
831.3	298.9	385.7	184.1
823.4	303.4	383.7	184
820.3	308.2	379.1	183.6
812.7	312	378.4	185
807.6	315.6	380.6	184.4
804.1	318	370	184
797.8	320	367.5	183.4
791.4	320	371.1	181.1
784.4	317.8	367	181
774.9	318.6	366.66	180.8
769.6	311.4	361.6	187
760.2	310.3	366.8	185.4
752.6	309.2	359.2	187.6
747.7	309.1	358.8	187.6
740.4	309	358.6	190.2
735.4	312	355	188.7
723.7	312	360.8	194.6
709	321	363.4	192.9
702	320	364	198.6
701.7	327	354.3	202.4
699.8	329	348.5	204.2
699.2	334	342.9	205.3
707.1	338	337.3	206.4
710.4	345	343.6	204.2
715	349.8	337.5	206.2
732.6	361	316.5	204
742.7	366.5	309.8	209.5
753	373.3	293.2	210.6
762.1	372.4	280	214
774.7	375.1	262.2	215.1
787	372.6	247.8	219.6
804.9	355.7	233.5	235
819.5	351.5	218	243.9
832.3	345.9	208.1	249.4
838.6	349.1	199.2	247.2
846	339.5	197.8	258.8
852	338.1	200.3	260.9
850.8	335.2	223.6	265.4
854	323.9	222.5	268.6
853.5	317.1	223.5	267.5
852.2	304.8	224	268.6
848.2	288.6	229.7	269.1
839.6	267.5	212.9	269.7
837.6	239.2	203.4	272.9
824.5	200.9	200.1	290.4
811.6	171.4	212.9	294.4
805.1	137.2	216.2	299.9
789.8	115.8	225.7	302.3
772.9	86.5	236.7	316.3
749.5	63.64	259.1	325.46
726.9	39.49	284.6	338.11
707	22.3	306	351.7
692.7	36	316.8	336.2
685.3	28.5	335	344.4
678	27.2	356.8	348.4
661.5	34.6	372.4	345.7
656.11	34.1	392.89	352.4
651.4	22.5	405.7	362.1
653.2	25.7	417.7	360.5
654.7	16.96	423.7	370.84
669	29.7	417.4	362.9
675.4	29.7	412.6	364.5
688.1	37.7	411.1	362.9
688.8	43.1	420.6	357.2
687.3	47.9	426.5	351.1
692.3	50.2	428.1	342.3
686	44.8	435.9	342.3
670.7	34.4	449.4	348.2
652	30.4	474	348.2
633.2	28.67	481.5	346.73
618	30.7	499.8	349
610.7	30.7	521.8	354.9
604.8	41.7	537.1	355.5
594.5	47.6	559.2	358.4
593	50.1	569.3	363.9
594.2	54.5	580.7	370.3
589.7	75.7	596.2	361.2
588.5	87.3	610.7	361
588.6	102	614.4	360
584.7	112.5	628.7	360
581	126.3	641.2	358.6
580.3	130.9	646.9	363.9
570.4	144	656.3	358.6
577.1	156.3	645.7	355.1
572.5	171.7	646.4	346.2
562.5	156.9	651.8	368
574.3	155.2	631.9	377.2
556.1	147	642.7	397.6
535.8	133.3	646.5	419
539.3	121.2	631.3	429.7
528.1	122.7	631	430.5
525.7	118.1	622.2	430
525.8	112.5	613.2	430.4
536	125.1	595.4	418.3
544.3	125.4	586.2	413.6
555.8	121.5	566.9	415.9
562.9	124.9	566	412.1
567.1	128.2	566.4	400.3
575.4	143.1	564.5	379.4
585.9	156	564	362.8
609.1	163.5	553.7	345.8
630.2	174.8	547.1	330.3
655.2	181	538.1	322.7
671.5	200.6	532.1	302.9
695.6	209.8	523.2	296.1
719.2	219.8	530.36	287.2
729.3	224.9	518.2	287
764	229	497.4	288.5
780.9	233.5	497	291
798.9	230.2	488.7	295.5
809.5	220.3	492.4	305.3
814.7	219	499.3	308
815.4	208.7	509.2	318.3
822.8	213.3	513.4	312.2
830.5	221.8	514.5	312
844.6	223	512.6	315.4
859.9	225.2	509.1	319.3
876.9	238.8	507.4	314.6
899	246.5	495.2	283.1
925.8	260.9	483.3	272.7
950.9	269	471.3	277.9
981.7	285.5	456.3	277
1018.2	299.1	436.9	282.8
1050.4	309.2	422.2	298.6
1088.6	319.1	402.9	298
1128.6	323.6	393.3	299.9
1170.2	319.3	374.1	305.9
1211.9	322.8	359.3	305.8
1255.5	322.1	334.1	312.3
1288.8	328	328.1	317.9
1331.6	337	307.4	321.4
1375.6	339	290.8	329.8
1420.8	342.9	275.3	337.8
1466	344.6	250	341.4
1516.9	353	226.5	335.1
1556.5	351.8	220.1	348.2
1596.2	357	220	339.2
1633.2	351.7	224.4	337.5
1662.9	351.5	229.9	338.5
1693.8	357	226.2	335.1
1720.9	352.1	199.1	343.8
1761.1	355.9	158.9	351.8
1772.8	359	147.2	348
1774.2	364.6	145.8	355.4
1771.3	367.3	148.7	358.4
1763.4	367	156.6	367.2
1752.1	370.8	167.9	293.8
1739.6	371	180.4	296.6
1727.1	382.9	192.9	293.7
1713.5	387	206.5	310.6
1696.6	398.8	223.4	323.3
1681.9	403.9	238.1	320.1
1668.5	411.9	251.5	312.7
1659	415	261	308.2
1644.6	418.5	275.4	309.8
1632.2	420.5	287.8	314.2
1614.8	425	305.2	314.1
1600.2	420.6	319.8	314.1
1588.2	428	331.8	306.8
1575.7	430.5	344.3	303.9
1556.5	430	363.5	305.3
1547.6	429.5	372.4	298
1532.1	427.4	387.9	298
1517.2	427	402.8	299.5
1501.7	421.1	418.3	296
1487.1	420.5	432.9	290.6
1476.1	414.6	443.9	290
1459.7	410.1	460.3	287
1452	407.9	468	286
1436.8	406	483.2	283.1
1425.1	403.9	494.9	280.1
1413.6	400.2	506.4	280
1403.9	398.5	514.6	274.1
1395.5	391.5	524.5	274
1383.6	384.4	536.4	271.1
1370.5	374.5	549.5	274
1359.2	360.7	560.8	281.8
1345.7	351.1	574.3	284
1337	335.7	583	291.3
1335.3	329.9	584.7	288.1
1322.2	318.1	597.8	291
1315.3	309	604.7	293.9
1312.5	297	607.5	297.5
1306.5	288.5	613.5	301.4
1299.9	281.5	617.2	301
1298	270.1	599.4	309.8
1294.4	268.9	593.1	310.5
1287.9	264	594.5	311.5
1284.9	263.5	597	313.9
1281	264.1	601.4	315.9
1280.9	269	602.1	307.1
1279.2	272	602	304.1
1273.4	279.5	606.9	295.2
1269	284	601.6	289.2
1264.5	286	602.4	287.5
1262	291.3	602	282.6
1259.1	296	604.9	279.1
1256	293.1	612.8	282
1251.5	298	609.1	282
1250.1	301	611.7	280.5
1246.6	300.6	615.4	281.5
1242.43	300.6	620.57	281.5
1237.21	302.7	617.49	279.4
1232	302.7	617.49	279.4
1223.66	302.7	621.64	279.4
1213.23	302.7	623.77	279.4
1211.14	302.7	618.56	279.4
1206.97	304.79	620.63	279.4
1202.8	303.7	620.63	282.57
1197.58	303.7	612.32	282.57
1195.5	307.9	608.1	280.46
1192.37	306.9	608.1	286.7
1192.37	306.9	604.93	295
1193.4	313.2	594.5	293.9
1196.5	316.3	588.3	297.1
1197.54	316.3	586.26	300.2
1199.63	317.34	581.87	301.26
1201.71	318.39	586.26	302.31
1203.8	318.39	586.26	302.31
1205.89	312.1	590.41	305.47
1207.97	306.9	588.33	305.5
1207.97	302.7	588.33	307.6
1210.1	300.6	583	306.6
1203.84	295.4	578.86	308.7
1198.63	291.2	575.77	309.7
1193.41	291.2	566.39	306.6
1182.98	288.1	563.22	308.66
1172.55	285	558.05	310.71
1165.26	285	552.84	310.71
1157.96	282.9	547.64	312.81
1153.78	280.8	541.42	318.04
1149.61	273.5	535.19	323.3
1149.61	273.5	534.19	325.4
1149.61	266.2	517.49	337.9
1156.91	266.2	513.89	345.2
1163.17	267.2	514.33	350.46
1173.6	271.4	511.2	349.39
1181.95	280.8	508.05	344.16
1189.24	288.1	502.86	337.9
1194.46	306.9	498.64	323.27
1198.63	316.3	494.47	318.04
1200.71	318.4	481.99	315.94
1200.71	317.4	466.39	311.1
1201.76	316.4	446.54	310.64
1203.8	312.23	427.8	310.64
1203.8	309.1	413.2	311.7
1199.63	312.2	401.77	304.4
1192.33	313.2	390.27	303.4
1185.03	318.4	375.67	298.2
1180.86	320.49	360.04	298.2
1176.68	323.6	346.52	296.13
1172.51	328.8	336.09	295.1
1172.51	335.1	325.69	291.93
1174.6	343.4	316.3	289.89
1179.81	352.8	310.09	295.09
1187.11	358	303.79	298.23
1195.46	362.2	290.24	299.24
1209.02	387.2	304.88	284.67
1231.96	369.5	319.44	306.54
1249.69	367.4	329.91	300.3
1268.46	368.4	336.14	292
1293.49	370.44	341.31	284.75
1317.47	378.8	338.23	277.43
1339.38	398.6	338.22	264.9
1362.32	400.7	328.88	279.5
1384.22	401.7	299.68	299.8
1407.16	407.9	268.44	295.23
1428	415.2	240.3	290
1443.64	418.3	212.16	291.1
1457.2	422.5	189.2	288.99
1467.6	428.8	171.5	282.7
1471.77	438.2	171.5	276.4
1481.16	448.6	188.14	268.1
1491.59	450.7	200.61	265
1502.02	455.1	200.61	260.6
1512.44	457	224.56	266
1521.83	457	238.07	293.1
1531.22	462.2	250.58	293.2
1539.56	462.2	275.64	300.5
1548.94	462.2	309.06	305.7
1560.42	464.6	342.38	308.5
1572.93	463.9	347.07	294.6
1585.97	464.62	334.03	272.88
1600.45	463.9	319.55	247.5
1620.01	463.92	299.99	238.08
1638.84	464.6	281.16	234.5
1653.32	469.7	266.68	233.02
1665.63	468.25	254.37	233.02
1672.87	466.8	247.13	232.3
1675.77	468.25	244.23	232.3
1672.51	468.62	247.49	231.93
1669.25	469	250.75	231.55
1664.18	469	255.82	232.3
1662.01	471.2	257.99	231.5
1663.5	479.2	256.5	227.8
1664.95	482.1	255.05	224.9
1668.57	491.51	251.43	221.99
1672.19	498.8	247.81	219.77
1676.54	506.8	243.46	217.56
1680.88	511.9	239.12	217.53
1684.5	517.7	235.5	216.08
1689.57	524.9	230.43	214.67
1696.81	531.4	223.19	213.2
1704.78	536.5	215.22	211
1719.27	543.7	200.73	213.21
1731.58	547.3	188.42	208.16
1748.2	552.3	171.8	203.2
1767.75	558.8	152.25	196.7
1788.03	565.3	131.97	191.6
1809.04	575.4	110.96	175.8
1829.31	592.1	90.69	149.7
1850.32	606.6	69.68	132.3
