1610.3	376.14	36.7	108.76
1610.28	376.14	36.72	108.76
1610.28	376.14	36.72	108.76
1602	368.6	37.5	116.3
1602	368.6	37.5	116.3
1602	368.6	37.5	116.3
1600.4	361.9	39.6	117.9
1600.4	361.9	39.6	117.9
1600.4	361.9	39.6	117.9
1600.4	354.5	42.1	118.4
1600.4	354.5	42.1	118.4
1600.4	354.5	42.1	118.4
1599.4	350.1	48.5	113.9
1599.4	350.1	48.5	113.9
1599.4	350.1	48.5	113.9
1597.9	343.7	56.9	118.8
1597.9	343.7	56.9	118.8
1597.9	343.7	56.9	118.8
1599.9	335.3	55.4	125.7
1599.9	335.3	55.4	125.7
1599.9	335.3	55.4	125.7
1599.9	327.4	55.9	135.6
1599.9	327.4	55.9	135.6
1599.9	327.4	55.9	135.6
1607.7	325	40.7	118.8
1607.7	325	40.7	118.8
1607.7	325	40.7	118.8
1615.1	321.6	22.5	103.5
1615.1	321.6	22.5	103.5
1615.1	321.6	22.5	103.5
1609.7	317.2	28.9	99.5
1609.7	317.2	28.9	99.5
1609.7	317.2	28.9	99.5
1604.3	313.3	40.7	103.4
1604.3	313.3	40.7	103.4
1604.3	313.3	40.7	103.4
1609.6	308.9	38.4	107.8
1609.6	308.9	38.4	107.8
1609.6	308.9	38.4	107.8
1609.6	303.1	37.2	107
1609.6	303.1	37.2	107
1609.6	303.1	37.2	107
1608.9	296.3	38.6	113.8
1608.9	296.3	38.6	113.8
1608.9	296.3	38.6	113.8
1613.7	287.4	43	105.3
1613.7	287.4	43	105.3
1613.7	287.4	43	105.3
1615.1	279.5	39.9	104.7
1615.1	279.5	39.9	104.7
1615.1	279.5	39.9	104.7
1602.8	279.5	46.3	102.7
1602.8	279.5	46.3	102.7
1602.8	279.5	46.3	102.7
1603.8	272.2	44.8	111
1603.8	272.2	44.8	111
1603.8	272.2	44.8	111
1604.3	265.8	42.8	103.1
1604.3	265.8	42.8	103.1
1604.3	265.8	42.8	103.1
1608.2	261.9	38.4	101.1
1608.2	261.9	38.4	101.1
1608.2	261.9	38.4	101.1
1606.7	256.5	38.9	106.5
1606.7	256.5	38.9	106.5
1606.7	256.5	38.9	106.5
1606.7	252.1	38.9	116.8
1606.7	252.1	38.9	116.8
1606.7	252.1	38.9	116.8
1609.2	249.6	36.4	117.8
1609.2	249.6	36.4	117.8
1609.2	249.6	36.4	117.8
1616.1	244.7	40.3	112.9
1616.1	244.7	40.3	112.9
1616.1	244.7	40.3	112.9
1617.4	242.9	45.7	108.6
1617.4	242.9	45.7	108.6
1617.4	242.9	45.7	108.6
1612.6	237.7	50.5	108.6
1612.6	237.7	50.5	108.6
1612.6	237.7	50.5	108.6
1609	234.2	55.3	112.1
1609	234.2	55.3	112.1
1609	234.2	55.3	112.1
1616	231.3	47.9	99
1616	231.3	47.9	99
1616	231.3	47.9	99
1618.1	223.5	38.4	97.8
1618.1	223.5	38.4	97.8
1618.1	223.5	38.4	97.8
1618.1	218.2	45.3	103.1
1618.1	218.2	45.3	103.1
1618.1	218.2	45.3	103.1
1617.3	213.3	47.4	108
1617.3	213.3	47.4	108
1617.3	213.3	47.4	108
1618.03	211.98	45.25	106.55
1618.75	210.65	43.1	105.1
1619.48	209.33	40.95	103.65
1620.2	208	38.8	102.2
1620.2	208	38.8	102.2
1620.2	208	38.8	102.2
1627.6	201.4	31.4	104.3
1627.6	201.4	31.4	104.3
1627.6	201.4	31.4	104.3
1629.2	198.1	34.7	107.6
1629.2	198.1	34.7	107.6
1629.2	198.1	34.7	107.6
1625.5	192.4	44.1	110.4
1625.5	192.4	44.1	110.4
1625.5	192.4	44.1	110.4
1616.5	189.1	58	107.5
1616.37	189.1	57.86	107.5
1616.23	189.1	57.74	107.5
1616.1	184.6	56.8	112.4
1616.1	184.6	56.8	112.4
1616.1	184.6	56.8	112.4
1616.1	180.1	55.6	108.3
1616.1	180.1	55.6	108.3
1616.1	180.1	55.6	108.3
1616.1	177.2	50.3	111.2
1616.1	177.2	50.3	111.2
1616.1	177.2	50.3	111.2
1624.7	174.3	39.7	97.3
1624.7	174.3	39.7	97.3
1624.7	174.3	39.7	97.3
1621.4	171	43	103.9
1621.4	171	43	103.9
1621.4	171	43	103.9
1617.7	169	46.3	103.1
1617.7	169	46.3	103.1
1617.7	169	46.3	103.1
1616.5	166.1	47.5	96.9
1616.5	166.1	47.5	96.9
1616.3	166.1	47.7	97
1614.4	162.8	52.1	100.7
1614.4	162.8	52.1	100.9
1614.4	162.8	52.1	100.9
1611.1	159.1	63.6	104.6
1611.1	159.1	63.6	104.6
1611.1	159.1	63.6	104.6
1610.7	155	77.9	85.7
1610.7	155	77.9	85.7
1610.7	155	77.9	85.7
1610.7	152.1	82	80.4
1610.7	152.1	82	80.4
1610.7	152.1	82	80.4
1609.1	147.6	85.7	84.9
1609.1	147.6	85.7	84.9
1609.1	147.6	85.7	84.9
1607	144.3	88.6	81.6
1607	144.3	88.6	81.6
1607	144.3	88.6	81.6
1600.2	140.9	80.4	83
1600.2	140.9	80.4	83
1600.2	140.9	80.4	83
1600.2	138.5	70.5	85.4
1600.2	138.5	70.5	85.4
1600.2	138.5	70.5	85.4
1595.7	135.3	65.2	88.6
1595.7	135.3	65.2	88.6
1595.7	135.3	65.2	88.6
1592.6	134.6	67.3	96.8
1592.6	134.6	67.3	96.8
1592.6	134.6	67.3	96.8
1590.3	129.1	73	102.3
1590.3	129.1	73	102.3
1590.3	129.1	73	102.3
1588.6	129.1	83.6	78.4
1588.6	129.1	83.6	78.4
1588.6	129.1	83.6	78.4
1585.9	125.3	93.5	82.2
1585.9	125.3	93.5	82.2
1585.9	125.3	93.5	82.2
1584.5	121.2	103.8	86.3
1584.5	121.2	103.8	86.3
1584.5	121.2	103.8	86.3
1584.8	118.8	103.5	87.7
1584.8	118.8	103.5	87.7
1584.8	118.8	103.5	87.7
1583.8	114.7	96.3	87.7
1583.8	114.7	96.3	87.7
1583.8	114.7	96.3	87.7
1579.3	112.6	98.1	88.4
1579.3	112.6	98.1	88.4
1579.3	112.6	98.1	88.4
1576.67	111.57	99.03	89.43
1574.03	110.53	99.97	90.47
1571.4	109.5	100.9	91.5
1568.3	105.7	94.4	93.3
1568.3	105.7	94.4	93.3
1568.3	105.7	94.4	93.3
1567.6	104	88.3	87.8
1567.6	104	88.3	87.8
1567.6	104	88.3	87.8
1562.2	103	91	85.7
1562.2	103	91	85.7
1562.2	103	91	85.7
1559.5	97.9	96.1	86.7
1559.5	97.9	96.1	86.7
1559.5	97.9	96.1	86.7
1552.3	94.1	107.4	85
1552.3	94.1	107.4	85
1552.3	94.1	107.4	85
1549.9	90.3	114.9	86.1
1549.9	90.3	114.9	86.1
1549.9	90.3	114.9	86.1
1544.4	86.6	120.4	78.9
1544.4	86.6	120.4	78.9
1544.4	86.6	120.4	78.9
1541.4	81.8	116.2	77.9
1541.4	81.8	116.2	77.9
1541.4	81.8	116.2	77.9
1537.3	76.7	110.7	83
1537.3	76.7	110.7	83
1537.3	76.7	110.7	83
1535.6	72.3	112.4	83.3
1535.6	72.3	112.4	83.3
1535.6	72.3	112.4	83.3
1534.9	68.2	106.6	76.1
1534.9	68.2	106.6	76.1
1534.9	68.2	106.6	76.1
1531.1	65.2	111.3	86.6
1531.1	65.2	111.3	86.6
1531.1	65.2	111.3	86.6
1524.2	61.9	107.5	89.9
1524.5	61.9	107.2	89.9
1524.5	61.9	107.2	89.9
1519.6	57.8	106	87
1519.6	57.8	106	87
1519.6	57.8	106	87
1511.8	54.5	113	89.5
1511.8	54.5	113	89.5
1511.8	54.5	113	89.5
1507.3	50	117.5	87
1507.3	50	117.5	87
1507.3	50	117.5	87
1504.4	47.1	116.8	82.5
1504.4	47.1	116.8	82.5
1504.4	47.1	116.8	82.5
1503.6	45	104.1	75.6
1503.6	45	104.1	75.6
1503.6	45	104.1	75.6
1498.7	37.2	114.4	80.1
1498.7	37.2	114.4	80.1
1498.7	37.2	114.4	80.1
1495.8	37.2	116.5	78.5
1495.8	37.2	116.5	78.5
1495.8	37.2	116.5	78.5
1492.5	36.4	116.5	77.7
1492.5	36.4	116.5	77.7
1492.5	36.4	116.5	77.7
1488.4	34.8	121	77.7
1488.4	34.8	121	77.7
1488.4	34.8	121.4	77.7
1486.3	34.8	114.9	77.7
1486.3	34.8	114.6	77.7
1486.3	34.8	115	77.7
1483.84	31.5	116.56	77.7
1483.84	31.5	116.16	73.6
1483.84	31.5	116.56	74.5
1480.9	31.5	111.2	74.1
1480.9	31.5	111.7	74.1
1480.9	31.5	111.1	74.1
1479.2	30	111.4	65.5
1479.2	30	111	65.5
1479.2	30	110.1	65.5
1475.3	29	118.1	66.5
1475.3	29	118.1	66.5
1475.3	29	118.1	66.5
1474.3	29	118.1	63.1
1474.3	29	118.1	63.1
1474.3	29	118.1	63.1
1473.3	29	119.1	63.1
1473.3	29	119.1	63.1
1473.3	29	119.1	63.1
1470.8	29	121.5	63.1
1470.8	29	121.5	63.1
1470.8	29	121.5	63.1
1467.7	27.6	122.2	60.4
1467.7	27.6	122.2	60.4
1467.7	27.6	122.2	60.4
1466.7	27.3	108.8	69.6
1466.7	27.3	108.8	69.6
1466.7	27.3	108.8	69.6
1465.3	27	117.8	69.9
1465.3	27	117.8	69.9
1465.3	27	117.8	69.9
1462.6	27	121.9	69.2
1462.6	27	121.9	69.2
1462.6	27	121.9	69.2
1459.5	27.3	125	67.2
1459.5	27.3	125	67.2
1459.5	27.3	125	67.2
1458.8	27.3	123.3	67.2
1458.8	27.3	123.3	67.2
1458.8	27.3	123.3	67.2
1458.1	25.6	118.5	61
1458.1	25.6	118.5	61
1458.1	25.6	118.5	61
1455.7	27.3	120.9	58.1
1455.7	27.3	120.9	58
1455.7	27.3	120.9	58.2
1455.7	28	121.2	61
1455.7	28	121.2	60.8
1455.7	28	121.2	61.1
1454	28	122.9	60.8
1454	28	122.9	60.2
1454	28	122.9	61.1
1454.3	26.6	119.9	61.3
1454.3	26.6	119.9	61.6
1454.3	26.6	119.9	62.2
1453.2	26.9	119.6	61.9
1453.2	26.9	119.6	61.9
1453.2	26.9	119.6	61.9
1452.1	25.8	120.7	63
1452.1	25.8	120.7	63
1452.1	25.8	120.7	63
1452.1	25.8	120.7	59.9
1452.1	25.8	120.7	59.9
1452.1	25.8	120.7	59.9
1450.8	22.8	122	61.9
1450.8	22.8	122	61.9
1450.8	22.8	122	61.9
1451.5	22.5	114.8	61.2
1451.5	22.5	114.8	61.2
1451.5	22.5	114.8	61.2
1452.5	23.2	113.8	56.7
1452.5	23.2	113.8	56.7
1452.5	23.2	113.8	56.7
1453.9	22.2	112.4	58.7
1453.9	22.2	112.4	58.7
1453.9	22.2	112.4	58.7
1455.3	20.8	107.6	60.1
1455.3	20.8	107.6	60.1
1455.3	20.8	107.6	60.1
1455.6	18.8	106.6	62.1
1455.6	18.8	106.6	62.1
1455.6	18.8	106.6	62.1
1455.9	18.8	102.9	60.7
1455.9	18.8	102.9	60.7
1455.9	18.8	102.9	60.7
1448.4	17.1	103.9	63.1
1448.4	17.1	103.9	63.1
1448.4	17.1	103.9	63.1
1448.4	16.4	103.9	70.6
1448.4	16.4	103.9	70.6
1448.4	16.4	103.9	70.6
1449.4	15.4	102.9	71.6
1449.4	15.4	102.9	71.6
1449.4	15.4	102.9	71.6
1455.9	12.6	95	75.8
1455.9	12.6	95	75.8
1455.9	12.3	95	76.1
1455.9	11.3	95	78.5
1455.9	11.3	95	78.5
1455.9	11.3	95	78.5
1458.6	11.3	84.8	78.8
1458.6	11.3	84.8	78.8
1458.6	11.3	84.8	78.9
1459.6	11.3	83.1	73.7
1459.6	11.3	83.1	73.4
1459.6	11.3	83.1	73.4
1464.4	7.2	79	73.1
1464.17	6.5	79.23	73.8
1463.93	5.8	79.47	74.5
1463.7	5.1	79.7	75.2
1463.7	5.1	79.7	75.2
1463.7	5.1	79.7	75.2
1463.7	5.1	73.2	71.8
