1463.4	750.98	147.81	26.12
1487.4	750.34	136.15	20.36
1501.3	750.35	137.61	20.75
1519.1	749.68	138.53	22.72
1535.6	748.77	143.3	22.03
1550	749.04	142.72	21.06
1564.4	749.31	140.45	24.09
1576.2	749.25	141.2	26.15
1575.3	750.3	137.38	25.9
1603.6	750.35	135.32	24.45
1607.1	749.05	150.99	26.35
1607.9	751.52	150.22	25.18
1629.7	750.96	146.85	29.44
1647.1	751.69	136.19	28.51
1647.2	750.51	137.05	29.69
1661.9	750	139.24	29.8
1668.4	748.35	139.68	31.85
1672	747.12	136.28	32.98
1691.7	744.2	115.1	33.1
1693	743.81	114.84	32.09
1688.2	743.42	120.69	33.48
1695.3	744.76	113.59	31.44
1688.55	745.94	120.51	33.11
1681.8	747.12	127.43	34.78
1693.9	750.49	115.32	28.71
1693.75	749.65	115.47	27.85
1693.6	748.81	115.62	26.99
1698.3	747.13	111.94	27.37
1708.1	744.77	108.19	27.03
1708.4	742.76	110.25	25.64
1709.7	739.73	114.67	27.67
1713.4	735.02	114.33	29.38
1712.7	730.64	120.75	31.36
1734.9	726.27	103.94	34.73
1747.7	726.27	91.14	33.03
1751.1	729.97	82.69	28.03
1762.9	731.65	65.17	21.95
1773.3	728.96	56.45	21.94
1776	725.93	51.06	21.27
1776.3	730.3	47.07	12.2
1768.3	724.92	50.69	13.18
1788.89	679.7	31.71	50.33
1792.53	669.61	32.87	55.99
1791.13	665.96	38.77	52.34
1783	664	48.3	49.5
1775.99	661.47	58.91	51.73
1767.58	659.51	69.32	44.69
1758.32	655.31	67.88	33.49
1748.51	649.42	77.39	35.98
1735.33	644.66	93.67	39.34
1726.69	639.75	105.11	43.05
1718.51	637.65	114.89	44.95
1709.87	632.51	116.33	47.29
1702.86	630.83	112.94	45.07
1688.84	624.66	117.46	49.04
1680.14	622.42	119.16	48.78
1670.05	619.33	119.16	48.79
1658.84	614.57	117.76	53.23
1648.46	612.89	115.84	54.91
1636.41	612.61	117.19	55.19
1624.63	611.77	117.17	54.03
1613.7	612.61	114.1	50.69
1605.57	614.29	105.93	43.71
1595.2	612.89	106.2	41.21
1582.3	613.45	112.6	40.65
1571.92	614.29	110.08	35.31
1559.87	614.29	117.63	35.31
1549.49	614.29	118.21	34.51
1541.08	615.42	117.12	35.58
1528.74	615.42	110.66	33.88
1519.49	614.3	113.71	35.6
1516.5	616	108.8	35.6
1502.76	620.21	112.14	30.59
1492.67	621.89	118.83	28.91
1483.13	624.13	112.37	24.47
1473.6	625.25	112.9	22.25
1466.88	626.66	112.32	22.24
1456.22	626.1	110.88	26.7
1439.68	623.86	98.02	28.64
1426.78	615.44	106.42	36.76
1415.57	615.44	110.63	35.96
1402.95	614.04	109.25	38.46
1391.17	612.08	112.33	40.42
1379.4	614.88	114.3	38.22
1367.34	615.72	119.96	35.68
1356.13	616.84	123.57	35.66
1347.43	616.56	105.87	30.04
1326.97	613.48	113.43	30.02
1321.36	614.32	115.44	29.48
1308.18	614.32	121.32	23.88
1295	613.48	111.8	25.32
1282.39	608.72	113.51	30.88
1275.95	606.76	113.75	33.44
1265.01	606.76	118.29	33.14
1256.32	606.76	119.68	32.84
1247.91	605.36	123.89	34.54
1243.14	605.64	102.06	30.36
1221.83	605.63	105.77	19.97
1221.83	605.63	106.07	16.57
1214.27	601.43	101.33	16.57
1203.05	596.94	96.55	14.66
1194.36	591.9	97.64	17.5
1183.4	589.1	95.42	18.9
1175	585.73	99.06	21.67
1168	582.09	100.17	24.71
1163.2	579.57	101.61	24.73
1155.1	575.08	103.54	28.92
1148.7	569.47	102.09	32.03
1143.7	570.6	105.97	30.6
1138.7	570.32	99.76	30.58
1134.15	572.84	91.9	28.66
1126.06	573.63	91.91	27.23
1120.23	573.35	91.91	27.23
1116.81	574.53	91.91	27.23
1099	574.54	107.8	28.21
1095.6	574.54	104.14	28.57
1095.6	573.89	96.4	28.82
1090.6	575.25	88.28	27.76
1084.6	577.95	85.2	27.75
1078.9	577.28	86.19	28.72
1071.8	575.92	90.59	30.77
1063.1	575.91	98.96	32.47
1055.7	575.92	94.92	33.49
1041	582.98	96.17	28.62
1034.5	581.9	96.2	27.7
1023.61	589.2	94.2	24
1014.6	590.31	100.12	24.01
1003.4	589.45	110.21	24.01
994.99	586.64	107.11	24.26
992.47	590.02	111.03	22.88
970.88	585.79	100.62	24.09
959.1	584.72	127.4	24.33
949.85	584.15	124.05	25.44
941.44	583.59	124.06	26.31
931.63	584.43	124.27	26.27
919.01	583.32	128.19	27.69
911.44	583.32	130.76	29.08
903.03	583.03	121.27	30.55
894.9	583.58	114.5	31.71
886.77	584.14	114.73	31.66
879.2	585.83	117.3	33.07
869.38	588.92	122.32	31.69
859.58	591.72	117.82	29.48
852.29	593.68	117.21	28.12
845.28	595.64	115.82	26.46
836.03	595.38	123.67	25.53
830.98	595.37	121.42	26.93
822.57	595.37	121.43	28.93
815.84	595.38	127.56	29.73
810.24	599.57	118.27	25.01
805.76	600.7	120.74	23.6
798.75	600.69	119.95	23.01
792.86	600.41	121.34	22.69
788.38	600.42	122.22	22.68
783.89	600.42	122.21	21.58
779.69	598.18	124.21	21.82
777.72	597.05	124.48	22.15
774.92	595.65	124.18	22.75
772.12	593.97	124.18	23.03
770.99	593.41	122.51	24.19
770.71	592	118.89	24.19
769.03	591.17	121.17	23.33
764.27	590.89	125.13	23.32
763.71	588.38	130.19	23.83
766.23	588.38	124.87	24.41
765.95	588.38	125.45	24.41
765.67	588.38	126.03	24.41
765.39	587.26	126.61	24.44
765.46	586.91	126.81	24.44
765.53	586.56	127.02	24.44
765.6	586.21	127.22	24.44
765.67	585.86	127.43	24.44
768.47	584.46	129.13	25.04
771.56	583.07	132.24	25.04
776.04	579.13	126.65	27.86
783.04	576.04	122.75	32.36
791.45	575.19	112.64	35.19
803.51	579.67	106.79	35.82
808.27	580.2	89.93	41.19
811.05	575.71	87.13	50.18
813.85	576	91.34	54.91
815.53	575.72	95.87	56.89
816.93	575.17	97.27	58.83
822.54	576.01	96.46	59.19
823.66	577.97	96.44	58.33
825.08	577.96	91.13	50.24
826.21	580.21	97.3	45.7
830.69	580.21	97.31	46.59
834.9	581.61	92.8	46.58
832.65	576.01	96.14	53
839.37	576.29	92.82	58.3
842.73	577.68	90.27	59.72
846.65	575.15	84.94	63.64
849.46	575.15	84.94	63.95
853.1	575.71	87.2	64.49
857.03	576	87.77	62.5
866.29	576.56	89.21	62.54
874.98	576.28	89.52	60.82
887.04	577.41	92.06	60.79
897.7	575.73	89.5	62.47
911.72	575.44	82.78	62.45
927.71	578.52	78.89	59.97
940.03	574.59	76.36	67.51
952.64	573.18	71.05	71.21
963.86	572.88	61.54	71.82
976.76	574.57	63.24	70.43
984.63	574.57	61.49	60.33
991.07	573.18	69.33	61.43
1001.45	570.67	72.15	60.34
1013.78	568.72	78.61	65.09
1024.44	566.48	83.66	65.63
1039.87	563.41	86.74	62.5
1055.01	562	83.39	63.39
1068.48	559.47	82.83	58.03
1078.85	553.57	74.75	58.62
1091.46	550.78	76.74	60.52
1103.24	546.28	73.36	62.51
1111.92	544.04	69.98	64.45
1122.58	544.02	62.12	61.97
1132.39	543.19	67.21	64.22
1141.92	540.95	64.98	66.45
1153.42	537.02	64.68	65.08
1164.07	530.01	65.82	68.19
1182.03	531.42	67.48	62.58
1199.43	537.29	62.38	55.9
1220.49	543.45	52.51	35.45
1231.9	542.5	48.11	32.69
1244.61	540.4	48.9	31.3
1263	542.51	40.7	26.79
1275.9	535.51	35.4	27.09
1285.71	531.01	30.08	30.78
1305.6	531.01	23.09	30.51
1317.5	535.7	24.08	24.98
1341.89	539.61	18.18	20.5
1357.67	539.2	19.43	21.69
1369.19	552.21	19.61	17.06
1376.46	557.46	19.61	17.06
1394.25	561.86	51.47	26.85
1399.09	573.11	55.91	25.7
1422.5	576.38	40.99	22.41
1439.99	580.38	32.3	15.7
1447.05	584.09	31.95	18.01
1471.95	586.78	31.94	18.01
1473.26	591.21	61.94	38.41
1495.13	607.69	61.94	38.42
1513.98	609.37	58.22	36.72
1517.35	611.71	51.15	36.78
1522.41	613.38	42.6	28.7
1528.2	613.37	36.62	28.3
1544.69	621.3	31.34	22.26
