873.63	343.28	125.14	87.93
873	341.88	126.87	89.52
870.3	338.81	130.68	91.09
867.6	335.73	134.48	92.67
865.3	332.05	140.22	99.7
863	328.36	145.95	106.74
859.9	325.38	152.85	109.42
858.9	322.4	157.64	112.9
856.3	319.41	167.58	113.79
855.4	316.75	169.09	115.85
854.3	312.25	178.02	117.25
852.3	309.93	184.4	119.27
848.9	307.62	192.18	120.18
847.2	305.31	198.26	125.29
847.8	303	202.04	123.9
848.1	300.69	206.12	122.51
845.5	298.38	213.11	124.72
850.8	296.07	212.19	127.33
856.3	293.75	211.07	126.15
855.8	291.44	215.95	126.96
860.1	288.2	216.96	129.8
868.2	285.52	212.38	129.83
876.3	282.83	207.81	129.87
877.16	280.42	210.14	131.6
878.02	278	213.68	133.34
878.88	275.58	217.21	135.08
879.74	273.17	220.75	136.81
880.6	270.75	224.29	138.55
881.46	268.34	227.58	138.41
882.32	265.92	230.88	138.28
891.52	261.5	228.68	139.27
897.71	260.09	226.42	136.39
903.9	258.67	224.16	133.53
902.5	257.94	225.58	134.86
906.5	256.53	228.31	137.27
907.3	255.46	229.38	137.84
909.5	253.94	232.29	138.76
914	251.5	229.12	139.7
923.66	249.26	224.49	140.54
922.65	248.86	225.54	139.84
925.3	245.93	225.96	138.57
922	244.8	230.32	139.1
925.3	240.99	234.13	135.51
936.96	241.04	225.38	131.39
942.4	239.41	224.97	128.99
942.3	237.78	228.76	125.72
945.5	237.76	231.27	122.74
948.7	236.39	232.09	121.31
958.9	235.03	225.92	118.87
961.9	234.42	226.57	119.38
976.7	233.51	216.5	112.39
978.85	232.9	216.55	110.35
981	234.39	216.6	106.21
981.7	234.82	216.03	105.08
979.8	235.26	219.44	103.92
979.9	235.69	220.85	101.81
977	236.13	225.26	102.72
974.1	236.57	229.66	103.63
973.3	237	231.97	104.63
969.1	237.44	237.69	103.66
968.3	237.88	239.99	106.02
973.43	237.76	237.09	106.67
978.57	237.65	234.17	107.32
983.7	237.54	231.26	107.96
986.2	236.53	232.77	107.77
1007.4	236.19	214.24	105.31
1004	238.27	223.94	100.73
1006.83	238.34	224.38	102.58
1017.3	240.32	217.96	100.98
1018.9	240.63	219.72	106.02
1015.6	243.91	228.26	106.03
1013.75	244.96	230.72	105.3
1015.26	248.03	233.18	104.57
1015.1	249.08	233.9	103.01
1026.25	251.64	227.58	103.93
1037.4	254.2	221.25	104.86
1044.1	257.44	217.51	103.44
1050.8	260.67	213.77	102.03
1049.8	265.37	217.73	104.14
1051.09	267.3	218.27	103.9
1052.9	271.76	221.16	104.34
1053.27	273.4	222.07	105.6
1050.65	277.05	226.99	105.55
1048.02	280.7	231.91	105.5
1047.3	283.68	236.82	106.5
1052.05	286.24	234.59	106.46
1051.08	289.14	238.07	108
1050.11	291.2	241.56	108.23
1049.14	293.26	245.05	108.45
1048.17	295.32	248.53	108.68
1047.2	297.93	252.02	110.37
1051.25	298.9	249.1	110.43
1055.3	299.86	246.19	110.51
1057.3	300.83	245.32	110.57
1058.38	301.79	245.37	115.15
1059.5	300.66	243.7	116.34
1054.31	301.21	249.69	123.12
1055.5	301.75	247.71	125.25
1062	302.3	239.86	130.1
1061.96	302.46	238.34	128.79
1058	302.97	240.89	130.83
1053.4	303.35	244.19	130.8
1048.8	303.74	247.5	130.76
1046.3	304.13	248.71	130.67
1041.6	306.13	251.04	129.57
1039.1	306.92	251.98	129.28
1041.4	307.71	248.12	133.8
1041	308.5	246.96	134.3
1041.5	311.59	244.9	138.51
1039.6	312.67	245.24	139.03
1037.8	314.64	240.55	137.26
1036.3	315.98	241.11	139.72
1035.45	317.92	238.6	141.58
1034.6	319.86	236.08	143.44
1033.55	321.6	231.56	142.85
1032.5	323.34	227.03	142.26
1030.9	325.08	221.48	141.82
1030.7	326.81	217.35	140.19
1026.9	329.93	212.69	140.17
1027.8	329.58	211.02	139.12
1026.2	330.34	206	142.16
1039.7	330.48	190.2	143.62
1029	331.96	186.6	139.74
1032.5	331.26	166.45	136.74
1048.4	332.46	147.07	132.94
1051.3	332.99	139.78	130.91
1064.6	333.52	125.77	130.18
1072	333.66	119.56	130.84
1077.6	336.05	113.91	126.85
1076.3	335.63	114.32	125.27
1077.9	339.2	112.28	121.4
1079.6	341.22	106.39	121.58
1081.3	343.23	100.5	121.77
1081.47	344.4	100.5	121.77
1081.64	345.58	100.5	121.77
1082	346.58	98.46	121.42
1072.9	346.58	105.55	121.42
1069.5	345.91	113	120.79
1055.7	343.9	124.76	120.1
1055.7	342.6	128.1	121.4
1054	340.25	146.58	122.45
1062.4	339.75	123.92	122.8
1070.8	339.25	101.26	123.15
1070.8	338.57	101.26	123.98
1070.8	337.9	101.26	124.8
1070.95	337.9	100.44	127
1071.1	337.9	99.62	129.2
1069.6	337.9	101.12	130.35
1068.1	337.9	102.62	131.5
1061.55	339.24	108.33	129.31
1055	340.59	114.04	127.11
1051.5	341.93	115.19	126.92
1048	343.27	116.35	126.73
1051.65	343.61	110.68	126.54
1055.3	343.94	105.02	126.36
1054	343.94	103.3	126.36
1064.7	344.62	87.91	125.98
1067.7	344.62	81.89	125.98
1056.7	348.31	100.6	124.69
1054.4	347.64	103.24	124.69
1044.3	347.64	113.34	121.06
1043	347.64	114.64	122.36
1041.2	348.64	117.28	119.66
1046.4	348.3	113.25	116.3
1046.7	347	106.91	115.6
1046.7	346	99.87	116.6
1046.7	345.62	99.87	115.68
1037.9	344.28	113.36	117.72
1032.6	344.28	114	116.42
1030.9	343.28	112.7	116.12
1006.1	336.57	121.4	116.43
996	336.57	120.8	116.43
991.6	334.89	98	117.81
988.92	334.89	99.68	119.51
1003.7	334.89	79.6	113.81
1004.7	332.5	74.9	119.2
1008.7	328.14	67.88	124.26
1009.71	325.46	67.88	124.26
1002.7	325.46	74.89	127.24
1000.7	325.46	76.89	129.94
996	324.79	76.9	129.94
993.65	325.46	78.25	130.64
991.64	328.48	69.16	130.64
990.63	329.15	66.17	130.64
980.57	331.5	76.94	129.64
978.2	333.8	67.6	127.34
974.85	340.17	62.85	122.33
967.79	340.85	72.21	122.32
967.46	342.19	73.84	124.31
966.12	342.19	74.88	129.01
959.74	350.9	66.46	120.3
941.6	350.9	90.3	120.3
923.5	350.9	116.4	120.3
927.53	350.9	128.17	126.7
911.09	349.89	146.91	129.61
909.41	350.23	146.91	130.67
913.77	350.9	145.93	128.6
913.77	347.5	145.93	134.7
916.12	344.8	144.88	141.1
919.81	344.8	140.19	144.8
920.15	344.8	138.85	150.2
920.15	342.79	137.85	151.51
917.8	342.79	124.1	156.51
919.14	343.46	123.06	156.14
920.82	344.13	105.58	154.77
923.84	344.13	101.26	154.77
926.53	346.48	88.87	154.12
924.85	346.48	88.87	154.12
922.17	348.16	88.53	152.44
922.17	349.83	91.73	152.77
922.17	351.51	94.93	153.09
923.17	352.52	90.53	153.09
928.88	353.19	85.82	153.09
928.88	354.87	85.82	153.08
927.5	359.9	89.2	149.4
928.9	360.91	87.8	149.4
928.9	367.62	90.1	145.08
928.06	371.14	93.79	143.76
927.22	374.66	97.48	142.44
925.88	372.98	98.82	143.42
919.51	382.04	106.19	137.36
920.85	382.04	111.2	136.36
922.2	382.04	116.2	135.36
923.54	384.39	119.41	134.71
924.88	386.74	122.62	134.06
924.21	389.93	127.99	129.72
923.54	393.12	133.36	125.38
923.54	398.82	135.36	116.28
939.98	401.51	134.72	114.29
939.98	402.18	132.42	114.29
943	402.18	121.3	111.32
935.43	403.03	129.72	110.17
927.86	403.89	138.14	109.01
927.86	403.89	136.14	106.41
910.43	403.89	155.87	108.71
911.86	403.89	155.87	108.71
899.01	404.46	172.99	107.54
896.72	404.46	174.98	107.54
889.86	407.32	183.84	107.58
887.86	407.32	184.14	109.58
880.72	410.75	192.38	106.75
879.86	412.18	192.14	105.02
881.58	413.61	190.72	100.49
883.01	415.04	189.89	97.66
880.4	415.32	190.5	101.68
871.69	414.61	196.11	100.94
862.97	413.89	201.73	100.21
859.24	412.47	205.61	101.93
855.5	411.04	209.5	103.66
853.5	411.04	211.5	103.66
846.4	408.18	224.9	108.22
847.26	407.89	224.9	108.22
839.83	406.75	219.77	108.25
839.83	406.75	216.87	110.25
816.12	403.61	224.88	116.59
814.7	403.33	224.87	115.17
811.27	400.2	206.33	121.4
809.55	399.34	206.34	123.36
805.27	398.49	184.93	130.51
806.41	398.2	170.09	126.2
800.41	398.2	152.69	120.5
801.55	397.34	144.15	120.26
799.27	395.06	129.53	118.84
799.55	395.06	128.35	118.84
792.13	395.35	130.87	118.85
791.27	395.92	116.03	118.88
784.41	396.49	118.59	118.91
784.98	395.35	118.59	118.91
784.41	395.35	123.99	122.35
781.7	396.06	127.7	120.49
778.98	396.78	131.42	118.62
775.84	397.63	138.56	118.67
752.4	396.78	160.9	118.62
751.4	394.49	163.9	118.62
751.3	392.21	144.9	123.49
736.73	388.78	158.07	129.82
745.02	383.07	143.78	145.53
748.16	383.07	126.34	137.83
751.88	375.93	113.52	144.97
759.02	374.5	101.78	145
778.45	371.36	85.75	149.24
780.07	368.76	88.73	151.14
784.29	364.53	93.61	156.07
784.62	362.91	93.58	157.69
789.17	361.29	96.13	160.91
791.77	360.96	94.53	164.14
795.67	357.72	101.03	169.68
798.59	357.72	97.81	171.98
803.14	354.14	109.46	174.56
804.12	354.47	109.18	175.83
796.32	351.54	132.88	181.66
793.07	346.99	144.23	188.11
798.27	346.02	145.53	191.68
799.89	345.04	145.51	193.36
803.79	339.19	126.71	200.51
805.42	338.54	125.08	202.16
813.54	334.97	121.56	204.83
813.54	329.12	119.96	207.38
813.22	319.05	115.68	215.85
821.34	319.05	115.06	217.15
830.76	310.6	113.14	227.5
832.06	308.65	116.04	230.75
832.4	301.18	128.38	238.52
834.68	299.55	128.37	238.53
836.3	292.73	139.75	238.47
835.7	291.76	145.23	241.04
826.6	286.56	164.73	236.14
825.6	283.31	167.03	236.19
824.6	275.83	182.98	237.87
817.1	272.59	190.48	240.51
815.5	269.34	201.5	234.36
816.8	268.79	201.03	234.31
807.1	259.79	220.65	234.91
812.2	259.89	218.49	235.21
812.4	252.84	226.32	237.26
810.4	251.96	226.44	236.74
810.1	243.03	233.43	239.17
812.2	242.81	233.1	239.59
815.4	235.31	230.97	242.89
813.2	232.88	233.56	239.12
814.7	225.94	233.55	242.86
817.1	224.82	231.42	240.88
817.7	223.19	230.82	245.11
813.8	221.24	233.75	245.16
816.7	218	232.8	245.2
818.6	218	230.9	245.9
823.8	213.8	227	249.5
826.4	213.8	224.4	249.5
829.7	211.53	221.1	252.07
825.5	210.22	225.3	254.68
828.4	210.22	222.4	254.68
832.6	209.25	215.92	255.5
836.8	208.27	209.45	256.33
839.4	208.27	206.85	256.33
838.1	205.67	204.57	258.23
836.8	204.05	204.57	260.85
832.9	204.05	208.47	259.85
831	202.43	209.07	259.87
829	200.8	212.37	261.8
828	199.5	215	263.1
821.5	199.5	222.47	252.1
818.3	199.5	224.05	251.1
805	199.09	232.35	250.01
808.5	198.67	223.85	252.23
805.1	200.69	223.71	247.39
792.5	201.09	231.8	246.15
793.4	201.49	215.81	244.91
780.2	201.49	213.42	245.61
783	205.61	205.91	235.59
783.2	205.74	204.01	226.36
783.98	206.52	197.44	219.28
783.8	208.6	194.2	215.6
790	214.13	184.43	208.47
790.3	214.78	182.18	208.52
795.5	216.4	173.73	208.53
797.4	216.73	171.83	208.17
805.8	221.93	163.43	204.27
806.1	223.23	162.49	204.57
811.7	230.71	162.7	204.56
815.5	231.68	157.6	204.22
817.5	239.8	153.7	206.2
821.1	239.8	155	204.3
831.8	248.25	147.17	199.65
833.9	251.83	145.24	196.57
846.1	255.4	133.2	193.2
842.2	255.4	139.05	193.2
852.9	270.03	128.67	190.27
853.2	269.7	129.03	190.27
849	270.35	134.53	190.27
843.5	272.95	141.65	188.35
833.4	281.73	148.5	179.27
829.9	280.75	152	180.55
825.4	280.75	156.5	180.55
825.4	280.75	153.6	176.65
826.38	284	153.59	168.5
832.6	284.33	146.7	165.87
841.05	286.28	130.75	162.02
847.22	289.53	123.58	158.77
847.55	292.78	124.55	157.12
847.55	292.78	128.15	157.82
846.6	294.41	133.3	157.82
847.3	294.41	135.2	157.82
832	295.38	160.3	159.72
829.1	295.38	161.2	159.72
827.15	299.28	164.75	159.72
822.28	300.91	175.12	156.49
819.03	302.53	179.37	156.49
821.63	303.67	179.52	156.49
824.23	304.81	179.67	156.49
823.58	306.43	180.32	156.5
829.75	304.16	182.25	156.49
831.7	304.16	177.7	158.44
834.62	296.68	181.28	166.62
836.9	296.36	183.9	168.24
844	290.51	181	174.39
845.8	286.39	187.7	178.41
846.3	278.7	193.98	187
847.9	279.14	190.75	186.46
847.2	271.34	192.42	193.66
846.6	271.34	181.65	193.66
846.6	262.6	181.3	202.4
846.6	261.6	178.7	203.4
846.6	256.1	178.7	208.9
846.6	254.2	178.4	210.8
850.8	246.1	174.5	218.9
852.43	245.5	172.87	219.5
854.05	240.3	168.05	224.7
854.05	239.7	164.85	225.3
863.8	234.5	150.9	225.95
863.8	233.8	152.2	226.65
863.8	231.5	145	228.95
869.32	231.5	138.78	230.9
877.78	226.6	130.62	234.5
881.53	223.88	121.45	235.65
894.05	223.11	109.35	236.79
893.25	224.62	107.95	237.92
891.58	223.96	117.21	239.07
893.58	222.98	113.12	240.2
887.31	221.99	121.09	241.34
889.82	222.52	122.78	242.48
893.03	224.72	120.17	233.68
897.08	224.32	117.12	230.98
901.5	227.9	119.9	230.6
898.12	228.78	128.28	229.92
901.25	232.91	118.45	225.29
900.18	232.82	118.15	225.68
905.6	237.92	111.7	217.98
906.98	240.43	108.12	216.87
896.24	246.83	116.56	210.97
894.71	246.95	117.19	203.15
873.22	249.67	119.28	185.13
878.16	256.09	114.14	179.41
854.5	262.51	127.1	185.29
848.06	265.04	132.54	185.36
839.24	270.16	142.56	183.64
832.36	272.03	149.24	186.87
823.41	279.23	158.29	184.87
819.65	281.5	161.75	182.5
807.91	289.02	174.09	183.98
804.49	291.01	177.61	183.09
796.86	297.77	185.84	182.83
795.56	301.01	189.84	178.59
784.51	304.91	204.99	176.99
778.9	306.51	213.4	174.99
768.09	311.69	224.81	170.41
767.84	312.8	227.66	171.1
766.4	311.2	233.8	172.45
750.31	311.68	257.19	171.02
735.93	313.1	262.17	172.1
734.55	311.86	267.75	171.34
722.12	311.41	245.68	176.39
721.59	310.98	246.36	176.97
721.06	310.55	247.04	177.55
713.22	307.69	255.48	179.11
714.59	307.74	256.11	179.19
703.37	306.01	272.93	179.89
692.21	304.15	285.09	182.55
693.29	302.94	287.47	183.99
690.66	301.73	293.44	185.07
676.85	299.42	310.35	186.18
677.6	298.09	310.7	188.71
662.49	295.81	317.31	192.69
649.33	293.53	327.77	196.67
648.36	294.18	328.44	195.72
647.28	292.87	330.02	195.83
634.82	291.57	327.18	178.93
635.24	290.26	325.75	179.3
625.14	290.47	328.26	177.73
623.96	289.38	327.84	180.22
612.51	290.49	324.49	179.11
610.33	289.64	325.97	178.36
599.9	290.27	328.75	180.08
596	290.9	325	181.8
588.84	291.52	323.56	184.08
585.57	290.84	327.03	186.46
577.35	293.58	328.05	193.32
575.82	294.37	331.54	193.97
567.03	297.43	332.47	196.57
565.68	298.55	333.42	193.55
558.63	302.22	320.41	191.79
555.41	303.62	322.69	193.28
552.18	308.27	327.02	190.63
551.54	310.32	328.96	187.35
547.65	315.63	333.55	184.37
546.79	316.6	335.11	181.4
547.48	323.5	322.32	174
547.46	325.53	320.14	170.17
553.71	333.73	309.59	165.97
557.56	335.43	303.34	162.07
570.62	343.43	289.58	156.67
575.56	344.24	284.04	144.96
587.51	350.1	252.19	142.2
591.66	351.42	244.34	143.98
599.72	355.01	221.98	145.99
602.14	355.56	214.26	145.24
607.56	357.99	200.84	144.31
609.67	358.79	198.23	143.81
609.67	358.94	190.33	145.26
607.2	359.92	193.2	142.68
609.2	360.42	187.5	143.08
613.6	361.13	180.4	142.97
619.13	360.56	171.42	143.19
624.66	359.98	162.44	143.42
627.93	359.88	152.77	143.62
626.96	359.47	152.34	143.83
627.55	358.23	143.65	144.47
627.68	357.65	140.12	145.15
626.94	355.94	127.06	147.06
629.36	355.94	123.34	148.36
630.15	353.82	121.05	149.08
629.51	353.01	118.69	153.39
