1008	364.7	133.2	164.54
1007.09	388.7	130.41	140
1006	359	129.5	168.8
1004.9	387.7	122.7	139.2
1004.6	361.9	118.5	164.9
1004.3	386.74	115.2	140.86
1004	363	111.1	162.8
1004.4	384.1	114.4	140.8
1004.1	358	122.3	164.7
1004.5	383.95	118.1	140.15
1000	359.9	116.7	164.1
997.5	359.91	117.3	163.19
995	359.92	117.9	162.28
992.78	357.11	115.12	162.21
990.56	354.29	112.34	162.16
990.61	351.8	114.1	161.51
990.66	349.3	115.87	160.86
989.87	347.65	115.91	159.67
989.07	346	115.96	158.48
985.45	345.75	116.01	156.75
981.83	345.5	116.06	155.02
978.23	342.7	121.74	158.96
974.64	347.3	122.86	154.93
964.27	347.35	123.43	154.89
961.29	354.7	123.45	148.11
958.87	349.6	136.53	153.78
954.77	349.1	142.73	157.1
950.11	356.5	142.79	150.83
948.86	357	140.04	150.32
946.48	358.19	136.62	147.99
943.54	358.77	133.16	147.97
942.31	358.79	131.79	147.94
937.69	392.17	143.41	111.73
935.9	388.7	144.9	111.81
936.38	387.49	141.62	111.89
935.17	385.72	144.73	111.97
933.39	385.09	140.91	112.05
932.75	382.2	143.15	112.14
933.81	379.88	146.59	112.22
933.73	378.71	153.07	112.3
936.67	382.3	157.13	109.13
936.96	378.06	151.34	112.46
935.74	384.5	154.26	104.93
935.09	370.9	148.71	116.88
935.01	371.8	160.49	116.03
934.93	369.6	155.47	116.59
937.67	372.4	145.43	115.26
940.88	367.3	141.12	116.64
942.19	361.5	138.31	119.68
945.3	361.5	133.6	119.28
945.3	358.1	132.5	118.98
947.08	353.79	142.72	121.96
951.08	356.84	139.82	119.63
950.9	354.8	137.2	120.98
947.41	356.07	135.79	119.93
939.4	353.9	143.1	120.5
927.41	352.34	150.99	121.18
959.1	349.36	130.33	122.3
959.97	349.6	128.33	122.79
961.75	347.5	135.35	124.21
964.06	346.2	138.44	126.42
965.9	344.8	134.41	129.41
955.79	343.7	141.41	131.25
956.54	341.8	137.66	135
957.29	342.1	130.01	134.67
958.05	341.2	131.85	137.57
958.8	341.9	134	136.99
958.63	340.6	129.77	139.78
958.47	338.8	129.77	141.66
955.48	337.94	130.69	141.66
954.38	334.7	136.32	143.56
955.17	331.5	137.23	144.96
955.01	331.61	140.09	144.95
957.7	332.2	144.8	145.39
963.2	331.8	144.3	145.88
963.01	329.6	147.99	148.64
962.36	329.7	150.24	150.04
963.59	332.15	149.01	149.32
964.82	334.6	147.78	148.6
966.51	335.2	147.29	150.42
969.13	337.2	146.27	151.31
971.28	339.2	143.42	150.78
971.06	340.7	141.54	149.32
969.43	344.1	138.67	148.33
969.22	345.1	140.58	147.37
969	348.9	140.1	146.43
971.62	351.3	137.28	145.48
971.39	352.8	134.01	144.94
969.29	355.19	134	144.93
969.54	357.11	134	144.91
967.91	360.41	135.39	143.03
959	357.9	144.08	149.31
963.7	353	139.16	157.98
963.5	351	139.14	159.95
961.9	352	142.4	161.28
965.5	345.4	138.57	170.68
966.7	338.8	137.62	179.12
966.5	335.4	137.6	184.82
967.7	332.1	129.6	191.83
963.3	331.6	128.63	196.97
962.63	334.07	127.67	196.76
962.42	332.3	125.38	198.43
964.6	334.8	123.03	160
962.02	333	118.88	164.6
948.6	333.12	131.7	169.98
948.4	339.8	128	166.5
948.6	338.01	127.2	170.09
944.1	344.7	132.03	168
943.4	346.7	129.78	165.97
943.2	354.7	129.9	157.94
941.5	362.2	129.6	150.4
939.4	366.01	129.7	147.97
935.51	366.5	127.39	168.13
931.6	365	128.8	172
931.9	358	126.5	186.4
933.2	362.7	125.13	181.54
934.51	365.1	125.17	178.99
934.41	364.2	123.29	179.73
934.31	362.1	123.32	181.68
934.2	360	123.37	183.62
929.86	359.1	140.34	184.37
926.93	359.1	145.97	185.62
926.85	359.12	151.25	185.44
924.42	358.2	151.28	185.26
924.36	358.22	157.94	185.08
926.17	355.89	154.66	184.9
926.57	359.7	159.83	181.88
925.08	363.49	159.72	181.7
925.01	367.3	166.19	179.61
924	370.1	177.4	177.58
919.22	375.7	180.48	171.8
918.7	385.1	179.3	159.86
913.01	396.8	182.89	148.94
910.63	407	185.97	130.56
910.62	405.9	188.08	127.28
912.49	402.86	185.99	129.26
913.88	397.5	183.92	131.2
914.8	393.6	183.2	134.06
916.65	392.53	191.95	134.09
916.62	392.41	195.48	135.99
915.64	392.29	195.91	136.01
914.66	392.17	196.34	136.02
914.63	384	196.07	144.09
916.01	380.15	197.19	144.07
915.97	378.66	201.13	144.06
915.47	372	204.13	149.22
914.96	367.7	204.34	152.04
914.93	364.39	208.27	151.98
917.73	359.2	209.77	153.82
920.04	355.5	208.96	157.48
919.98	348.5	211.42	163.03
921.81	344.3	208.19	162.01
921.75	343.4	213.05	157.72
920.27	344	214.13	153.37
918.3	335.6	214.7	157.6
917.35	337.6	216.25	153.25
919.2	337.72	213.97	151.78
921.97	336.9	216.93	151.73
921.91	334.7	221.29	154
927.02	334.37	220.88	151.53
929.3	334.5	218.1	148.2
941.47	331.3	209.63	128.89
927.18	331.9	226.72	142.63
926.62	331.1	226.78	152.52
922.76	328.4	229.64	158.14
916.57	328.6	233.93	158.97
914.17	328.77	235.33	158.88
912.73	329.9	237.67	162.54
911.29	329.6	237.17	161.01
909.86	325.5	236.66	165.18
903.73	327.1	244.17	166.47
903.75	331	243.62	162.62
905.18	331.65	243.08	164.38
905.19	325.7	243.91	171.3
903.32	330.1	243.35	168.82
901.93	334.05	242.8	167.25
899.13	332.8	244.17	169.46
895.88	335.31	245.02	169.31
890.76	335	250.14	170.09
888.49	337	253.81	171.85
888.59	337.6	253.19	173.11
885.4	336.8	255.4	174.82
882.22	339.77	254.76	174.64
879.52	342.72	255.98	174.46
879.67	344.72	255.33	174.27
876.53	347.65	254.68	174.09
875.28	348.67	254.03	173.92
873.1	350.6	257.2	174.71
869.52	352.1	256.98	175.92
863.6	353.1	262.9	178.09
861.02	355.5	262.19	177.43
856.09	356	262.91	179.6
854.02	357.5	263.58	180.28
850.55	356.1	265.25	185.73
850.4	358.5	265.9	187.83
853.07	358.1	265.16	192.7
852.91	357.7	267.69	195.2
849.92	358.2	268.38	195.36
850.25	356.8	267.61	199.31
850.58	355.4	266.84	203.25
850.91	354.5	265.59	205.25
850.29	354.6	267.61	210.01
848.75	351.4	272.95	215.22
852.39	352.4	269.81	219.03
851.77	351.06	269.01	218.56
852.57	350.7	268.21	215.24
849.61	348.4	270.19	217.17
850.9	348.5	269.37	215.76
853.59	346.7	267.11	220.02
854.39	344.5	266.3	220.9
857.54	346	265.49	215.26
856.44	346.1	266.56	215.75
856.28	342.9	265.72	213.89
856.6	348.2	264.9	205.9
855.04	349.2	265.46	205.06
857.26	351.6	264.62	202.35
857.58	350.25	263.79	203.85
857.9	348.9	262.96	205.36
858.22	345.2	263.08	206.38
855.71	341.52	267.39	207.87
855.58	336.5	271.22	213.54
858.75	333.38	268.45	213.06
862.37	329.3	267.56	216.86
865.96	327.65	266.68	216.35
870.01	326	265.78	215.85
882.51	319.2	254.99	218.63
883.62	315.3	254.17	220.89
880.02	309.5	259.48	223.17
880.21	304.2	262.39	225.45
884.16	301.79	259.14	224.86
886.68	296.6	261.12	228.48
890.13	292.4	260.22	230.18
894.96	289.18	253.64	232.82
895.05	287.4	257.95	234.47
891.38	285.1	262.22	236.65
888.67	282.4	264.13	239.22
885.04	281.11	266.96	238.5
883.32	278.9	273.08	240.59
882.56	276.7	274.44	239.86
882.74	275.9	277.16	238.21
881.99	275.6	276.11	232.78
883.13	278.1	276.47	226.95
884.73	277.8	278.17	223.01
887.73	278.46	274.67	222.37
883.2	279.1	277.79	219.9
882.92	281.6	281.88	223.09
883.11	283.7	280.72	225.7
884.72	285.3	276.28	226.88
884.9	285	275.15	228.5
885.09	287.5	274	229.69
888.57	286.2	271.43	234.18
891.08	287.8	270.31	236.22
892.16	288.9	269.64	239.19
889.46	292.3	271.84	237.48
884.9	293.8	276.8	240
880.86	293.9	280.34	240.6
881.08	294.5	281.92	241.62
883.67	294.6	283.43	243.6
887.17	294.3	285.93	244.08
890.28	292.95	287.52	248.55
893.39	291.6	289.11	253.02
896.94	289.3	290.66	257.4
900.48	287	292.22	261.78
902.01	287.7	292.74	262.64
903.54	288.4	293.26	263.49
902.12	289.6	295.18	263.8
900.69	290.8	297.11	264.11
900.76	286.1	295.57	264.43
900.82	281.4	294.05	264.75
902.84	281.2	296.39	269.43
904.86	281	298.74	274.12
904.89	281.81	299.56	272.81
904.92	282.61	300.38	271.52
904.95	276.6	304.55	275.08
901.07	273.57	307.73	273.72
901.14	274.48	303.06	272.38
898.27	272.5	301.33	274.9
898.37	271.5	301.53	276.43
898.47	270.5	302.73	281.85
897.6	271.49	302.9	280.35
892.83	269.5	305.97	283.79
891.03	271.5	307.07	284.19
888.29	270.6	309.11	285.51
884.59	270.7	310.11	290.69
883.87	271.74	307.13	289.02
879.26	272.78	311.04	287.34
879.58	277.7	312.92	287.64
879.91	284.6	310.85	280.04
880.23	285.52	311.25	278.42
880.56	286.45	311.64	276.78
880.88	291.3	309.52	278.1
878.27	298	314.23	270.61
871.8	300.8	319.8	272.9
872.24	301.58	322.36	271.26
868.78	306.3	327.82	262.8
869.28	302.1	334.12	260.3
869.77	302.89	331.54	266.61
870.26	303.69	335.84	270.81
870.76	301.6	339.04	272
871.25	292.7	342.15	271.2
871.74	288.8	344.26	269.4
872.24	286.9	337.46	271.5
868.82	277.2	339.48	288.3
869.37	277.4	336.53	291.14
869.92	267.9	340.48	310.5
872.42	262.42	337.47	313.93
877.82	250.2	347.18	320.2
878.27	251.9	340.03	310.7
878.72	253.6	336.89	304.2
879.17	252.4	337.63	290.9
879.61	246.3	336.39	284.7
879.08	247.2	338.02	272.63
879.55	244.2	335.65	272.2
880.99	245.2	338.21	270.3
881.43	241.3	333.77	270.2
881.88	240.5	330.36	269.8
882.33	230.9	328.87	276.2
882.77	231.1	328.33	275.95
883.22	229.4	333.58	274.8
885.94	224.8	332.23	246.6
888.67	226	330.86	254.5
891.39	219.5	329.51	262
891.71	216.8	324.79	261.9
892.02	212.4	325.88	278.8
896.25	206.3	324.96	286.1
892.5	196.8	325.02	293.5
891.4	189.6	322.44	303
894.3	186.5	317.8	313
905.7	186.5	312.46	312.9
909.8	180.5	311.3	316.6
914	176.6	321.6	321.6
921.67	172.2	315.23	320.3
923.29	171.89	314.81	314.11
920.96	169.7	315.24	314.9
920.63	172.6	315.57	317.2
920.3	173.6	312.8	317.3
919.97	176.7	308.07	317.2
919.64	181.7	313.06	315.12
923.22	183.8	304.18	315.3
923.75	190.9	300.25	308.17
924.26	190.1	293.42	311.07
923.76	183.5	281.74	317.76
911.5	178.9	294.7	326.35
911.9	172.2	293.8	332.04
907.9	170.8	293.3	333.43
906.9	167.4	290.7	336.83
906	167	290	337.22
906.07	166.5	284.18	337.72
906.13	171.2	281.27	333.01
890.6	177	294.8	327.21
894.25	179.9	288.05	324.3
894.83	186.9	281.37	329.02
904.21	190.1	265.79	328.21
909.26	199.4	251.64	323.11
909.19	196.9	257.41	324.69
906.19	193	264.51	327.67
901.39	196.6	247.51	326.08
899.81	201.6	253.44	324.9
894.45	206.8	265.45	322.21
895.34	212.4	280.06	316.9
889.39	217.4	293.51	314
888.85	219.9	287.05	313.31
887.5	222.2	290.6	312.49
886.41	223.4	294.89	309.48
877.81	224.8	310.99	313.01
879.94	231.1	305.16	308.72
877.56	237	309.04	303.23
876.02	242.4	313.18	296.58
872.52	252.9	314.38	287.1
871.76	258.5	317.14	285.06
870	261.5	331.7	285.86
871.85	261.5	327.95	292.92
877.12	264	321.28	290.64
876.53	272.3	317.57	284.5
874.57	279.1	317.58	277.7
874.57	286.9	317.58	267.9
874.57	302.5	317.58	247.4
874.57	317.1	317.58	232.8
874.57	336.6	321.53	210.4
874.57	332.7	319.53	214.3
874.57	331.7	321.53	215.3
874.57	331.7	323.53	217.3
875.55	330.8	326.45	222.11
879.46	330.8	326.45	222.11
881.41	330.8	329.39	225.04
881.41	334.7	331.39	221.14
881.41	334.7	333.39	225
881.41	342.5	333.39	221.1
879.5	344.5	335.3	219.1
874.62	350.4	338.18	214.18
874.62	360.2	338.18	208.28
874.62	368	340.18	200.48
878.5	376.8	338.3	193.6
884.4	376.8	332.4	197.5
884.4	374.8	336.3	202.43
884.4	372.8	336.3	207.4
884.4	372.8	336.3	207.4
884.4	371.8	337.3	208.4
888.31	370.8	335.39	217.21
892.21	369.8	335.4	225.05
893.19	368.8	335.39	231.91
896.12	365.9	335.39	242.62
892.21	367.9	335.4	243.5
893.19	368.9	333.41	249.34
890.26	364	333.41	262.05
888.31	367.9	333.39	264.98
879.52	372.8	340.18	265.94
876.59	374.8	345.11	273.71
879.52	380.7	343.18	273.67
875.61	382.7	345.09	278.51
873.7	382.7	345.05	279.48
869.8	383.7	343.1	283.4
867.8	386.6	345.2	285.38
863.89	386.6	352.01	287.3
863.89	385.6	356.91	280.5
863.89	387.6	360.81	286.31
868.78	386.6	360.82	291.2
876.59	386.6	352.91	294.1
878.54	386.6	352.91	298.98
880.5	385.6	351	301.93
878.54	384.6	351.01	306.84
878.54	384.6	351.01	311.7
878.54	382.6	352.96	318.6
878.54	380.6	355.86	321.6
879.52	379.6	355.86	326.51
882.45	375.7	355.86	328.45
883.42	374.7	355.86	331.41
885.38	371.8	355.86	338.2
885.38	367.9	355.86	341.5
885.4	365	355.84	348.8
885.4	365	355.84	352.9
884.6	361.7	356.64	356.2
884.6	358.4	354.8	359.5
884.6	356	356.64	361.9
881.3	354.4	359.94	373.3
878	351.1	365.7	379
878	349.5	369	380.6
878	347.1	369.8	387.9
887	344.7	362.4	390.3
891.9	344.7	359.1	390.3
884.6	339.8	367.2	400.9
883.8	339.8	371.3	401.7
878.9	337.4	378.6	407.4
876.5	337.4	381.8	413.9
878.9	337.4	381	417.2
878.9	337.4	378.6	418.8
878.9	337.4	378.6	418.8
886.2	337.4	371.3	426.9
895.2	337.4	363.1	431
903.3	339	361.5	429.4
907.4	339	366.4	435.9
907.4	339	371.3	444.9
910.7	340.6	370.4	443.3
910.7	343.9	375.3	440
910.7	343.9	373.7	444.1
910.7	343.9	378.6	444.9
910.7	346.3	378.6	442.5
910.7	346.3	372.1	442.5
911.5	346.3	374.6	442.5
912.3	348.7	376.2	440.1
913.1	347.9	381.1	440.9
916.4	347.9	381.1	440.9
920.5	347.9	377	443.3
924.6	345.5	371.3	448.1
999.4	345.5	296.5	448.1
1001.1	343.9	294.8	449.7
993.8	343.9	302.1	443.2
980.8	343.9	315.1	439.1
980.8	341.5	315.1	439.9
953.9	341.5	342	440.7
953.9	341.5	343.6	425.2
947.4	337.4	351.7	413
947.4	336.6	355	413.8
947.4	333.3	355	408.1
927.1	332.5	375.3	408.1
916.5	332.5	385.9	408.1
916.5	328.4	385.9	408.1
918.9	326.8	384.3	422.7
918.9	326.8	385.9	416.2
923.7	321.9	386.8	413.8
923.7	321.9	390.9	413.8
923.7	317.8	398.2	417.9
923.7	309.7	402.3	426
923.7	295.1	403.1	434.9
923.7	287	408.8	437.3
925.33	287	408.77	434
927.8	282.1	408.7	435.6
927.8	283.7	408.7	435.6
931.1	285.3	407	435.6
935.2	285.3	407	435.6
935.2	280.4	410.3	438.9
918.1	273.1	431.5	446.2
895.3	262.5	456.7	453.5
885.5	256	469.8	457.6
891.2	253.6	467.4	460
894.5	252	466.5	460.8
901	254.4	460	454.3
895.3	253.6	465.7	451
895.3	251.2	467.3	453.4
890.4	246.3	473.8	450.2
885.5	251.2	477.1	445.3
883.1	248	476.2	451.8
886.4	239.1	474.5	460.7
886.4	248.9	474.5	452.5
888.05	249.3	469.6	452.1
889.7	257	464.7	444.4
895.4	256.2	452.5	441.9
898.7	256.2	443.5	437.8
897.1	262.8	441	431.2
894.7	273.4	441	414.9
883.3	284	450	404.3
881.7	297	447.5	394.6
881.7	301.9	443.4	396.2
884.1	304.4	437.7	400.2
881.7	310.9	437.7	402.7
870.3	314.2	442.6	405.9
867.9	314.2	442.6	408.3
867.9	311.8	439.3	413.1
867.9	306.9	436.9	422.9
873.6	306.9	427.1	425.3
872	306.9	427.1	426.1
874.4	306.9	422.3	426.9
877.7	302.8	419	433.4
877.7	302.8	419	428.7
876.5	312.2	414.3	419.3
871.8	319.2	414.3	412.3
864.8	333.3	415.4	402.9
857.8	336.8	418.9	405.3
855.5	331	414.1	405.2
850.81	328.7	408.29	400.5
846.12	335.7	427.08	384.1
840.3	361.5	434.1	348.9
840.3	363.8	432.9	334.9
835.6	366.1	431.7	320.9
830.91	383.6	436.39	303.4
804	418.8	464.47	317.42
799.3	446.9	456.3	313.93
799.3	462.2	462.2	304.5
798.1	445.8	470.4	315
805.13	465.7	462.27	283.4
805.13	448.1	457.57	292.8
805.13	442.3	451.67	296.3
812.2	444.6	444.6	297.5
815.72	449.26	448.08	296.34
822.7	456.3	438.8	285.8
826.22	459.8	434.08	282.3
830.9	462.14	434.09	276.46
830.9	470.3	435.3	268.3
832.1	479.7	435.3	255.38
838	503.1	434.1	241.4
854.41	503.1	421.19	254.3
856.75	498.41	421.15	272.99
863.8	497.2	421.1	293
868.53	496	419.87	311.8
874.39	492.48	417.51	329.42
883.8	490.14	409.3	349.36
888.49	491.31	398.71	359.89
890.8	491.31	395.2	386.89
890.8	489	394	405.6
895.5	487.8	391.6	406.8
895.5	485.5	391.6	425.5
900.2	476.1	388.1	444.3
903.7	463.2	384.6	461.9
906	456.2	387	473.6
895.5	453.9	397.5	475.9
881.4	451.6	406.9	484.1
874.4	446.9	409.2	488.8
866.2	446.9	411.5	482.9
861.5	449.2	412.7	485.3
861.5	449.2	403.3	488.8
861.5	457.4	396.3	480.6
866.19	465.6	382.21	464.2
873.2	472.6	368.2	457.2
880.2	471.4	357.7	458.4
880.2	469.1	357.7	460.7
880.2	469.1	362.4	460.7
880.2	469.1	362.4	449
896.6	472.6	348.3	459.6
856.8	474.9	388.1	472.5
856.8	476.1	385.8	486.5
854.5	473.8	384.6	500.5
840.4	471.5	392.8	511
840.4	464.5	385.8	520.3
832.2	458.7	389.3	530.8
832.2	455.2	384.6	539
827.5	451.7	385.8	537.8
829.9	447	377.5	542.5
835.8	447	363.4	543.7
848.7	448.2	344.6	542.5
863.9	445.9	328.2	544.8
859.2	444.7	332.9	546
854.5	444.7	337.6	546
848.6	444.7	343.5	546
834.5	444.7	357.6	544.8
815.8	444.7	376.3	544.8
805.3	442.4	390.3	547.1
800.6	440.1	398.5	545.9
798.3	434.2	407.8	550.6
798.3	430.7	410.1	550.6
805.3	429.5	407.8	549.5
810	424.8	406.6	547.2
812.3	424.8	404.3	539
824	429.5	392.6	530.8
824	429.5	397.3	528.5
827.5	423.6	404.3	526.2
831	421.3	407.8	525
836.9	421.3	410.1	518
841.6	416.6	413.6	516.8
845.1	415.4	417.1	515.7
849.8	410.7	419.4	516.9
849.8	408.4	421.7	509.8
853.3	403.7	422.9	498.1
853.3	399	427.6	482.9
858	395.5	426.4	466.5
858	395.5	431.1	448.9
861.5	388.5	436.9	467.6
861.5	374.4	449.8	504
850.9	379.1	458.1	509.8
846.2	379.1	480.4	501.6
836.8	374.4	489.8	488.7
835.63	383.78	489.8	462.92
840.3	386.1	491	448.9
835.6	392	495.7	431.3
830.9	388.5	500.4	428.9
823.9	383.8	513.3	427.7
820.4	381.5	516.8	430
807.51	394.4	523.79	444.1
807.51	423.7	519.09	424.2
800.48	450.7	527.32	397.2
795.79	477.7	521.51	370.2
789.93	477.7	517.97	360.8
786.42	448.4	513.28	374.9
782.9	433.2	513.28	384.2
782.9	423.8	516.8	392.4
784.1	424.97	515.6	392.4
786.44	434.3	507.36	398.3
788.8	457.7	507.3	378.4
793.5	465.9	502.6	364.3
791.1	468.2	505	343.3
793.4	475.2	501.5	330.4
800.4	472.9	491	339.7
795.7	470.6	495.7	351.4
799.2	469.4	495.7	359.6
812.1	465.9	475.8	376
810.9	461.2	471.1	390.1
814.4	444.8	465.3	419.4
821.4	435.4	452.4	439.3
826.1	430.7	445.4	458.1
826.1	438.9	439.5	460.4
823.8	448.2	439.5	465.2
815.6	458.7	433.7	469.9
810.9	462.2	429	475.8
814.4	459.9	418.5	493.3
808.5	459.9	415	506.1
803.8	462.2	410.3	512
807.3	462.2	399.8	533.1
807.3	465.7	398.6	537.8
810.8	466.9	390.4	541.3
810.8	470.4	398.6	563.5
810.8	473.9	409.1	565.9
810.8	476.2	419.6	563.6
813.1	479.7	431.4	580
813.1	482	443.1	591.8
813.1	486.7	452.5	593.3
816.6	490.2	458.4	589.8
824.8	493.7	459.6	586.3
826	498.4	463.1	581.6
824.8	503.1	464.3	576.9
829.5	506.6	459.6	573.4
838.9	510.1	450.2	569.9
847.1	513.6	446.7	566.4
855.3	515.9	438.5	564.1
857.6	519.4	436.2	560.6
872.8	519.4	418.7	560.6
877.5	522.9	409.3	557.1
879.8	525.2	407	554.8
881	525.2	402.3	554.8
881	522.9	400	557.1
877.5	522.9	403.5	557.1
877.5	524.1	396.5	555.9
877.5	522.9	396.5	557.1
877.5	519.4	401.2	560.6
874	521.7	409.4	558.3
874	520.5	414.1	559.5
874	521.7	421.1	558.3
868.1	520.5	427	559.5
855.2	518.2	444.6	561.8
855.2	513.5	456.3	566.5
843.5	508.8	483.2	571.2
838.8	506.5	489.1	573.5
830.6	504.2	502	575.8
828.3	499.5	510.2	580.5
825.9	493.6	512.6	586.4
837.6	490.1	503.2	589.9
845.8	485.4	503.2	594.6
854	479.5	495	600.5
854	474.8	503.2	605.2
849.3	466.6	506.7	613.4
839.9	463.1	512.6	616.9
834	458.4	512.6	620.4
826.9	452.6	515	623.9
821	450.3	518.6	626.2
814	445.6	524.4	630.9
810.5	439.7	523.2	634.5
802.3	436.2	529.1	633.3
800	432.7	529.1	638
791.8	428	537.3	639.2
784.8	423.3	539.6	643.9
778.9	418.6	538.5	643.9
773	413.9	543.2	642.7
763.62	408.04	558.48	640.36
756.59	403.35	573.71	643.85
747.2	394	580.8	642.7
742.5	389.3	585.5	638
737.8	382.3	598.4	642.7
731.9	376.4	606.6	642.7
731.9	372.9	616	636.8
730.73	368.21	628.87	636.8
730.73	362.4	633.57	637.9
734.2	357.7	640.6	648.5
734.2	357.7	650	643
734.2	353	653.5	641.8
737.8	349.5	653.4	639.4
742.5	346	651	640.6
742.5	343.7	659.2	640.6
747.2	343.7	660.4	646.5
747.2	342.5	667.4	644.2
756.6	341.3	662.7	648.9
761.3	341.3	665	652.4
767.2	341.3	659.1	664.2
769.5	341.3	656.8	680.6
773	341.3	661.5	690
778.9	342.5	647.4	699.3
789.4	343.7	638.1	715.7
792.2	340.9	640.9	722.7
797.8	338.1	635.3	736.8
806.2	335.3	633.9	739.6
813.2	333.9	631.1	746.1
823	333.9	625.5	746.1
830	328.3	618.5	751.7
830	326.9	631.2	753.1
834.2	321.3	631.2	758.7
839.8	315.7	632.6	764.3
852.5	312.9	622.7	767.1
855.3	310.1	625.5	769.9
866.5	308.7	618.5	771.3
876.3	305.9	604.5	774.1
879.1	304.5	593.3	775.5
883.3	303.1	576.4	776.9
886.1	301.7	560.9	778.3
