134.3	80.8	17.5	18.5
133.81	79.42	17.24	19.49
133.31	78.04	16.99	20.48
132.56	76.66	18.23	21.48
131.8	75.28	19.48	22.47
131.39	73.9	19.51	23.46
130.99	72.53	18.61	24.44
130.58	71.15	19.32	25.43
130.18	71.27	20.72	23.27
129.77	71.4	22.13	21.1
129.37	71.4	22.93	22.6
128.92	68.93	23.51	22.75
129.39	68.61	23.92	22.91
129.87	68.29	24.33	23.06
130.34	67.97	24.74	23.22
130.82	67.65	25.14	23.37
131.29	67.33	25.56	23.53
131.77	67.01	25.96	23.68
132.24	66.69	26.38	23.84
132.72	66.37	26.78	24
133.19	66.05	27.31	24.15
133.77	66	27.28	24.15
134.34	65.96	27.26	24.14
134.92	65.91	27.55	24.15
135.49	65.86	27.84	24.15
136.06	65.81	28.14	24.15
136.64	65.76	27.36	24.15
137.21	65.72	28.02	24.15
137.79	65.67	28.66	24.15
138.36	65.62	29.32	24.15
138.93	65.57	29.97	24.15
139.7	65.43	29.9	24.15
140.46	65.29	29.84	24.15
139.8	65.14	31.71	24.15
140.77	65	31.95	24.15
141.74	64.86	32.2	24.14
142.71	64.71	32.44	24.15
143.68	64.57	32.68	24.15
144.65	64.42	32.92	24.15
145.62	64.28	33.17	24.15
146.59	64.14	33.41	24.15
148.07	63.9	33.41	24.15
149.56	63.66	33.41	24.15
151.04	63.42	33.41	24.15
152.52	63.18	33.41	24.15
154.01	62.94	33.41	24.15
155.49	62.7	33.41	24.15
156.97	62.46	33.41	24.15
158.45	62.22	33.41	24.15
159.94	61.99	33.41	24.14
161.42	61.75	33.41	24.15
163.29	60.98	33.41	23.65
165.15	60.21	33.41	23.16
167.02	59.45	33.41	22.65
168.88	58.68	33.41	21.02
170.75	57.92	32.97	20.9
172.62	57.15	32.52	20.79
174.48	56.39	32.08	20.67
176.35	55.62	31.63	20.56
178.21	54.86	31.19	20.44
180.08	54.09	33.41	22.71
181.61	53.42	32.29	20.18
183.14	52.75	32.01	20.18
184.67	52.08	31.73	20.17
186.2	51.41	31.45	20.17
187.73	50.74	31.17	20.16
189.27	50.07	31.61	20.67
190.8	49.4	32.06	21.18
192.33	48.73	32.51	21.69
193.86	48.06	32.96	22.2
195.39	47.39	33.41	22.71
196.68	46.67	31.87	22.03
197.97	45.96	30.33	21.34
199.26	45.24	30.72	21.51
200.56	44.52	31.09	21.69
201.85	43.8	31.48	21.86
203.14	43.09	31.87	22.02
204.43	42.37	32.26	22.2
205.72	41.65	32.64	22.37
207.01	40.93	33.03	22.54
208.31	40.22	33.41	22.71
209.22	39.83	32.59	22.71
210.12	39.45	31.78	22.71
211.03	39.07	31.17	22.71
211.94	38.68	30.56	22.71
212.85	38.3	30.05	22.71
213.76	37.92	29.54	22.71
214.67	37.54	30.51	22.71
215.58	37.15	31.47	22.71
216.49	36.77	32.44	22.71
217.4	36.39	33.41	22.71
218.26	36.39	33.79	23
219.12	36.39	34.17	23.29
219.98	36.39	34.54	23.58
220.84	36.39	34.92	23.87
221.7	36.39	35.3	24.16
222.56	36.39	35.68	24.45
223.42	36.39	36.06	24.74
224.29	36.39	36.43	25.03
225.15	36.39	36.81	25.32
226.01	36.39	37.19	25.61
227.32	36.66	37.02	25.61
228.64	36.93	36.84	25.61
229.95	37.21	36.66	25.61
231.27	37.48	36.48	25.61
232.58	37.75	36.31	25.61
233.9	38.02	36.13	25.61
234.77	39.7	36.39	24.21
235.64	40.3	36.66	23.88
236.51	39.71	36.93	24.74
237.38	39.11	37.2	25.61
238.78	39.81	37.19	26.01
240.17	40.51	37.2	26.41
241.57	41.21	37.19	26.81
242.97	41.9	37.19	27.21
244.36	42.6	37.19	27.61
245.76	43.3	37.19	28.01
247.15	44	37.19	28.41
248.55	44.69	37.19	28.81
249.94	45.39	37.19	29.21
251.34	46.09	37.19	29.61
253.23	46.82	36.3	29.61
255.13	47.55	35.39	29.61
257.02	48.28	34.5	29.61
258.91	49.01	33.61	29.61
260.81	49.74	32.71	29.61
262.7	50.47	31.81	29.62
264.59	51.2	30.92	29.62
266.49	51.94	30.02	29.61
268.38	52.67	29.12	29.61
270.28	53.4	28.22	29.61
271.6	55.27	28	28.51
272.93	57.15	27.77	27.4
274.26	59.02	27.54	26.3
275.59	60.9	27.31	25.18
276.92	60.7	27.08	26.15
278.25	62.1	26.85	25.52
279.58	62.17	26.62	26.22
280.91	62.23	26.39	26.93
282.24	62.3	26.16	27.63
283.57	62.37	25.93	28.33
284.88	62.37	26.61	28.33
286.2	62.37	27.28	28.33
287.51	62.37	27.96	28.33
288.83	62.37	28.63	28.33
290.14	62.37	29.31	28.33
291.46	62.37	29.98	28.33
292.77	62.37	30.66	28.33
294.09	62.37	31.33	28.33
295.4	62.37	32.01	28.33
294.53	62.37	34.87	28.33
297.26	62.2	33.51	28
300	62.04	32.14	27.66
301.72	61.87	31.79	27.33
303.45	61.7	31.43	27
305.17	61.53	31.08	26.67
306.9	61.37	30.72	26.33
308.62	61.2	30.37	26
310.35	61.03	30.01	25.67
312.07	60.87	29.66	25.33
313.8	60.7	29.3	25
315.53	60.27	29.07	24.63
317.25	59.84	28.85	24.26
318.98	59.4	28.62	23.9
320.71	58.97	28.39	23.53
322.44	58.54	28.16	23.16
324.16	58.11	27.94	22.79
325.89	57.68	27.71	22.42
327.62	57.24	27.48	22.06
329.35	56.81	27.25	21.69
331.08	56.38	27.02	21.32
332.3	55.52	27.26	21.32
333.53	54.65	27.49	21.32
334.76	53.79	27.72	21.32
335.99	52.92	27.95	21.32
337.22	52.06	28.18	21.32
338.45	51.2	28.41	21.32
339.68	50.33	28.64	21.32
340.91	49.47	28.87	21.32
342.14	48.61	29.1	21.32
343.37	47.74	29.33	21.32
345.2	47.11	29.43	21.32
347.02	46.48	29.54	21.32
348.85	45.85	29.64	21.32
350.68	45.22	29.74	21.32
352.5	44.58	29.85	21.33
354.33	43.95	29.95	21.32
356.16	43.32	30.05	21.32
357.99	42.69	30.15	21.32
359.81	42.06	30.26	21.32
361.64	41.43	30.36	21.32
363.57	41.4	30.82	21.32
365.5	41.36	31.28	21.32
367.42	41.33	31.75	21.32
369.35	41.3	32.21	21.32
371.28	41.26	32.67	21.32
373.2	41.23	33.14	21.32
375.13	41.2	33.6	21.32
377.06	41.16	34.06	21.32
378.98	41.13	34.53	21.32
380.91	41.1	34.99	21.32
382.94	41.16	34.69	21.32
384.96	41.23	34.4	21.32
386.99	41.3	34.1	21.32
389.02	41.36	33.8	21.32
391.04	41.43	33.51	21.32
393.07	41.5	33.21	21.32
395.1	41.56	32.91	21.32
397.12	41.63	32.62	21.32
399.15	41.7	32.32	21.32
401.18	41.76	32.02	21.32
403.37	41.99	31.72	21.32
405.56	42.23	31.42	21.32
407.76	42.46	31.11	21.32
409.95	42.69	30.81	21.32
412.14	42.92	30.51	21.32
414.33	43.16	30.21	21.32
416.53	43.39	29.9	21.32
418.72	43.62	29.6	21.32
420.91	43.86	29.3	21.32
423.11	44.09	28.99	21.32
423.2	44.69	30.63	21.32
425.77	45.28	29.79	21.32
428.35	45.88	28.94	21.32
430.92	46.48	28.1	21.32
433.49	47.08	27.26	21.32
436.07	47.68	26.41	21.32
438.64	48.27	25.57	21.32
441.22	48.87	24.72	21.32
443.79	49.47	23.88	21.32
446.36	50.07	23.04	21.32
448.16	50.77	22.77	21.32
449.95	51.46	22.51	21.32
451.74	52.16	22.25	21.32
453.54	52.86	21.98	21.32
455.33	53.56	21.72	21.32
457.13	54.25	21.45	21.32
458.92	54.95	21.19	21.32
460.72	55.65	20.92	21.32
462.51	56.35	20.66	21.32
464.3	57.04	20.4	21.33
466	57.98	20	21.32
467.69	58.91	19.61	21.32
469.39	59.84	19.21	21.32
471.08	60.77	18.82	21.32
472.78	61.7	18.42	21.32
474.47	62.63	18.03	21.32
476.16	63.56	17.64	21.32
477.86	64.49	17.24	21.32
479.55	65.42	16.85	21.32
481.25	66.35	16.45	21.32
482.71	67.08	16.45	21.32
484.17	67.81	16.45	21.32
485.63	68.54	16.46	21.32
487.09	69.27	16.46	21.32
488.56	70	16.45	21.32
490.02	70.73	16.45	21.32
491.48	71.46	16.45	21.32
492.94	72.19	16.45	21.32
494.4	72.93	16.46	21.32
495.87	73.66	16.45	21.32
497.73	75.18	16.02	20.9
499.59	76.71	15.58	20.47
501.46	78.24	15.14	20.05
503.32	79.77	14.71	19.62
505.18	81.3	14.28	19.2
507.05	82.83	13.84	18.77
508.91	84.35	13.41	17.55
510.77	85.88	12.97	18.49
512.64	87.41	12.53	19.42
514.5	88.94	12.1	20.36
516.06	89.67	12.1	20.36
517.62	90.4	12.1	20.36
519.18	91.13	12.1	20.36
520.75	91.86	12.1	20.36
522.31	92.59	12.1	20.36
523.87	93.32	12.1	20.37
525.43	94.05	12.1	20.37
526.99	94.79	12.1	20.36
528.55	95.52	12.1	20.36
530.12	96.25	12.1	20.36
531.94	97.01	12.1	20.36
533.77	97.78	12.1	20.36
535.6	98.54	12.1	20.36
537.42	99.3	12.1	20.36
539.25	100.07	12.1	20.36
541.08	100.83	12.1	20.36
542.91	101.6	12.1	20.36
544.73	102.36	12.1	20.36
546.56	103.12	12.1	20.37
548.39	103.89	12.1	20.36
549.95	104.69	13.03	20.36
551.51	105.48	13.96	20.36
553.07	106.28	14.89	20.36
554.63	107.08	15.82	20.36
556.2	107.87	16.74	20.37
557.76	108.67	17.68	20.36
559.32	109.47	18.61	20.36
560.88	110.27	19.54	20.36
562.44	111.06	20.47	20.37
564	111.86	21.4	20.36
565.93	112.49	22.28	20.36
567.86	113.12	23.16	20.37
569.78	113.76	24.05	20.36
571.71	114.39	24.93	20.36
573.64	115.02	25.81	20.36
575.56	115.65	26.7	20.36
577.49	116.28	27.58	20.36
579.42	116.91	28.46	20.36
581.35	117.54	29.34	20.36
583.27	118.17	30.23	20.37
585.5	118.61	30.01	20.19
587.72	119.04	29.79	20.03
589.95	119.47	29.57	19.86
592.18	119.9	29.34	19.7
594.4	120.33	29.13	19.54
596.63	120.76	28.91	19.37
598.85	121.2	28.69	19.2
601.08	121.63	28.47	19.04
603.31	122.06	28.24	18.87
605.53	122.49	28.03	18.71
607.76	123.12	28.43	18.88
609.98	123.75	28.85	19.04
612.21	124.39	29.25	19.2
614.44	125.02	29.66	19.37
616.18	125.65	29.87	19.53
617.92	126.28	30.09	19.7
619.66	126.91	30.3	19.87
621.4	127.54	30.51	20.03
624.5	128.17	29.37	20.2
626.1	128.81	29.72	20.36
628.01	129.5	29.77	20.36
629.92	130.2	29.82	20.36
631.83	130.9	29.87	20.36
633.74	131.6	29.92	20.36
635.66	132.29	29.96	20.37
637.57	132.99	30.01	20.36
639.48	133.69	30.06	20.36
641.39	134.39	30.11	20.36
643.3	135.08	30.16	20.37
647.39	135.78	28.03	20.36
649.62	136.58	28.03	20.36
651.85	137.38	28.02	20.36
654.07	138.17	28.03	20.37
656.3	138.97	28.03	20.36
658.52	139.77	28.03	20.36
660.75	140.57	28.03	20.36
662.98	141.36	28.02	20.37
665.2	142.16	28.03	20.36
667.43	142.96	28.03	20.36
669.65	143.76	28.03	20.36
671.78	144.35	28.03	20.37
673.91	144.95	28.02	20.36
676.03	145.55	28.03	20.36
678.16	146.15	28.03	20.36
680.29	146.75	28.02	20.36
682.41	147.34	28.03	20.37
684.54	147.94	28.03	20.36
686.67	148.54	28.02	20.36
688.79	149.14	28.03	20.36
690.92	149.74	28.03	20.36
693.24	150.53	28.03	20.37
695.57	151.33	28.03	20.36
697.89	152.13	28.03	20.36
700.22	152.93	28.03	20.36
702.55	153.72	28.02	20.37
704.47	154.52	28.03	20.36
706.4	155.32	28.03	20.36
708.33	156.12	28.02	20.36
710.25	156.91	28.03	20.36
712.18	157.71	28.03	20.36
714.64	158.44	28.03	20.5
717.1	159.17	28.03	20.63
719.56	159.9	28.02	20.77
722.02	160.63	28.02	20.9
724.47	161.37	28.03	21.03
727	162.16	28.03	21.44
729.52	162.96	28.03	21.84
732.05	163.76	28.03	22.24
734.57	164.56	28.03	22.64
737.1	165.35	28.03	23.05
739.69	166.55	27.43	23.05
742.28	167.74	26.84	23.05
744.87	168.94	26.24	23.05
747.47	170.14	25.64	23.04
750.06	171.33	25.04	23.05
751.85	172.79	25.04	23.05
753.65	174.26	25.04	23.04
755.44	175.72	25.04	23.05
757.23	177.18	25.05	23.05
759.03	178.64	25.04	23.05
761.75	179.64	25.05	23.05
764.48	180.64	25.04	23.04
767.2	181.63	25.04	23.05
769.93	182.63	25.04	23.05
772.65	183.63	25.04	23.04
774.78	185.35	25.04	23.05
776.9	187.08	25.05	23.05
779.03	188.81	25.04	23.05
781.16	190.54	25.04	23.04
783.28	192.26	25.04	23.05
785.59	193.07	24.45	23.71
787.89	193.88	23.86	24.38
790.2	194.69	23.27	25.04
792.5	195.49	22.68	25.71
798.56	196.3	18.34	24.66
800.11	197.43	18.72	24.66
801.65	198.56	19.1	24.66
803.2	199.69	19.48	24.66
805.7	200.82	18.91	24.66
808.2	201.95	18.34	24.66
809	203.54	19.73	25.46
811.05	205.14	19.73	25.39
813.1	206.73	19.74	25.32
815.15	208.33	19.74	25.25
817.2	209.92	19.75	25.18
818.9	211.25	20.15	25.35
820.6	212.58	20.55	25.52
822.45	213.91	20.81	25.23
824.3	215.24	21.06	24.94
827.2	216.57	20.27	24.66
829.51	217.23	19.88	24.93
831.83	217.88	19.49	25.22
834.14	218.54	19.11	25.49
836.45	219.2	18.73	25.77
836.3	221.88	20.8	24.02
838.38	222.23	20.58	24.4
840.46	222.57	20.36	24.79
842.54	222.91	20.14	25.18
844.62	223.26	19.92	25.56
846.7	223.6	19.7	25.95
846.4	224.52	21.33	25.57
848.56	225.44	20.5	25.18
850.72	226.36	19.67	24.79
852.89	227.28	18.83	24.4
855.05	228.2	17.99	24.01
854.82	228.2	20.54	24.01
854.6	228.2	23.07	24.01
855.97	229.1	24.01	23.11
857.33	230	24.96	22.21
858.7	230.9	25.9	21.31
860.63	231.63	25.9	21.31
862.55	232.36	25.9	21.31
864.48	233.09	25.9	21.32
866.41	233.82	25.9	21.32
868.33	234.56	25.9	21.31
870.13	235.35	25.9	21.32
871.92	236.15	25.9	21.31
873.72	236.95	25.9	21.31
875.51	237.74	25.9	21.32
877.3	238.54	25.91	21.31
878.9	238.81	25.9	21.31
880.49	239.07	25.9	21.32
882.09	239.34	25.9	21.31
883.68	239.61	25.9	21.31
885.28	239.87	25.9	21.31
887.21	240.93	25.9	21.06
889.13	242	25.9	20.79
891.06	243.06	25.9	20.53
892.99	244.12	25.9	20.28
894.91	245.19	25.9	20.01
895.84	246.18	26.31	20.02
896.77	247.18	26.72	20.01
897.7	248.18	27.13	20.01
898.64	249.17	27.52	20.02
899.57	250.17	27.93	20.01
900.76	250.83	27.94	20.02
901.96	251.5	27.93	20.01
903.15	252.16	27.94	20.02
904.35	252.83	27.93	20.01
905.55	253.49	27.93	20.02
906.34	254.49	27.94	20.01
907.14	255.49	27.94	20.01
907.94	256.48	27.93	20.02
908.74	257.48	27.93	20.01
909.53	258.48	27.94	20.01
909.47	258.39	28	20.04
909.4	258.31	28.07	20.05
909.33	258.23	28.14	20.07
909.27	258.14	28.2	20.09
909.2	258.06	28.27	20.11
909.13	257.97	28.34	20.13
909.07	257.89	28.4	20.15
909	257.81	28.47	20.16
908.93	257.72	28.54	20.19
908.87	257.64	28.6	20.21
908.8	257.55	28.67	20.23
908.73	257.47	28.74	20.25
908.67	257.39	28.8	20.26
908.6	257.3	28.87	20.29
908.53	257.22	28.94	20.3
908.47	257.14	29	20.32
908.4	257.05	29.07	20.34
908.33	256.97	29.14	20.36
908.27	256.88	29.2	20.38
908.2	256.8	29.27	20.4
907.67	256.8	29.27	20.06
907.14	256.8	29.26	19.72
906.6	256.8	29.27	19.38
906.07	256.8	29.27	19.04
905.54	256.8	29.27	18.7
904.69	256.47	29.5	18.7
903.83	256.14	29.74	18.7
902.98	255.8	29.96	18.7
902.12	255.47	30.2	18.7
901.27	255.14	30.43	18.7
900.07	255.14	30.99	18.7
898.87	255.14	31.55	18.7
897.68	255.14	32.1	18.7
896.48	255.14	32.66	18.7
895.29	255.14	33.21	18.7
894.16	255.74	33.08	18.7
893.03	256.34	32.95	18.69
891.9	256.93	32.82	18.7
890.77	257.53	32.69	18.7
889.64	258.13	32.56	18.7
889.04	259.26	32.1	18.42
888.44	260.39	31.64	18.15
887.84	261.52	31.18	17.87
887.25	262.65	30.71	17.6
886.65	263.78	30.25	17.32
885.65	264.64	30.25	17.32
884.66	265.51	30.25	17.32
883.66	266.37	30.25	17.32
882.66	267.23	30.25	17.33
881.67	268.1	30.25	17.32
881.2	268.76	29.85	17.32
880.73	269.43	29.46	17.32
880.27	270.09	29.06	17.32
879.8	270.75	28.66	17.33
879.34	271.42	28.26	17.32
879.14	272.08	27.92	17.73
878.94	272.75	27.58	18.13
878.74	273.41	27.24	18.55
878.54	274.08	26.9	18.95
878.34	274.74	26.56	19.36
877.66	275.41	26.91	19.35
876.97	276.07	27.27	19.36
876.29	276.73	27.61	19.36
875.6	277.4	27.97	19.36
876.68	278.06	26.56	19.36
876.14	278.79	27.1	19.36
875.59	279.53	27.65	19.35
875.05	280.26	28.19	19.36
874.5	280.99	28.74	19.36
876.68	281.72	26.56	19.36
875	281.92	28.17	19.76
875.34	282.12	27.77	20.17
875.67	282.32	27.37	20.57
876.01	282.52	26.96	20.98
876.35	282.71	26.56	21.39
876.16	283.65	27.08	21.38
875.97	284.58	27.6	21.38
875.78	285.51	28.12	21.38
875.59	286.44	28.65	21.38
875.4	287.37	29.17	21.38
875.67	287.89	29.16	21.73
875.93	288.42	29.17	22.06
876.2	288.95	29.17	22.39
876.46	289.47	29.17	22.74
876.73	290	29.17	23.07
877.13	290.27	29.17	23.07
877.53	290.53	29.17	23.07
877.93	290.8	29.16	23.07
878.32	291.06	29.17	23.07
878.72	291.33	29.17	23.07
878.99	291.93	29.42	23.07
879.26	292.53	29.67	23.07
879.52	293.12	29.94	23.07
879.79	293.72	30.19	23.07
880.05	294.32	30.45	23.07
880.12	294.59	30.45	23.07
880.19	294.85	30.44	23.07
880.25	295.12	30.45	23.07
880.32	295.38	30.45	23.07
880.38	295.65	30.45	23.07
880.38	296.5	30.45	23.36
881.32	296.29	29.51	24.7
882.26	296.07	28.57	26.06
883.2	295.86	27.63	27.4
880.38	295.65	30.45	28.75
883.44	296.58	28.32	28.08
886.5	297.51	26.19	27.41
887.23	298.44	26.39	26.74
887.97	299.37	26.58	26.07
888.7	300.3	26.78	25.4
889.16	300.23	26.79	26.01
889.63	300.17	26.78	26.61
890.09	300.1	26.79	27.22
890.56	300.04	26.78	27.82
891.02	299.97	26.79	28.43
892.09	300.23	26.78	29.11
893.15	300.5	26.78	29.78
894.21	300.77	26.79	30.45
895.28	301.03	26.78	31.13
896.34	301.3	26.78	31.8
897.87	301.63	25.59	31.8
899.4	301.96	24.39	31.8
900.94	302.29	23.19	31.81
902.47	302.63	21.99	31.8
904	302.96	20.8	31.8
905.53	303.22	20.8	31.81
907.06	303.49	20.8	31.8
908.58	303.76	20.8	31.8
910.11	304.02	20.8	31.8
911.64	304.29	20.8	31.8
912.9	304.29	20.8	31.8
914.17	304.29	20.8	31.8
915.43	304.29	20.8	31.8
916.69	304.29	20.8	31.8
917.95	304.29	20.8	31.8
919.48	304.29	20.74	31.8
921.01	304.29	20.68	31.8
922.54	304.29	20.62	31.8
924.07	304.29	20.56	31.8
925.59	304.29	20.51	31.8
926.86	304.16	20.3	31.8
928.12	304.02	20.1	31.8
929.38	303.89	19.9	31.8
930.64	303.76	19.7	31.8
931.91	303.62	19.49	31.81
933.17	303.56	19.49	31.8
934.43	303.49	19.5	31.8
935.69	303.42	19.5	31.81
936.96	303.36	19.49	31.8
938.22	303.29	19.49	31.8
939.42	303.09	19.15	31.8
940.61	302.89	18.82	31.8
941.81	302.69	18.48	31.8
943	302.49	18.14	31.81
944.2	302.29	17.8	31.81
945.06	302.23	17.8	31.8
945.93	302.16	17.8	31.8
946.79	302.09	17.8	31.81
947.65	302.03	17.8	31.8
948.52	301.96	17.8	31.8
949.25	301.27	17.94	32.43
949.98	300.58	18.09	33.05
950.71	299.88	18.24	33.68
951.44	299.19	18.38	34.31
952.17	298.5	18.53	34.93
952.67	298.54	18.53	34.93
953.17	298.58	18.53	34.93
953.67	298.62	18.53	34.93
954.17	298.65	18.53	34.94
954.67	298.69	18.53	34.93
955.52	300.65	18.94	33.28
956.36	302.6	19.36	31.64
957.21	303.7	19.77	30.85
958.06	303.3	20.18	31.55
958.9	304.4	20.6	30.76
958.9	305.18	20.6	29.98
958.9	305.96	20.6	29.2
958.9	306.74	20.6	28.42
958.9	307.52	20.6	27.64
958.9	308.3	20.6	26.86
959.67	309.18	20.6	29.3
960.44	310.07	20.6	31.73
961.21	310.95	20.6	30.85
961.98	311.84	20.6	30.11
962.75	312.72	20.6	29.38
963.06	314	20.59	28.4
963.36	315.27	20.6	27.44
963.67	316.55	20.6	26.46
963.98	317.82	20.6	25.5
964.29	319.1	20.59	24.52
964.71	320.1	20.6	24.22
965.13	321.1	20.6	23.91
965.56	322.1	20.59	23.6
965.98	323.1	20.6	23.29
966.4	324.1	20.6	22.98
967.13	324.79	20.6	22.99
967.86	325.48	20.6	22.99
968.59	326.18	20.6	22.98
969.32	326.87	20.6	22.98
970.05	327.56	20.6	22.98
970.4	327.68	20.6	22.98
970.75	327.79	20.59	22.99
971.09	327.91	20.6	22.98
971.44	328.02	20.6	22.99
971.79	328.14	20.59	22.98
972.29	328.95	20.36	26.05
972.78	329.75	20.13	25.93
973.28	330.56	19.89	25.79
973.78	331.37	19.66	25.66
974.28	332.17	19.42	25.53
974.98	334.02	19.41	25.38
975.67	335.86	19.41	24.14
976.36	337.71	19.42	22.89
977.05	339.56	19.42	21.64
977.75	341.4	19.41	20.4
978.4	343.34	19.41	19.32
979.05	345.28	19.42	18.25
979.71	347.22	19.41	17.17
980.36	349.16	19.42	16.1
981.01	351.1	19.42	15.02
981.63	351.84	19.41	15.28
982.24	352.58	19.42	15.54
982.86	353.32	19.42	15.8
983.47	354.06	19.42	16.06
984.09	354.8	19.42	16.32
984.75	356.53	19.09	16.32
985.41	358.26	18.77	16.32
986.08	359.99	18.44	16.32
986.74	361.72	18.12	16.32
987.4	363.45	17.8	16.32
987.9	364.68	17.8	16.56
988.4	365.91	17.8	16.79
988.9	367.15	17.8	17.02
989.4	368.38	17.8	17.25
989.9	369.61	17.8	17.49
990.25	370.91	17.8	17.5
990.59	372.22	17.8	17.49
990.94	373.53	17.8	17.49
991.28	374.84	17.8	17.49
991.63	376.14	17.8	17.5
992.36	377.37	17.8	17.5
993.09	378.6	17.8	17.5
993.82	379.84	17.8	17.49
994.55	381.07	17.8	17.49
995.28	382.3	17.8	17.49
996.13	383.34	17.8	17.49
996.98	384.37	17.8	17.5
997.82	385.41	17.8	17.5
998.67	386.45	17.8	17.49
999.51	387.49	17.8	17.49
1000.36	388.49	17.8	18.23
1001.21	389.49	17.8	18.97
1002.05	390.49	17.8	19.71
1002.9	391.49	17.8	19.71
1003.74	392.49	17.8	19.71
1003.96	393.68	18.28	19.27
1004.18	394.87	18.75	18.83
1004.4	396.06	19.22	18.38
1005.8	397.25	18.51	17.94
1007.21	398.45	17.8	17.49
1008.47	399.37	17.53	17.49
1009.74	400.29	17.26	17.5
1011.01	401.21	16.99	17.5
1012.28	402.14	17.39	19.66
1013.55	403.06	16.45	19.14
1014.17	404.02	16.72	18.78
1014.78	404.98	16.99	18.75
1015.4	405.94	17.26	18.71
1016.01	406.91	17.53	18.67
1016.63	407.87	17.8	18.63
1017.36	408.83	17.8	18.4
1018.09	409.79	17.8	18.18
1018.82	410.75	17.8	17.95
1019.55	411.71	17.8	17.72
1020.28	412.67	17.8	17.5
1021.66	413.9	17.8	18.6
1023.05	415.13	17.8	21.07
1024.43	416.37	17.8	19.87
1025.82	417.6	17.8	18.68
1027.2	418.83	17.8	17.49
1028.55	419.67	17.8	17.5
1029.89	420.52	17.8	17.49
1031.24	421.36	17.8	17.5
1032.58	422.21	17.8	17.49
1033.93	423.06	17.8	17.49
1035.2	424.29	17.8	17.49
1036.47	425.52	17.8	17.49
1037.74	426.75	17.8	17.49
1039.01	427.98	17.8	17.49
1040.28	429.21	17.8	17.49
1041.35	430.05	17.8	17.5
1042.43	430.9	17.8	17.49
1043.51	431.75	17.8	17.49
1044.58	432.59	17.8	17.5
1045.66	433.44	17.8	17.49
1046.51	434.05	18	18.77
1047.35	434.67	18.21	20.03
1048.2	435.29	18.4	22.91
1049.04	435.9	18.61	23
1049.89	436.52	18.81	22.58
1052.12	438.63	18.81	22.92
1054.35	440.75	18.81	23.25
1056.58	442.86	18.81	22.17
1058.81	444.98	18.81	21.09
1061.04	447.09	18.81	20.01
1062.43	448.51	18.73	19.79
1063.81	449.94	18.66	19.56
1065.2	451.36	18.58	19.34
1066.58	452.78	18.51	19.12
1067.96	454.21	18.44	18.89
1069.66	454.94	18.28	18.89
1071.35	455.67	18.13	18.89
1073.04	456.4	17.98	18.89
1074.73	457.13	17.83	18.89
1076.42	457.86	17.68	18.89
1078.19	458.82	17.68	18.89
1079.96	459.78	17.68	18.9
1081.73	460.74	17.68	18.9
1083.5	461.7	17.68	18.9
1085.27	462.67	17.67	18.89
1086.96	463.32	18.1	19.13
1088.65	463.97	18.52	19.37
1090.35	464.63	18.93	19.59
1092.04	465.28	19.35	19.83
1093.73	465.93	19.77	20.07
1095.81	466.7	19.77	20.07
1097.88	467.47	19.77	20.07
1099.96	468.24	19.77	20.07
1102.04	469.01	19.77	20.07
1104.11	469.78	19.77	20.06
1106.57	470.93	19.77	20.07
1109.03	472.09	19.78	20.06
1111.5	473.24	19.77	20.07
1113.96	474.39	19.77	20.07
1116.42	475.55	19.77	20.06
1118.34	476.05	20.81	20.06
1120.26	476.55	21.85	20.06
1122.19	477.05	22.89	20.06
1124.11	477.55	23.93	20.06
1126.03	478.05	24.97	20.06
1128.07	478.89	25.93	20.07
1130.11	479.74	26.89	20.06
1132.15	480.58	27.85	20.07
1134.19	481.43	28.81	20.07
1136.22	482.28	29.78	20.06
1138.49	483.12	29.43	20.07
1140.76	483.97	29.08	20.06
1143.03	484.81	28.73	20.07
1145.3	485.66	28.38	20.07
1147.57	486.5	28.03	20.07
1149.97	487.35	28.03	19.69
1152.37	488.2	28.04	19.3
1154.3	489.04	27.35	19.56
1156.22	489.89	26.68	19.81
1158.14	490.73	28.04	19.27
1161.52	492.32	26.67	18.96
1164.9	493.9	25.3	18.65
1167.13	494.7	25.84	19.13
1169.37	495.51	26.36	19.59
1171.6	496.31	26.9	20.07
1174.06	497.31	27.13	20.07
1176.52	498.31	27.36	20.07
1178.98	499.31	27.58	20.07
1181.45	500.31	27.8	20.07
1183.91	501.31	28.03	20.07
1186.06	502.5	27.66	19.77
1188.21	503.69	27.29	19.47
1190.37	504.89	27.53	19.16
1192.52	506.08	27.78	18.87
1194.67	507.27	28.03	18.57
1197.13	507.73	28.04	18.57
1199.59	508.19	28.04	18.57
1202.05	508.65	28.04	18.57
1204.52	509.12	28.03	18.56
1206.98	509.58	28.03	18.56
1209.32	510.62	27.53	18.56
1211.67	511.65	27.02	18.57
1214.01	512.69	26.51	18.57
1216.36	513.73	26	18.57
1218.71	514.77	25.49	18.57
1221.2	515.69	24.24	18.57
1223.7	516.61	22.98	18.57
1226.2	517.54	21.72	18.56
1228.7	518.46	20.46	18.57
1231.2	519.38	19.2	18.57
1233.59	520.15	18.39	18.57
1235.97	520.92	17.59	18.57
1238.36	521.69	16.78	18.57
1240.74	522.46	15.98	18.57
1243.12	523.23	15.18	18.57
1245.16	524.56	14.76	18.94
1247.2	525.9	14.34	19.3
1249.24	525.97	13.92	20.4
1251.28	526.04	13.5	21.49
1253.31	526.11	13.09	22.59
1255.58	527.45	13.09	21.95
1257.85	528.79	13.09	21.31
1260.12	530.12	13.09	19.84
1262.39	531.46	13.09	18.37
1264.66	532.8	13.09	16.89
1267.2	534.03	13.08	16.42
1269.74	535.26	13.08	15.96
1272.27	536.49	13.09	15.49
1274.81	537.72	13.09	15.02
1277.35	538.95	13.09	14.55
1279.16	539.61	13.54	14.54
1280.97	540.26	14	14.55
1282.77	540.91	14.46	14.55
1284.58	541.57	14.92	14.54
1286.39	542.22	15.37	14.55
1287.93	543.14	15.61	14.55
1289.46	544.07	15.86	14.54
1291	544.99	16.1	14.55
1292.54	545.91	15.74	14.55
1294.08	546.84	15.37	14.54
1296.08	547.99	15.92	15.41
1298.08	549.14	15.78	16.06
1300.08	550.3	15.64	16.7
1302.07	551.45	15.52	17.35
1304.07	552.6	15.38	18
1306.15	553.36	14.83	17.55
1308.23	554.12	14.28	17.1
1310.3	554.88	13.74	16.64
1312.38	555.64	13.19	16.19
1314.46	556.4	12.64	15.74
1316.26	556.4	12.42	15.74
1318.07	556.4	12.19	15.74
1319.88	556.4	11.96	15.74
1321.69	556.4	11.73	15.74
1323.49	556.4	11.51	15.74
1324.3	556.4	12.54	16.31
1325.11	556.4	13.57	16.88
1325.92	556.4	14.6	17.46
1326.72	556.4	15.64	18.03
1327.53	556.4	16.67	18.6
1329.42	557.09	17.52	18.75
1331.3	557.78	18.38	18.9
1333.18	558.48	19.24	19.04
1335.07	559.17	20.09	19.19
1336.95	559.86	20.95	19.34
1338.26	560.98	22.14	19.91
1339.57	562.09	23.32	20.49
1340.88	563.21	24.51	21.06
1342.18	564.32	25.71	21.64
1343.49	565.44	26.89	22.21
1345.22	566.51	26.89	21.21
1346.95	567.58	26.89	20.21
1348.68	568.66	26.9	19.2
1350.41	569.73	26.9	18.2
1352.14	570.8	26.9	17.2
1354.06	571.72	27.43	17.48
1355.99	572.65	27.95	17.75
1357.91	573.57	28.48	18.03
1359.83	574.49	29.02	18.31
1361.75	575.42	29.55	18.58
1364.21	576.88	29.29	18.38
1366.68	578.34	29.02	18.18
1369.14	579.8	28.76	17.98
1371.6	581.26	28.5	17.78
1374.06	582.72	28.24	17.58
1376.4	584.37	27.74	17.58
1378.75	586.03	27.23	17.58
1381.1	587.68	26.72	17.58
1383.44	589.33	26.22	17.58
1385.79	590.99	25.71	17.58
1387.71	591.8	26.59	17.58
1389.63	592.6	27.47	17.58
1391.55	593.41	28.35	17.58
1393.48	594.22	29.22	17.58
1395.4	595.03	30.1	17.57
1398.21	596.26	30.67	17.58
1401.01	597.49	31.25	17.58
1403.82	598.72	31.82	17.58
1406.63	599.95	32.39	17.58
1409.43	601.18	32.97	17.58
1412.13	601.75	32.96	17.58
1414.82	602.33	32.96	17.58
1417.51	602.91	32.97	17.58
1420.2	603.49	32.97	17.57
1422.89	604.06	32.97	17.58
1425.85	605.02	32.97	17.58
1428.81	605.99	32.97	17.57
1431.78	606.95	32.96	17.58
1434.74	607.91	32.96	17.58
1437.7	608.87	32.96	17.58
1440.7	609.8	32.96	18.38
1443.7	610.72	32.96	19.19
1446.7	611.65	32.96	19.99
1449.69	612.57	32.97	20.8
1452.69	613.5	32.97	21.6
1455.96	614.74	32.97	21.71
1459.23	615.98	32.97	21.81
1462.5	617.22	32.97	21.92
1465.77	618.46	32.96	22.02
1469.04	619.7	32.96	22.13
1472.23	620.9	32.96	22.5
1475.42	622.1	32.97	22.88
1478.61	623.3	32.97	23.26
1481.8	624.5	32.97	23.63
1485	625.7	32.96	24.01
1488.15	627.16	32.96	24.4
1491.3	628.62	32.97	24.78
1494.45	630.08	32.97	25.17
1497.61	631.54	32.96	25.55
1500.76	633	32.97	25.94
1503.91	634.42	33.59	26.17
1507.07	635.84	34.21	26.4
1510.22	637.26	34.83	26.64
1513.37	638.68	35.46	26.87
1516.53	640.1	36.07	27.1
1519.56	642.95	36.08	27.1
1522.6	645.79	36.08	27.1
1525.64	648.64	36.07	27.1
1528.68	651.48	36.07	27.1
1531.72	654.33	36.07	27.1
1533.91	657.02	37.22	27.1
1536.1	659.71	38.37	27.1
1538.29	662.4	39.53	27.1
1540.48	665.09	40.68	27.1
1542.67	667.79	41.83	27.1
1545.71	670.59	41.83	26.1
1548.75	673.39	41.83	25.1
1551.79	676.19	41.82	24.1
1554.83	679	41.82	23.1
1557.86	681.8	41.83	22.1
1560.32	684.1	42.63	22.57
1562.79	686.4	43.42	23.04
1565.25	688.7	44.23	23.51
1567.71	691	45.03	23.98
1570.17	693.3	45.83	24.45
1572.63	696.07	45.53	24.13
1575.09	698.84	45.23	23.81
1577.55	701.61	44.93	23.49
1580.01	704.38	44.63	23.17
1582.47	707.14	44.33	22.86
1584.36	708.71	45.02	23.64
1586.24	710.29	45.72	24.4
1588.13	711.86	46.41	25.18
1590.01	713.43	47.11	25.95
1591.89	715	47.81	26.73
1593.86	716.54	47.38	26.14
1595.82	718.08	46.96	25.56
1597.78	719.61	46.54	24.98
1599.74	721.15	46.12	24.4
1601.7	722.69	45.7	23.81
1604.35	723.57	45.7	23.81
1607.01	724.46	45.7	23.81
1609.66	725.34	45.7	23.81
1612.31	726.23	45.7	23.81
1614.97	727.11	45.7	23.81
1616.62	728.11	45.7	23.81
1618.27	729.11	45.7	23.81
1619.93	730.11	45.7	23.81
1621.58	731.11	45.7	23.81
1623.23	732.11	45.7	23.81
1624.92	732.15	46.35	24.46
1626.62	732.19	46.98	25.12
1628.31	732.23	47.62	25.77
1630	732.26	48.27	26.43
1631.69	732.3	48.91	27.08
1633.15	733.22	48.45	27.08
1634.61	734.15	48.39	27.08
1636.08	735.07	48.92	27.08
1637.54	735.99	49.56	27.08
1639	736.92	51.6	27.08
1640.5	737.84	51.68	27.08
1642	738.76	51.76	27.08
1643.5	739.68	51.84	27.08
1645	740.61	51.92	27.08
1646.5	741.53	52	27.08
1648.5	743.18	51.84	26.89
1650.5	744.84	51.68	26.69
1652.5	746.49	51.52	26.5
1654.5	748.15	51.36	26.31
1656.5	749.8	51.2	26.12
1658.11	750.1	51.85	26.59
1659.72	750.4	52.5	27.06
1661.34	750.7	53.14	27.52
1662.95	751	53.79	27.99
1664.57	751.3	54.43	28.46
1665.45	752.35	55.21	28.22
1666.34	753.4	55.98	27.98
1667.22	754.44	56.76	27.75
1668.11	755.49	57.53	27.5
1668.99	756.54	58.31	27.26
1671.18	758.43	56.82	26.13
1673.37	760.32	55.33	25
1675.57	762.22	53.83	23.86
1677.76	764.11	52.34	22.73
1679.95	766	50.85	21.6
1681.37	766.7	51.89	22.05
1682.8	767.4	52.92	22.51
1684.22	768.1	53.96	22.96
1685.64	768.8	55	23.41
1687.06	769.5	56.04	23.87
1688.37	770.85	56.04	23.86
1689.68	772.19	56.03	23.87
1690.99	773.54	56.03	23.87
1692.29	774.88	56.04	23.87
1693.6	776.23	56.04	23.87
1694.91	777.27	56.03	23.45
1696.22	778.31	56.03	23.03
1697.52	779.34	56.04	22.62
1698.83	780.38	56.04	22.2
1700.14	781.42	56.03	21.78
1702.21	782.69	55.19	21.78
1704.29	783.96	54.33	21.78
1706.37	785.23	53.48	21.78
1708.44	786.5	52.63	21.78
1710.52	787.77	51.78	21.77
1711.83	788.8	52.63	22.28
1713.13	789.84	53.49	22.77
1714.44	790.88	54.34	23.26
1715.75	791.92	55.19	23.75
1717.06	792.96	56.04	24.24
1718.21	793.93	56.04	23.93
1719.36	794.89	56.05	23.63
1720.52	795.86	56.04	23.32
1721.67	796.83	56.04	23.01
1722.82	797.8	56.05	22.7
1724.52	798.34	56.04	23.93
1726.21	798.88	56.04	25.16
1727.9	799.42	56.04	26.39
1729.59	799.96	56.04	27.62
1731.28	800.5	56.05	28.85
1732.98	801.04	55.04	29.38
1734.67	801.58	54.05	29.91
1736.36	802.12	53.05	30.44
1738.05	802.66	52.06	30.97
1739.74	803.2	51.06	31.5
1740.13	804.58	51.33	31.5
1740.51	805.97	51.61	31.5
1740.9	807.35	51.88	31.5
1741.28	808.74	52.16	31.5
1741.67	810.12	52.43	31.5
1743.44	811.16	51.92	31.5
1745.2	812.2	51.42	31.5
1746.97	813.24	50.91	31.5
1748.74	814.27	50.4	31.51
1750.51	815.31	49.89	31.5
1751.82	816.54	49.89	31.5
1753.13	817.77	49.88	31.5
1754.43	819	49.89	31.5
1755.74	820.23	49.89	31.51
1757.05	821.46	49.89	31.51
1758.63	823.23	49.88	31.5
1760.2	825	49.89	31.5
1761.78	826.77	49.89	31.5
1763.36	828.54	49.88	31.5
1764.93	830.31	49.89	31.5
1766.59	831.54	49.88	32.43
1768.24	832.77	49.89	33.36
1769.89	834	49.89	34.28
1771.55	835.23	49.88	35.21
1773.2	836.46	49.89	36.14
1774.93	837.69	51.54	36.14
1776.66	838.92	53.19	36.14
1778.39	840.15	54.85	36.14
1780.12	841.38	56.5	36.14
1781.85	842.62	58.15	36.13
1784.16	845.77	58.15	34.41
1786.47	848.93	58.14	32.68
1788.77	852.09	58.15	30.95
1791.08	855.24	58.15	29.23
1793.39	858.4	58.15	27.5
1795.62	860.16	57.83	26.59
1797.85	861.92	57.51	25.67
1800.08	863.68	57.19	24.76
1802.31	865.44	56.88	23.84
1804.54	867.2	56.56	22.93
1806.42	867.97	56.56	24.07
1808.31	868.74	56.56	25.22
1810.19	869.51	56.56	26.36
1812.08	870.28	56.56	27.51
1813.96	871.04	56.56	28.66
1815.46	872.54	56.56	28.96
1816.96	874.03	56.56	29.27
1818.46	875.52	56.56	29.58
1819.96	877.01	56.56	29.89
1821.46	878.5	56.56	30.2
1823.19	879.12	57.17	31.38
1824.92	879.73	57.77	32.57
1826.65	880.35	58.38	33.75
1828.38	880.96	58.98	34.94
1830.11	881.58	59.59	36.12
1832.34	882.04	59.59	37.04
1834.57	882.5	59.59	37.96
1836.8	882.96	59.59	38.88
1839.03	883.42	59.59	39.8
1841.26	883.88	59.59	40.72
1843.88	885.42	57.66	39.12
1846.49	886.96	55.74	37.52
1849.11	888.5	53.81	35.92
1851.72	890.04	51.89	34.32
1854.34	891.57	49.96	32.73
1855.95	891.77	50.13	34.02
1857.56	891.96	50.3	35.32
1859.18	892.15	50.46	36.63
1860.79	892.34	50.63	37.93
1862.4	892.53	50.8	39.23
1864.65	892.76	49.91	39.23
1866.9	893	49.02	39.22
1869.15	893.23	48.13	39.22
1871.4	893.46	47.24	39.22
1871.44	893.69	48.56	39.22
1873.67	894.11	46.33	39.23
1875.9	894.53	44.1	39.23
1878.13	894.96	41.87	39.22
1880.36	895.38	39.64	39.23
1882.59	895.8	37.41	39.23
1885.16	896.22	34.84	39.23
1887.74	896.65	32.26	39.22
1890.32	897.07	29.68	39.23
1892.89	897.49	27.11	39.23
1895.47	897.92	24.53	39.22
1897.89	898.19	22.11	39.22
1900.31	898.45	19.69	39.23
1902.74	898.72	17.26	39.23
1905.16	898.99	14.84	39.23
1907.58	899.26	12.42	39.23
1908.75	905.19	10.98	32.41
1909.91	911.11	9.55	25.61
1911.07	917.03	8.12	18.81
1912.24	922.96	6.68	11.99
0.00	0.00	0.00	0.00
0.00	0.00	0.00	0.00
0.00	0.00	0.00	0.00
0.00	0.00	0.00	0.00
0.00	0.00	0.00	0.00
0.00	0.00	0.00	0.00
0.00	0.00	0.00	0.00
0.00	0.00	0.00	0.00
0.00	0.00	0.00	0.00
0.00	0.00	0.00	0.00
0.00	0.00	0.00	0.00
0.00	0.00	0.00	0.00
0.00	0.00	0.00	0.00
0.00	0.00	0.00	0.00
0.00	0.00	0.00	0.00
0.00	0.00	0.00	0.00
0.00	0.00	0.00	0.00
0.00	0.00	0.00	0.00
0.00	0.00	0.00	0.00
0.00	0.00	0.00	0.00
0.00	0.00	0.00	0.00
0.00	0.00	0.00	0.00
0.00	0.00	0.00	0.00
0.00	0.00	0.00	0.00
0.00	0.00	0.00	0.00
0.00	0.00	0.00	0.00
0.00	0.00	0.00	0.00
0.00	0.00	0.00	0.00
0.00	0.00	0.00	0.00
0.00	0.00	0.00	0.00
0.00	0.00	0.00	0.00
0.00	0.00	0.00	0.00
0.00	0.00	0.00	0.00
0.00	0.00	0.00	0.00
0.00	0.00	0.00	0.00
0.00	0.00	0.00	0.00
0.00	0.00	0.00	0.00
0.00	0.00	0.00	0.00
0.00	0.00	0.00	0.00
0.00	0.00	0.00	0.00
0.00	0.00	0.00	0.00
0.00	0.00	0.00	0.00
0.00	0.00	0.00	0.00
0.00	0.00	0.00	0.00
0.00	0.00	0.00	0.00
0.00	0.00	0.00	0.00
0.00	0.00	0.00	0.00
0.00	0.00	0.00	0.00
0.00	0.00	0.00	0.00
0.00	0.00	0.00	0.00
0.00	0.00	0.00	0.00
0.00	0.00	0.00	0.00
0.00	0.00	0.00	0.00
0.00	0.00	0.00	0.00
0.00	0.00	0.00	0.00
0.00	0.00	0.00	0.00
0.00	0.00	0.00	0.00
0.00	0.00	0.00	0.00
0.00	0.00	0.00	0.00
0.00	0.00	0.00	0.00
0.00	0.00	0.00	0.00
0.00	0.00	0.00	0.00
0.00	0.00	0.00	0.00
0.00	0.00	0.00	0.00
0.00	0.00	0.00	0.00
0.00	0.00	0.00	0.00
0.00	0.00	0.00	0.00
0.00	0.00	0.00	0.00
0.00	0.00	0.00	0.00
0.00	0.00	0.00	0.00
0.00	0.00	0.00	0.00
0.00	0.00	0.00	0.00
0.00	0.00	0.00	0.00
0.00	0.00	0.00	0.00
0.00	0.00	0.00	0.00
0.00	0.00	0.00	0.00
0.00	0.00	0.00	0.00
0.00	0.00	0.00	0.00
0.00	0.00	0.00	0.00
0.00	0.00	0.00	0.00
0.00	0.00	0.00	0.00
0.00	0.00	0.00	0.00
0.00	0.00	0.00	0.00
0.00	0.00	0.00	0.00
0.00	0.00	0.00	0.00
0.00	0.00	0.00	0.00
0.00	0.00	0.00	0.00
0.00	0.00	0.00	0.00
0.00	0.00	0.00	0.00
0.00	0.00	0.00	0.00
0.00	0.00	0.00	0.00
0.00	0.00	0.00	0.00
0.00	0.00	0.00	0.00
0.00	0.00	0.00	0.00
0.00	0.00	0.00	0.00
0.00	0.00	0.00	0.00
0.00	0.00	0.00	0.00
0.00	0.00	0.00	0.00
0.00	0.00	0.00	0.00
0.00	0.00	0.00	0.00
0.00	0.00	0.00	0.00
0.00	0.00	0.00	0.00
0.00	0.00	0.00	0.00
0.00	0.00	0.00	0.00
0.00	0.00	0.00	0.00
0.00	0.00	0.00	0.00
0.00	0.00	0.00	0.00
0.00	0.00	0.00	0.00
0.00	0.00	0.00	0.00
0.00	0.00	0.00	0.00
0.00	0.00	0.00	0.00
0.00	0.00	0.00	0.00
0.00	0.00	0.00	0.00
0.00	0.00	0.00	0.00
0.00	0.00	0.00	0.00
0.00	0.00	0.00	0.00
0.00	0.00	0.00	0.00
0.00	0.00	0.00	0.00
0.00	0.00	0.00	0.00
0.00	0.00	0.00	0.00
0.00	0.00	0.00	0.00
0.00	0.00	0.00	0.00
0.00	0.00	0.00	0.00
0.00	0.00	0.00	0.00
0.00	0.00	0.00	0.00
0.00	0.00	0.00	0.00
0.00	0.00	0.00	0.00
0.00	0.00	0.00	0.00
0.00	0.00	0.00	0.00
0.00	0.00	0.00	0.00
0.00	0.00	0.00	0.00
0.00	0.00	0.00	0.00
0.00	0.00	0.00	0.00
0.00	0.00	0.00	0.00
0.00	0.00	0.00	0.00
0.00	0.00	0.00	0.00
0.00	0.00	0.00	0.00
0.00	0.00	0.00	0.00
0.00	0.00	0.00	0.00
0.00	0.00	0.00	0.00
0.00	0.00	0.00	0.00
0.00	0.00	0.00	0.00
0.00	0.00	0.00	0.00
0.00	0.00	0.00	0.00
0.00	0.00	0.00	0.00
0.00	0.00	0.00	0.00
0.00	0.00	0.00	0.00
0.00	0.00	0.00	0.00
0.00	0.00	0.00	0.00
0.00	0.00	0.00	0.00
0.00	0.00	0.00	0.00
0.00	0.00	0.00	0.00
0.00	0.00	0.00	0.00
0.00	0.00	0.00	0.00
0.00	0.00	0.00	0.00
0.00	0.00	0.00	0.00
0.00	0.00	0.00	0.00
0.00	0.00	0.00	0.00
0.00	0.00	0.00	0.00
0.00	0.00	0.00	0.00
0.00	0.00	0.00	0.00
0.00	0.00	0.00	0.00
0.00	0.00	0.00	0.00
0.00	0.00	0.00	0.00
0.00	0.00	0.00	0.00
0.00	0.00	0.00	0.00
0.00	0.00	0.00	0.00
0.00	0.00	0.00	0.00
0.00	0.00	0.00	0.00
0.00	0.00	0.00	0.00
0.00	0.00	0.00	0.00
0.00	0.00	0.00	0.00
0.00	0.00	0.00	0.00
0.00	0.00	0.00	0.00
0.00	0.00	0.00	0.00
0.00	0.00	0.00	0.00
0.00	0.00	0.00	0.00
0.00	0.00	0.00	0.00
0.00	0.00	0.00	0.00
0.00	0.00	0.00	0.00
0.00	0.00	0.00	0.00
0.00	0.00	0.00	0.00
0.00	0.00	0.00	0.00
0.00	0.00	0.00	0.00
0.00	0.00	0.00	0.00
0.00	0.00	0.00	0.00
0.00	0.00	0.00	0.00
0.00	0.00	0.00	0.00
0.00	0.00	0.00	0.00
0.00	0.00	0.00	0.00
0.00	0.00	0.00	0.00
0.00	0.00	0.00	0.00
0.00	0.00	0.00	0.00
0.00	0.00	0.00	0.00
0.00	0.00	0.00	0.00
0.00	0.00	0.00	0.00
0.00	0.00	0.00	0.00
0.00	0.00	0.00	0.00
0.00	0.00	0.00	0.00
0.00	0.00	0.00	0.00
0.00	0.00	0.00	0.00
0.00	0.00	0.00	0.00
0.00	0.00	0.00	0.00
0.00	0.00	0.00	0.00
0.00	0.00	0.00	0.00
0.00	0.00	0.00	0.00
0.00	0.00	0.00	0.00
0.00	0.00	0.00	0.00
0.00	0.00	0.00	0.00
0.00	0.00	0.00	0.00
0.00	0.00	0.00	0.00
0.00	0.00	0.00	0.00
0.00	0.00	0.00	0.00
0.00	0.00	0.00	0.00
0.00	0.00	0.00	0.00
0.00	0.00	0.00	0.00
0.00	0.00	0.00	0.00
0.00	0.00	0.00	0.00
0.00	0.00	0.00	0.00
0.00	0.00	0.00	0.00
0.00	0.00	0.00	0.00
0.00	0.00	0.00	0.00
0.00	0.00	0.00	0.00
0.00	0.00	0.00	0.00
0.00	0.00	0.00	0.00
0.00	0.00	0.00	0.00
0.00	0.00	0.00	0.00
0.00	0.00	0.00	0.00
0.00	0.00	0.00	0.00
0.00	0.00	0.00	0.00
0.00	0.00	0.00	0.00
0.00	0.00	0.00	0.00
0.00	0.00	0.00	0.00
0.00	0.00	0.00	0.00
0.00	0.00	0.00	0.00
0.00	0.00	0.00	0.00
0.00	0.00	0.00	0.00
0.00	0.00	0.00	0.00
0.00	0.00	0.00	0.00
0.00	0.00	0.00	0.00
0.00	0.00	0.00	0.00
0.00	0.00	0.00	0.00
0.00	0.00	0.00	0.00
0.00	0.00	0.00	0.00
0.00	0.00	0.00	0.00
0.00	0.00	0.00	0.00
0.00	0.00	0.00	0.00
0.00	0.00	0.00	0.00
0.00	0.00	0.00	0.00
0.00	0.00	0.00	0.00
0.00	0.00	0.00	0.00
0.00	0.00	0.00	0.00
0.00	0.00	0.00	0.00
0.00	0.00	0.00	0.00
0.00	0.00	0.00	0.00
0.00	0.00	0.00	0.00
0.00	0.00	0.00	0.00
0.00	0.00	0.00	0.00
0.00	0.00	0.00	0.00
0.00	0.00	0.00	0.00
0.00	0.00	0.00	0.00
0.00	0.00	0.00	0.00
0.00	0.00	0.00	0.00
0.00	0.00	0.00	0.00
0.00	0.00	0.00	0.00
0.00	0.00	0.00	0.00
0.00	0.00	0.00	0.00
0.00	0.00	0.00	0.00
0.00	0.00	0.00	0.00
0.00	0.00	0.00	0.00
0.00	0.00	0.00	0.00
0.00	0.00	0.00	0.00
0.00	0.00	0.00	0.00
0.00	0.00	0.00	0.00
0.00	0.00	0.00	0.00
0.00	0.00	0.00	0.00
0.00	0.00	0.00	0.00
0.00	0.00	0.00	0.00
0.00	0.00	0.00	0.00
0.00	0.00	0.00	0.00
0.00	0.00	0.00	0.00
0.00	0.00	0.00	0.00
0.00	0.00	0.00	0.00
0.00	0.00	0.00	0.00
0.00	0.00	0.00	0.00
0.00	0.00	0.00	0.00
0.00	0.00	0.00	0.00
0.00	0.00	0.00	0.00
0.00	0.00	0.00	0.00
0.00	0.00	0.00	0.00
0.00	0.00	0.00	0.00
0.00	0.00	0.00	0.00
0.00	0.00	0.00	0.00
0.00	0.00	0.00	0.00
0.00	0.00	0.00	0.00
0.00	0.00	0.00	0.00
0.00	0.00	0.00	0.00
0.00	0.00	0.00	0.00
0.00	0.00	0.00	0.00
0.00	0.00	0.00	0.00
0.00	0.00	0.00	0.00
0.00	0.00	0.00	0.00
0.00	0.00	0.00	0.00
0.00	0.00	0.00	0.00
0.00	0.00	0.00	0.00
0.00	0.00	0.00	0.00
0.00	0.00	0.00	0.00
0.00	0.00	0.00	0.00
0.00	0.00	0.00	0.00
0.00	0.00	0.00	0.00
0.00	0.00	0.00	0.00
0.00	0.00	0.00	0.00
0.00	0.00	0.00	0.00
0.00	0.00	0.00	0.00
0.00	0.00	0.00	0.00
0.00	0.00	0.00	0.00
0.00	0.00	0.00	0.00
0.00	0.00	0.00	0.00
0.00	0.00	0.00	0.00
0.00	0.00	0.00	0.00
0.00	0.00	0.00	0.00
0.00	0.00	0.00	0.00
0.00	0.00	0.00	0.00
0.00	0.00	0.00	0.00
0.00	0.00	0.00	0.00
0.00	0.00	0.00	0.00
0.00	0.00	0.00	0.00
0.00	0.00	0.00	0.00
0.00	0.00	0.00	0.00
0.00	0.00	0.00	0.00
0.00	0.00	0.00	0.00
0.00	0.00	0.00	0.00
0.00	0.00	0.00	0.00
0.00	0.00	0.00	0.00
0.00	0.00	0.00	0.00
0.00	0.00	0.00	0.00
0.00	0.00	0.00	0.00
0.00	0.00	0.00	0.00
0.00	0.00	0.00	0.00
0.00	0.00	0.00	0.00
0.00	0.00	0.00	0.00
0.00	0.00	0.00	0.00
0.00	0.00	0.00	0.00
0.00	0.00	0.00	0.00
0.00	0.00	0.00	0.00
0.00	0.00	0.00	0.00
0.00	0.00	0.00	0.00
0.00	0.00	0.00	0.00
0.00	0.00	0.00	0.00
0.00	0.00	0.00	0.00
0.00	0.00	0.00	0.00
0.00	0.00	0.00	0.00
0.00	0.00	0.00	0.00
0.00	0.00	0.00	0.00
0.00	0.00	0.00	0.00
0.00	0.00	0.00	0.00
0.00	0.00	0.00	0.00
0.00	0.00	0.00	0.00
0.00	0.00	0.00	0.00
0.00	0.00	0.00	0.00
0.00	0.00	0.00	0.00
0.00	0.00	0.00	0.00
0.00	0.00	0.00	0.00
0.00	0.00	0.00	0.00
0.00	0.00	0.00	0.00
0.00	0.00	0.00	0.00
0.00	0.00	0.00	0.00
0.00	0.00	0.00	0.00
0.00	0.00	0.00	0.00
0.00	0.00	0.00	0.00
0.00	0.00	0.00	0.00
0.00	0.00	0.00	0.00
0.00	0.00	0.00	0.00
0.00	0.00	0.00	0.00
0.00	0.00	0.00	0.00
0.00	0.00	0.00	0.00
0.00	0.00	0.00	0.00
0.00	0.00	0.00	0.00
0.00	0.00	0.00	0.00
0.00	0.00	0.00	0.00
0.00	0.00	0.00	0.00
0.00	0.00	0.00	0.00
0.00	0.00	0.00	0.00
0.00	0.00	0.00	0.00
0.00	0.00	0.00	0.00
0.00	0.00	0.00	0.00
0.00	0.00	0.00	0.00
0.00	0.00	0.00	0.00
0.00	0.00	0.00	0.00
0.00	0.00	0.00	0.00
0.00	0.00	0.00	0.00
0.00	0.00	0.00	0.00
0.00	0.00	0.00	0.00
0.00	0.00	0.00	0.00
0.00	0.00	0.00	0.00
0.00	0.00	0.00	0.00
0.00	0.00	0.00	0.00
0.00	0.00	0.00	0.00
0.00	0.00	0.00	0.00
0.00	0.00	0.00	0.00
0.00	0.00	0.00	0.00
0.00	0.00	0.00	0.00
0.00	0.00	0.00	0.00
0.00	0.00	0.00	0.00
0.00	0.00	0.00	0.00
0.00	0.00	0.00	0.00
0.00	0.00	0.00	0.00
0.00	0.00	0.00	0.00
0.00	0.00	0.00	0.00
0.00	0.00	0.00	0.00
0.00	0.00	0.00	0.00
0.00	0.00	0.00	0.00
0.00	0.00	0.00	0.00
0.00	0.00	0.00	0.00
0.00	0.00	0.00	0.00
0.00	0.00	0.00	0.00
0.00	0.00	0.00	0.00
0.00	0.00	0.00	0.00
0.00	0.00	0.00	0.00