1057.99	9.53	193.76	515.04
1055.85	10.64	199.6	512.47
1053.7	11.76	205.44	509.89
1051.55	12.87	211.28	507.31
1049.4	21.9	217.13	504.73
1047.5	30.13	222.72	497.02
1045.6	38.37	228.31	489.3
1043.7	46.6	233.91	481.58
1041.8	54.84	239.5	473.86
1023	60.25	263.71	467.59
1022.5	65.67	269.61	461.31
1022	71.09	275.52	455.03
1026	76.5	276.93	448.75
1023.47	71.6	284.86	452.79
1020.93	66.7	292.81	456.83
1018.4	61.8	300.75	460.86
1026.4	56.9	298.15	464.9
1022.8	55.4	296.35	466.74
1019.2	53.9	294.54	468.58
1023.5	64.61	284.83	463.15
1015.35	69.38	284.61	457.73
1009.43	75.64	285.87	452.3
1003.5	81.89	287.13	446.88
1000.55	85.18	285.42	441.45
997.6	88.48	283.7	436.02
993.65	92.94	280.53	431.49
989.7	97.4	277.36	426.95
985.75	101.86	274.19	422.42
981.8	106.33	271.02	417.87
975.8	106.67	270.16	414.01
969.8	107.01	269.3	410.14
963.8	107.35	261.05	406.28
957.8	107.7	252.79	402.4
947.5	113.18	249.02	395.62
937.2	118.67	245.25	388.82
926.9	132.06	241.47	382.04
916.6	145.46	237.7	375.24
908.45	160.39	232.2	366.51
900.29	175.32	226.71	357.78
896.1	190.25	221.21	346.1
891.9	205.18	215.72	334.42
884.7	211.41	218.11	333.04
877.5	217.64	220.51	331.66
874.25	213.99	218.95	339.21
871	210.33	217.4	346.77
868.85	210.59	215.43	353.99
866.7	210.85	213.46	361.2
864.55	211.1	211.49	368.43
862.4	211.36	209.52	375.64
859.4	218.65	211.11	375.9
856.4	225.95	212.7	376.15
853.4	233.24	208.36	376.41
850.4	240.54	204.01	376.66
847.4	247.83	205.6	373.15
844.4	255.12	203.24	369.63
841.4	262.42	200.87	366.11
838.4	269.71	198.51	362.59
837.55	274.61	196.87	361.34
836.7	279.5	195.24	360.1
835.85	284.39	193.6	356.91
835	289.28	191.96	353.72
835.85	294.17	189.99	350.45
836.7	299.06	188.03	347.19
837.55	303.95	186.06	343.93
838.4	308.84	184.1	340.66
839.6	312.11	186.76	338.08
840.8	315.37	189.43	335.51
842	318.64	192.1	332.92
843.2	321.9	194.77	330.35
844.4	327.22	197.44	325.72
845.6	332.53	200.1	321.09
846.8	337.85	202.77	316.46
848	343.17	205.44	311.83
848.09	341.11	208.27	314.4
848.18	339.05	211.09	316.98
848.26	336.99	213.93	319.55
848.35	334.93	216.76	322.12
848.44	332.87	219.59	324.69
848.53	330.81	222.41	327.27
848.61	328.75	225.25	329.84
848.7	326.69	228.08	332.41
849.55	330.94	225.69	328.33
850.41	335.2	223.28	324.24
851.26	339.45	220.89	320.16
852.11	343.7	218.49	316.08
857.08	346.36	216.09	316.44
862.05	348.03	213.7	312.83
867.03	345.26	211.29	309.22
872	342.48	208.9	305.62
874.3	337.41	207.35	301.09
876.61	334.4	205.79	300.5
870.01	332.4	204.24	295.89
863.42	323.6	202.68	298.09
853.96	318.04	203.2	295.11
844.5	312.47	203.73	292.13
838	308.6	204.25	293.4
831.5	304.72	204.78	294.68
828.22	305.15	205.55	294.43
824.93	305.58	206.32	294.17
824.62	306.01	207.09	293.92
824.3	306.44	207.86	293.66
826.05	306.87	205.08	289.83
827.8	307.3	202.3	286
835.5	307.73	193.57	285.17
843.2	308.16	184.84	284.34
847.5	316.18	179.24	280.19
851.8	324.21	173.64	276.04
856.1	332.23	168.04	271.89
854.9	340.25	167.94	267.75
851.98	350.68	167.32	263.6
849.05	361.11	166.72	259.44
846.13	371.53	166.1	255.3
843.2	381.96	165.5	251.14
835.23	386.81	166.52	252.19
827.25	392.7	167.55	248.23
819.28	398.6	168.57	244.27
811.3	401.35	169.6	243.45
800.08	402.76	173.52	240.15
788.86	404.18	177.44	236.84
777.64	405.59	181.36	233.55
766.41	407	185.29	230.25
759.39	406.33	187.79	229.59
752.37	405.65	190.28	228.94
745.35	404.98	192.78	228.27
738.33	404.3	195.27	227.62
728.8	402.58	203.38	226.64
724.4	400.85	206.37	225.66
728.3	399.13	201.05	224.68
732.2	397.4	195.73	223.7
734.08	389.12	196.67	226.62
735.95	380.84	197.62	229.54
737.83	372.56	198.56	232.45
739.7	364.28	199.5	235.37
741.58	356	200.44	238.29
743.45	349.21	201.39	239.72
745.33	342.41	202.33	241.15
747.2	335.62	203.28	242.58
746.9	333.4	205.69	239.87
746.6	331.19	208.1	237.16
746.3	328.97	205.06	234.45
746	326.75	202.02	231.75
744.48	324.54	200.52	227.66
742.95	322.32	199.03	223.58
741.43	320.1	197.53	219.5
739.9	317.88	196.05	215.42
735.84	318.17	195.93	210.18
731.78	318.46	195.81	204.94
727.72	318.74	195.7	199.71
723.66	319.03	195.58	194.47
719.95	319.32	195.46	193.36
716.23	319.6	195.34	192.25
712.52	319.89	195.22	191.14
708.8	320.17	195.11	190.03
705.5	319.34	200.94	191.18
707.68	318.51	201.29	192.32
709.87	317.69	201.63	193.46
712.05	316.86	201.98	194.61
719.39	313.97	203.7	195.76
726.73	311.08	205.41	196.91
734.06	308.19	207.13	198.05
741.4	305.3	208.85	199.2
751.13	304.35	208.2	201.7
760.85	303.41	207.56	204.19
770.58	302.47	206.92	206.68
780.3	301.52	206.28	209.18
784.88	297.97	205.63	215.12
789.45	287.83	204.99	221.07
794.03	277.68	204.35	227.02
798.6	267.54	203.71	232.96
798.9	258.8	199.33	239.6
799.2	250.7	194.96	245.6
799.5	245.6	193.5	248.6
799.8	252.27	186.2	239.83
797.35	248.79	184.58	237.41
794.9	245.32	182.95	234.98
792.45	241.84	181.33	232.56
790	238.37	179.7	230.13
787.45	237.58	178.96	226.04
784.9	236.79	178.22	221.96
782.35	236.01	177.48	217.87
779.8	235.22	176.74	213.78
774.8	236.15	178.45	211.73
767.1	237.08	182.87	209.67
759.4	238.01	187.28	207.61
751.7	238.94	191.69	205.56
742.73	241.44	199.11	202.91
733.75	243.95	206.55	200.25
724.78	246.45	213.97	197.6
715.8	248.95	221.41	194.95
711.63	251.46	227.12	193.32
707.45	253.96	232.85	191.69
703.28	256.46	238.56	190.07
699.1	258.96	244.29	188.44
698.63	262.83	247.48	187.7
698.15	266.69	250.67	186.96
697.68	270.55	253.86	186.23
697.2	274.41	257.06	185.49
695.68	278.27	261.3	186.81
694.15	282.13	265.54	188.12
692.63	286	269.78	189.43
691.1	289.86	274.03	190.74
689	295.08	276.34	192.52
688.73	300.3	276.83	194.3
688.47	305.52	277.3	196.08
688.2	310.74	277.79	197.86
688.5	312.29	278.73	202.37
688.8	313.85	279.68	206.86
689.1	312.44	280.62	211.37
689.4	311.03	281.56	215.87
688.65	296.6	280.57	227.43
687.9	287.8	279.57	233.35
687.15	279	278.58	239.28
686.4	273.1	277.58	242.3
687	270.14	271.12	238.99
687.6	267.18	264.66	235.67
688.2	264.22	258.19	232.36
688.8	261.26	251.73	229.04
690.7	260.8	242.33	227.4
689.97	260.35	236.89	224.75
689.23	265.82	231.45	217.73
688.5	271.3	226	210.7
686.45	275.51	224.71	204.42
687.03	279.72	223.43	199.59
687.62	283.94	222.14	194.76
688.2	288.15	220.86	185.55
689.77	290.65	218.31	179.85
691.35	285.24	215.74	182.06
692.92	279.83	213.19	184.27
694.5	274.42	210.62	186.48
693.35	266.9	211.47	193.9
692.2	260.25	212.32	200.45
691.05	253.6	213.17	207
689.9	246.96	214.02	213.54
688.82	241.52	212.45	217.91
687.75	236.09	210.88	222.26
686.67	230.65	209.31	226.63
685.6	225.22	207.74	230.98
686.8	220.64	205.89	235.66
688	216.07	204.05	240.33
689.2	211.49	202.2	245.01
690.4	206.91	200.36	249.69
693.49	206.84	197.41	251.16
696.57	206.77	194.48	252.63
699.66	206.7	191.53	254.1
702.75	206.62	188.58	255.58
705.26	211.42	185.64	256.36
707.77	216.21	182.7	257.14
710.29	221	179.75	257.93
712.8	225.79	176.82	258.71
711.3	232.87	174.95	252.28
709.8	239.95	173.09	245.85
708.3	247.03	171.23	244.37
706.8	254.11	169.37	238.89
704.9	258.62	169.63	241.38
699.1	263.12	173.78	235.91
687.35	267.62	183.89	230.45
675.6	272.13	193.99	224.97
669.32	274.46	202.27	218.59
663.05	276.79	210.55	212.21
653.8	274.17	221.8	209.73
650.5	271.56	227.1	213.24
649.35	267.12	230.25	216.33
648.2	262.69	233.41	219.41
647.05	258.26	236.56	222.49
645.9	253.82	239.71	225.58
649.7	248.56	234.77	230.56
653.5	243.3	229.82	235.55
653.3	241.98	228.88	236.59
653.1	240.67	227.94	237.63
658	235.66	220.75	238.91
662.8	230.65	213.66	240.2
667.7	225.65	206.47	241.48
648.8	220.64	223.08	242.76
654.08	215.07	217.07	243.68
659.35	209.49	211.08	244.61
664.62	203.91	205.08	245.54
669.9	198.33	208.27	246.47
677.2	190.65	208.84	251.41
684.5	185.93	209.41	256.36
691.8	181.21	209.97	261.3
699.1	179.46	210.54	266.24
702.38	178.24	208.33	270.96
705.65	177.02	206.13	275.68
708.93	175.8	203.93	280.4
712.2	178.6	201.73	281.1
722.65	189.54	191.49	282.54
733.1	200.48	181.26	283.97
743.55	211.42	171.02	285.41
754	222.36	160.79	286.84
755.27	234.61	161.49	286.69
756.54	246.86	162.19	286.54
754.85	251.2	162.88	282.4
754.1	256.54	158.69	280.26
749.08	254.86	160.63	277.62
744.05	253.18	162.59	274.97
739.03	251.5	164.53	272.33
734	249.82	166.49	269.68
726.76	248.13	170.47	267.24
722.98	248.58	174.46	264.81
719.2	249.04	178.45	262.36
716.9	250.97	182.44	259.93
717.75	254.22	183.88	254.65
718.6	253.52	185.32	249.36
719.45	252.81	186.76	244.08
720.3	252.11	188.19	238.79
732.03	252.5	184.97	236.18
743.75	252.8	187.05	233.65
754.49	252.2	195.11	225.11
767.2	257.5	200.4	224.5
781.5	263.9	202.5	223.4
795.8	265.5	209.9	223.77
810.1	260.24	217.36	222.09
824.4	254.97	224.83	220.43
825.1	260.26	236.88	219.34
820.57	263.58	248.89	220.25
816.04	266.9	260.9	221.17
811.5	252.4	272.91	239.9
811.72	250.32	277.48	242.76
820.8	248.25	266.2	240.65
816.6	246.18	266.7	245.97
812.4	244.1	255.4	251.3
806.97	242.17	258.51	257.38
801.53	240.24	261.63	263.46
796.1	238.31	264.74	269.54
793.98	236.38	264.53	275.62
791.86	234.45	264.33	281.7
789.74	232.52	264.13	287.78
787.62	230.59	263.93	293.86
785.5	228.66	263.73	299.94
785.42	226.38	258.16	297.51
785.35	224.11	252.58	295.07
785.27	223.81	247.01	292.63
785.2	223.51	241.43	290.19
782.55	226.8	238.42	285.48
779.9	230.1	235.4	280.75
777.25	237.39	226.45	272.04
774.6	244.68	229.44	263.32
775.38	251.18	228.99	258.24
776.15	257.69	228.55	253.16
772.8	264.2	227.42	248.08
777.7	270.71	218.04	242.99
788.5	276.07	204.2	238.21
808.2	281.43	185.42	233.42
814.55	286.8	179.99	228.62
820.9	292.16	174.56	223.84
824.18	295.52	169.06	220.71
827.45	298.88	163.57	217.57
830.73	302.25	158.08	214.43
834	305.61	152.59	211.29
834.15	309.34	151.24	210.34
834.3	313.07	149.9	209.38
834.45	316.8	148.55	208.43
834.6	317.91	151.13	210.09
834.46	313.54	153.13	213.74
834.33	309.18	155.12	217.37
834.19	304.82	157.12	221.01
834.05	300.46	159.12	224.64
833.92	296.1	161.11	226.58
833.78	291.73	163.11	228.52
833.64	287.37	165.11	230.46
833.5	283.01	167.11	232.39
833.45	285.22	167.54	231.56
833.4	287.43	167.97	230.72
833.35	289.64	168.4	229.89
833.3	291.84	168.83	229.06
833.25	297.48	168.4	226.22
833.2	303.12	167.97	223.38
833.15	308.76	167.54	220.54
833.1	314.4	167.11	217.7
830.85	318.22	168.32	214.86
828.6	322.05	169.52	212
826.35	325.88	170.73	209.15
824.1	329.71	171.93	206.29
823.28	336.11	174	202.59
822.45	342.51	176.07	198.89
821.63	348.91	178.13	195.19
820.8	355.31	180.21	191.49
819.7	361.84	183.64	188.36
818.6	368.37	187.07	185.23
817.5	374.9	190.5	182.1
816.4	377.44	193.9	182.96
817.3	376.68	194.75	188.42
818.2	375.91	195.59	194.39
819.1	375.15	196.45	194.15
820	374.38	197.3	193.92
822.7	373.82	195.51	190.38
825.4	373.26	193.73	186.84
828.1	372.7	191.95	183.3
830.8	372.14	190.17	179.76
834.65	375.58	188.38	176.25
838.5	379.02	186.59	172.73
842.35	382.46	184.81	169.22
846.2	385.91	183.02	165.69
848.6	382.88	181.76	167.38
851	379.85	180.5	169.08
853.4	376.82	179.25	170.77
855.8	373.79	177.99	172.46
856.6	370.76	178.33	174.15
857.4	367.73	178.67	175.85
858.2	364.71	179.01	177.53
859	361.68	179.36	179.22
859.23	360.04	182.55	179.82
859.47	358.41	185.74	180.41
859.7	356.78	188.94	180.99
861.04	355.15	191.02	181.58
862.38	353.51	193.11	182.18
863.72	351.88	195.2	182.76
865.06	350.25	197.28	183.35
866.4	348.62	199.37	183.94
865.87	345.68	200.94	185.64
865.35	342.75	202.51	187.33
864.82	339.82	204.08	189.02
864.3	336.89	205.65	190.71
863.23	336.53	205.48	189.82
862.15	336.17	205.31	188.93
861.08	335.81	205.14	188.04
860	335.46	204.98	187.14
858.7	337.96	206.64	182.47
857.4	340.47	208.31	177.78
856.1	342.98	209.97	173.1
854.8	345.49	211.64	168.41
855.53	350.15	212.56	161.88
856.25	354.8	213.49	155.35
856.98	359.45	214.41	148.83
857.7	364.11	215.35	142.29
855.2	372.18	216.81	136.75
852.7	380.25	218.27	131.2
850.2	388.33	219.74	125.65
847.7	396.4	221.2	120.1
845.2	406.5	217.2	112.53
842.7	415.9	211.6	105.65
840.2	416.4	218.4	107.68
837.7	416.9	185.56	109.7
838.79	418.4	193.56	110.94
839.88	419.9	201.55	112.17
840.96	421.4	209.56	113.41
842.05	422.9	217.55	114.65
843.14	427.56	216.96	112.73
844.23	432.21	216.37	110.81
845.31	436.87	215.79	108.89
846.4	441.53	210.63	106.97
846.73	441.83	206.69	107.6
847.05	442.13	202.75	108.22
847.38	442.42	194.67	108.86
847.7	442.72	186.6	109.48
844.15	443.02	181.03	108.83
840.6	443.32	175.47	108.18
837.05	443.61	169.9	107.54
833.5	443.91	164.34	106.89
832.38	446.69	160.69	105.06
831.25	449.48	157.05	103.22
830.12	452.26	153.42	101.39
829	455.04	149.77	99.56
824.88	457.82	149.12	96.98
820.75	460.6	148.49	94.4
816.62	463.38	147.85	91.82
812.5	466.16	147.2	89.24
812.88	465.65	155.97	89.63
813.25	465.13	164.75	90.02
813.62	464.62	173.53	90.41
814	464.1	182.3	90.8
813.63	463.65	185.82	90.1
813.26	463.2	189.34	89.4
812.88	462.8	195.82	88.64
812.51	460.8	200.19	89.49
813.15	462.9	202.95	85.58
813.79	465.8	202.31	80.87
814.43	465	205.67	79.86
815.07	463.6	209.03	79.45
815.71	464.3	212.39	76.94
816.35	462.5	215.65	76.93
816.98	463.8	218.92	73.81
817.62	462.3	222.28	73.5
817.29	455.95	223.21	82.66
816.96	449.6	224.14	91.83
816.63	451.5	224.57	92.74
816.3	453.2	221.6	93.85
815.97	457.3	225.03	92.56
815.64	459	222.26	93.68
815.31	464.5	215.69	90.99
814.98	461	207.62	97.31
812.91	460.29	209.97	96.85
810.85	459.57	212.3	96.41
808.78	458.86	214.65	95.96
806.71	458.15	216.99	95.5
804.65	457.43	217.93	95.06
802.58	456.72	218.87	94.61
800.51	456.01	219.82	94.15
798.44	455.3	220.76	93.7
797.88	454.99	220.28	94.17
797.31	454.68	219.82	94.65
796.74	454.37	219.35	95.12
796.18	454.06	218.88	95.6
796.18	456.89	218.41	96.08
796.19	459.73	217.94	96.55
796.2	462.56	217.46	97.03
796.2	465.39	217	97.51
796.2	466.4	217.6	96.9
796.21	467.4	218.19	96.3
796.21	473.55	218.79	95.69
796.21	479.02	219.39	95.08
797.07	484.99	217.42	99.68
795.59	491.38	217.51	100.12
795.49	495.71	213.96	100.59
795.39	500.04	210.41	101.06
791.52	504.72	209.08	96.52
787.65	509.4	206.95	94
783.77	508.9	204.23	96.7
779.9	506.4	201.5	95.3
777.55	504.2	211.1	97.48
775.2	501.4	209	100.29
772.84	500.7	206.91	100.99
770.49	497.61	204.81	104.09
768.13	496.45	204.63	104.6
765.78	495.29	204.45	105.12
763.43	494.13	204.26	105.63
761.07	492.96	204.08	106.16
755.99	493.52	206.62	106.67
750.9	494.07	209.18	107.19
745.1	494.63	212.44	107.7
742	495.18	213	108.22
742.1	494.42	210.59	109.43
742.2	493.67	208.17	110.63
743	492.91	205.06	111.84
751.97	492.15	193.78	113.05
752.9	491.4	190.54	113.4
753.84	490.64	187.28	113.76
754.77	489.88	184.04	114.12
755.7	489.12	180.8	114.48
756.05	487.75	180.9	114.58
756.41	486.38	180.99	114.67
756.76	485.01	181.09	114.77
757.11	483.64	181.19	114.86
757.46	482.27	181.29	114.96
757.82	480.91	181.38	115.04
758.17	479.54	181.48	115.14
758.52	478.17	181.58	115.23
760.77	479.84	180.63	115.33
763.01	481.51	179.68	115.42
765.26	483.18	178.73	115.52
767.5	484.86	177.78	115.61
765.6	483.67	177.69	115.13
763.7	482.48	177.59	114.65
761.8	481.29	177.5	114.18
759.9	480.11	177.4	113.69
756.3	479.21	181.4	113.62
752.7	478.31	185.4	113.54
749.1	477.42	189.4	113.46
745.5	476.52	193.4	113.38
744.18	475.21	195.42	115.74
742.86	473.91	197.44	118.09
741.53	472.6	199.47	120.45
740.21	478.66	201.49	115.44
742.13	475.3	200.49	122.2
744.05	477.43	199.5	123.47
745.98	479.57	198.49	124.73
747.9	481.7	197.5	126
748.13	483.6	195.65	126.65
748.35	485.5	193.8	127.3
748.58	487.4	191.95	127.95
748.81	489.3	190.09	128.6
751.23	486.53	186.02	129.94
753.66	483.75	181.94	131.3
756.08	480.98	177.87	132.64
758.5	478.2	173.81	134
762.33	479.41	170.9	131.36
766.16	480.62	167.99	128.73
770	481.84	165.08	126.08
773.83	483.05	162.17	123.45
773.96	482.51	160.66	123.3
774.09	481.97	159.14	123.15
774.22	481.44	157.63	123
774.35	480.9	156.12	122.85
778.19	479.78	154.61	123.28
782.04	478.66	153.09	123.71
785.89	477.54	151.58	124.15
789.73	476.42	150.07	124.58
792.07	474.37	146.41	126.23
794.42	472.31	142.73	127.89
796.76	470.26	139.07	129.54
799.1	468.21	135.4	131.19
805.15	466.15	126.3	131.7
811.2	464.1	117.2	132.2
817.25	462.04	108.1	132.71
823.3	459.99	99	133.21
825.73	457.6	98.6	135.33
828.15	455.21	98.21	137.44
830.58	452.82	97.81	139.56
833	450.44	97.42	141.66
834	448.05	98.45	142.9
835	445.66	99.48	144.14
836	443.27	100.51	145.38
837	440.88	101.53	146.62
834.51	438.53	102.58	146.16
832.03	436.19	103.62	145.69
829.54	433.84	104.67	145.24
827.05	431.49	105.71	144.78
827.14	433.43	106.75	144.32
827.23	435.37	107.8	143.86
827.31	437.31	108.85	143.41
827.4	439.25	109.89	142.95
827.94	439.89	112.3	142.82
828.49	440.53	114.69	142.69
829.03	441.16	117.1	142.58
829.58	441.8	119.5	142.45
827.83	443.27	121.03	141.49
826.09	444.75	122.55	140.52
824.34	446.22	124.08	139.57
822.6	447.69	125.6	138.61
821.52	444.84	127.03	136.24
820.45	442	128.44	133.85
819.37	439.15	129.86	131.48
818.3	436.3	131.27	129.1
816.65	436.05	133.27	126.98
815	435.8	135.26	124.85
813.35	435.55	137.25	122.73
811.7	435.3	139.24	120.6
813.85	432.28	141.87	119.47
816	429.25	144.5	118.35
818.15	426.23	145.05	117.22
820.3	423.21	153.9	116.09
816.43	420.18	163.57	115.25
812.55	417.16	167.05	118.54
808.68	414.14	169.52	115.61
804.8	411.11	167.9	113.39
799.59	409.1	169.16	112.38
794.38	407.1	170.42	111.35
789.16	405.09	171.69	110.34
783.95	403.08	172.95	109.32
778.74	401.08	174.71	121.35
773.53	399.07	176.47	133.38
768.31	397.06	178.24	145.42
763.1	395.06	180	157.44
768.13	394.95	174.87	161.35
773.15	394.84	169.75	165.26
778.18	394.74	164.62	169.16
783.2	394.63	159.5	173.07
791.08	394.52	154.09	174.41
798.95	394.42	148.69	175.73
806.83	394.31	143.28	177.07
814.7	394.21	137.88	178.39
816.7	393.8	135.84	177.98
818.7	393.4	133.8	177.55
820.7	393	131.76	177.13
822.7	392.59	129.73	176.71
824.4	392.19	127.99	171.99
826.1	391.78	126.25	167.27
827.8	391.38	124.51	162.55
829.5	390.97	122.77	157.83
825.16	386.33	126.3	157.26
820.83	381.68	129.81	156.7
816.49	377.04	133.34	156.12
812.15	372.39	136.86	155.56
807.81	367.74	140.39	155
803.48	363.1	143.9	154.43
799.14	358.45	147.43	153.86
794.8	353.81	150.95	153.29
791.81	351.8	152.2	153.65
788.82	349.8	153.46	154
785.84	347.8	154.7	154.35
782.85	345.8	155.95	154.69
775.57	349.75	157.06	153.91
768.29	353.7	158.16	153.12
761.02	357.65	159.26	152.33
753.74	361.6	160.36	151.55
750.32	365.48	158.26	151.04
746.9	369.35	156.15	150.55
743.49	373.23	154.04	150.05
740.07	377.1	151.93	149.55
741.8	379.82	149.84	148.5
743.54	382.53	147.75	147.45
745.27	385.25	145.66	146.39
747	387.96	143.58	145.34
752.92	388.22	140.74	147.72
758.84	388.48	137.9	150.1
764.75	388.74	135.07	152.47
770.67	389	132.23	154.85
780.88	389.85	129.11	156.64
791.09	390.7	126	158.43
801.29	391.54	122.89	160.22
811.5	392.39	119.78	162.01
819.24	396.47	117.77	165.74
826.97	400.55	115.77	169.47
834.71	404.62	113.76	173.2
842.45	408.7	111.75	176.93
839.88	411.04	109.77	179.95
837.32	413.38	107.79	182.96
834.76	415.72	105.8	185.98
832.2	418.06	103.82	181.64
830.06	411.17	103.98	182.74
827.91	404.28	104.15	183.83
825.77	397.39	104.31	184.93
823.62	390.5	104.48	186.02
825.77	387.91	106.06	187.11
827.91	385.33	107.64	188.18
830.06	382.74	109.22	189.27
832.2	380.15	110.81	190.35
837.64	380.14	112.28	190.07
843.08	380.13	113.74	189.8
848.51	380.13	115.22	189.51
853.95	380.12	116.69	189.23
859.39	380.11	118.16	188.95
864.83	380.1	119.63	188.68
870.26	380.09	121.11	188.4
875.7	380.08	122.58	188.12
877.1	382.54	123.54	188.45
878.5	385.01	124.5	188.77
879.9	387.47	125.46	189.09
881.3	389.93	126.42	189.42
882.7	392.39	127.38	189.75
884.1	394.86	128.34	190.07
885.5	397.32	129.3	190.39
886.9	399.78	130.26	190.72
888.59	399.69	131.15	190.75
890.28	399.59	132.05	190.8
891.96	399.5	132.95	190.83
893.65	399.4	133.85	190.87
895.34	395.89	135.04	191.47
897.03	392.37	136.23	192.07
898.71	388.86	137.44	192.66
900.4	385.34	138.63	193.26
899.62	384	143.78	193.37
898.85	382.66	144.21	193.49
898.08	381.33	144.64	193.59
897.3	379.99	145.08	193.71
896.53	378.65	145.51	193.82
895.75	377.31	145.95	193.94
894.98	375.97	146.38	194.05
894.2	374.63	146.82	194.17
894.51	376.13	146.08	193.46
894.82	377.62	145.34	192.76
895.14	379.12	144.59	192.04
895.45	380.61	143.85	191.34
895.76	382.11	140.81	190.63
896.07	383.6	137.76	189.93
896.39	385.1	134.71	189.21
896.7	386.59	127.08	188.51
895.81	386.82	121.03	187.05
894.91	387.04	114.98	185.6
894.02	387.27	108.93	184.14
893.12	387.5	102.88	182.68
893.94	389.44	98.84	175.22
894.76	391.39	94.79	167.75
895.58	393.33	90.75	160.29
896.4	395.28	86.71	152.82
897.67	391.19	87.17	151.4
898.95	387.11	87.62	149.97
900.22	383.03	88.08	148.53
901.5	378.94	89.24	147.11
902.77	374.86	90.41	145.68
904.05	370.78	91.57	144.25
905.32	366.7	92.74	142.81
906.6	362.61	93.9	141.39
906.33	360.27	95.47	144.41
906.05	357.92	97.05	147.43
905.78	355.57	98.62	150.46
905.5	353.23	100.2	153.47
905.23	350.88	103.22	157.85
904.95	348.53	106.25	162.24
904.68	346.19	109.27	166.61
904.4	343.84	112.3	165.56
907.43	339.55	113.97	165.14
910.47	335.27	115.63	164.7
913.5	330.98	117.3	164.28
916.54	326.7	118.96	163.85
923	323.84	119.18	160.28
929.47	320.99	119.4	156.71
935.94	318.13	119.61	152.47
942.4	315.28	119.83	156.42
944.48	310.06	119.84	160.65
946.56	304.84	119.86	164.88
948.64	299.62	119.87	169.12
950.72	294.4	119.88	173.35
951.94	289.47	118.45	174.72
953.16	284.54	117.02	176.08
954.38	279.6	115.58	177.46
955.6	274.67	114.15	178.83
955.55	271.43	111.49	176.17
955.5	268.19	108.83	177.01
955.45	264.94	106.16	180.94
955.4	261.7	103.5	184.85
955.35	260.18	101.7	184.63
955.3	258.65	99.9	184.43
955.25	257.13	98.1	184.21
955.2	255.6	96.3	184
957.48	253.04	94.71	185.14
959.76	250.48	93.11	186.29
962.04	247.92	91.52	187.43
964.32	245.36	89.93	188.58
964.03	245.1	88.33	190.85
963.74	244.83	86.73	193.14
963.44	244.57	85.15	195.41
963.15	244.3	83.55	197.7
962.93	247.53	83.8	198
962.72	250.75	84.03	198.3
962.51	253.98	84.27	198.6
962.29	257.2	84.51	198.9
959.5	262.03	84.78	197.6
956.72	266.85	85.03	196.3
953.93	271.68	85.3	195
951.14	276.5	85.56	193.71
950.56	279.28	84.19	194.75
949.97	282.05	82.83	195.8
949.39	284.83	81.46	196.85
948.8	287.6	80.1	197.9
948.22	291.52	79.58	197.81
947.64	295.44	79.06	197.71
947.05	299.36	78.55	197.62
946.47	303.28	78.03	197.52
948.45	305.51	80.22	198.21
950.44	307.74	82.41	198.9
952.43	309.98	84.6	199.58
954.41	312.21	86.79	200.27
956.4	314.45	88.98	200.95
958.38	316.68	91.17	204.62
960.37	318.92	93.36	201.08
962.36	321.15	95.54	197.55
967.57	321.2	95.79	198
972.79	321.25	96.04	198.45
978	321.3	96.29	198.9
983.22	321.35	96.53	199.35
988.43	321.4	96.78	199.8
993.65	321.45	97.03	200.25
998.86	321.5	97.28	200.7
1004.07	321.55	97.53	201.15
1005.37	323.34	98.53	202.78
1006.66	325.13	99.54	204.42
1007.95	326.91	100.55	206.06
1009.24	328.7	101.56	207.7
1010.53	332.77	100.55	207.05
1011.82	336.85	99.55	206.4
1013.11	340.92	98.54	205.75
1014.4	344.99	97.53	205.11
1012.62	349.61	97.97	207.84
1010.83	354.22	98.42	210.58
1009.04	358.83	98.87	213.32
1007.25	363.45	99.32	216.05
1005.47	368.06	99.75	218.79
1003.68	372.67	100.2	221.53
1001.89	377.29	100.65	224.26
1000.1	381.9	101.1	227
1000.45	387.61	102.99	227.5
1000.8	393.32	104.88	228
1000.7	399.04	107.21	228.5
1003.92	404.75	105.19	232.07
1007.13	410.46	103.17	235.64
1010.35	416.18	102.88	234.09
1013.57	421.89	102.6	232.54
1016.79	427.6	102.31	231
1020.02	426.46	102.46	231.79
1023.24	425.33	102.61	232.57
1026.47	424.19	102.76	233.36
1029.7	423.05	102.9	234.15
1032.93	421.91	103.05	234.94
1036.16	420.78	103.19	235.72
1039.38	419.64	103.35	236.51
1042.61	418.5	103.49	237.3
1045.96	419.49	103.64	237.9
1049.31	420.48	103.78	238.5
1052.66	421.46	103.93	239.1
1056.01	422.45	104.08	239.7
1055.64	423.44	104.23	240.3
1055.27	424.43	104.37	240.9
1054.9	425.41	104.52	241.5
1054.53	426.4	104.67	242.1
1052.69	428.09	104.67	243.29
1050.85	429.79	104.68	244.46
1049.02	431.48	104.67	245.64
1047.18	433.17	104.67	246.83
1045.34	434.87	104.67	248.01
1043.5	436.56	104.68	249.19
1041.67	438.25	104.67	250.37
1039.83	439.95	104.67	251.55
1038.84	441.44	104.67	252
1037.84	442.93	104.67	252.45
1036.85	444.42	104.67	252.89
1035.86	445.91	104.67	253.34
1034.86	447.4	104.67	253.79
1033.87	448.89	104.67	254.23
1032.88	450.38	104.67	254.68
1031.88	451.87	104.67	255.13
1031.58	449.93	104.68	255.58
1031.29	447.99	104.68	256.04
1030.99	446.06	104.68	256.48
1030.69	444.12	104.69	256.93
1030.39	442.18	104.69	257.38
1030.09	440.25	104.7	257.83
1029.8	438.31	104.69	258.28
1029.5	436.37	104.7	258.73
1032.28	433.99	105.5	260.17
1035.06	431.61	106.29	261.62
1037.84	429.22	107.09	263.07
1040.62	426.84	107.88	264.51
1043.4	424.46	108.68	265.95
1046.18	422.07	109.47	267.41
1048.97	419.69	110.26	268.85
1051.75	417.3	111.05	270.3
1050.91	416.38	111.06	270.05
1050.08	415.46	111.05	269.79
1049.24	414.53	111.06	269.55
1048.41	413.61	111.05	269.3
1043.29	411.26	111.05	269.05
1038.16	408.9	111.05	268.8
1033.04	406.55	111.05	268.55
1027.91	404.2	111.05	268.3
1024.82	404.69	110.35	268.24
1021.73	405.17	109.65	268.18
1018.63	405.66	108.96	268.12
1015.54	406.15	108.26	268.05
1014.16	408.64	107.57	270.59
1012.79	411.13	106.86	273.12
1011.41	413.62	106.17	275.66
1010.03	416.12	105.47	278.18
1009.35	421.47	106.11	277.26
1008.66	426.82	106.75	276.33
1007.98	432.17	107.39	275.41
1007.29	437.52	108.04	274.48
1009.47	435.15	108.68	277
1011.64	432.78	109.32	279.52
1013.82	430.41	109.96	282.04
1015.99	428.03	110.61	284.57
1018.07	433.65	112.03	285.5
1020.16	439.26	113.44	286.44
1022.24	444.87	114.86	287.38
1024.32	450.48	116.28	288.32
1023.83	456.09	116.65	289.26
1023.33	461.7	117.02	290.2
1022.84	467.31	117.39	291.14
1022.35	472.92	117.75	292.08
1021.06	476.8	117.75	292.07
1019.77	480.67	117.75	292.08
1018.48	484.54	117.75	292.08
1017.19	488.42	117.75	292.07
1015.89	492.29	117.75	292.08
1014.6	496.17	117.75	292.07
1013.31	500.04	117.75	292.07
1012.02	503.91	117.75	292.08
1012.68	505.75	117.8	290.44
1013.33	507.58	117.85	288.81
1013.98	509.42	117.91	287.18
1014.64	511.25	117.95	285.55
1020.16	503.79	118.28	286.21
1025.67	496.33	118.63	286.87
1031.19	488.87	118.96	287.53
1036.71	481.41	119.29	288.19
1038.06	473.84	120.49	288.94
1039.42	466.27	121.68	289.68
1040.78	458.69	122.87	290.44
1042.14	451.12	124.06	291.18
1037.49	447.54	124.09	293.39
1032.85	443.96	124.1	295.59
1028.2	440.38	124.13	297.8
1023.55	436.8	124.15	300
1019.98	438.28	124.15	298.42
1016.4	439.75	124.15	296.85
1012.83	441.23	124.15	295.27
1009.25	442.7	124.15	293.7
1005.67	441.03	124.16	295.27
1002.1	439.35	124.15	296.85
998.52	437.68	124.16	298.42
994.95	436	124.15	300
993.31	434.8	124.7	300.5
991.67	433.6	125.26	301
990.03	432.4	125.81	301.5
988.39	431.2	126.36	302
986.76	430.3	126.9	302.2
985.12	429.4	127.46	302.4
983.48	428.5	128.01	302.6
981.84	427.6	128.56	302.8
980.22	427.85	129.01	306.28
978.61	428.11	129.46	309.74
977	428.36	129.9	313.22
975.38	428.62	130.36	316.68
972.63	428.87	130.8	320.16
969.87	429.12	131.25	323.63
967.12	429.38	131.69	327.1
964.36	429.63	132.14	330.57
961.55	429.87	132.44	331.12
958.75	430.1	132.73	331.67
955.94	430.34	133.03	332.22
953.13	430.58	133.33	332.76
951.47	430.24	133.62	333.32
949.81	429.91	133.92	333.86
948.14	429.57	134.22	334.42
946.48	429.23	134.52	334.97
944.3	429.38	134.66	336.26
942.11	429.53	134.82	337.55
939.93	429.68	134.96	338.83
937.74	429.83	135.11	340.12
935.56	429.98	135.25	341.41
933.37	430.13	135.41	342.7
931.19	430.28	135.55	343.98
929	430.43	135.7	345.27
925.96	426.84	136.69	346.57
922.92	423.26	137.69	347.85
919.88	419.68	138.68	349.14
916.83	416.1	139.69	350.42
915.51	412.23	140.68	351.71
914.18	408.36	141.68	353
912.85	404.5	142.68	354.28
911.53	400.63	143.67	355.57
915.67	397.65	142.13	354.6
919.82	394.67	144.21	353.63
923.97	391.69	146.3	352.66
928.12	388.71	148.38	351.69
938.27	385.73	149.63	350.17
948.43	382.75	150.12	357.78
958.58	379.78	150.62	365.39
968.73	376.79	153.17	373.01
980.69	381.39	155.44	374.49
992.65	385.98	157.7	375.97
1004.61	390.58	159.97	377.45
1016.57	395.17	162.23	378.93
1023.38	398.62	165.12	380.43
1030.2	402.07	168	381.93
1037.01	405.52	170.89	383.43
1043.82	408.97	165.48	384.93
1041.25	414.17	166.7	386.73
1038.68	419.37	167.92	388.53
1036.11	424.57	167.11	388.23
1033.55	429.77	166.28	387.93
1029.26	424.67	166.49	390.03
1024.98	419.57	166.69	392.13
1020.69	414.47	166.89	391.53
1016.41	409.37	167.09	390.93
1010.09	403.37	167.13	390.26
1003.76	397.37	167.19	389.58
997.44	391.37	167.23	388.91
991.12	385.37	167.27	388.23
987.94	377.5	165.86	391.13
984.77	369.63	164.43	394.02
981.59	361.77	167.11	396.91
978.41	353.9	169.79	399.8
977.48	351.88	171.42	394.42
976.54	349.85	172.86	397.25
975.61	347.83	169.16	400.07
974.67	345.8	165.47	402.9
972.59	346.79	164.39	400.31
970.51	347.79	163.31	403.14
968.43	348.79	162.23	405.98
966.35	349.78	161.15	408.82
962.58	352.56	160.01	410.19
958.81	355.34	158.87	411.56
955.03	358.12	157.73	412.93
951.26	360.9	156.59	414.3
947.48	361.1	155.46	414.83
943.71	361.3	154.32	415.35
939.93	361.5	153.18	415.88
936.16	361.7	152.04	416.4
933.78	359.02	152.37	416.56
931.39	356.34	152.71	416.71
929.01	353.66	153.04	416.87
926.63	350.98	153.37	417.02
924.24	349.3	154.41	416
921.86	347.62	155.44	414.98
919.48	345.94	156.47	413.96
917.09	344.26	157.51	412.94
915.16	342.76	158.39	412.14
913.22	341.27	159.28	411.33
911.28	339.77	160.17	413.98
909.35	338.28	161.05	416.62
907.12	337.93	163.67	418.55
904.9	337.58	166.28	420.47
902.68	337.23	168.89	422.4
900.46	336.88	171.5	424.32
901.36	338.19	173.63	425.59
902.27	339.5	175.76	426.85
903.17	340.82	177.89	428.11
904.08	342.13	180.02	429.37
905.84	340.86	182.46	431.49
907.61	339.6	184.89	433.6
909.37	338.34	187.33	435.71
911.13	337.07	189.77	437.83
913.35	336.87	189.56	439.32
915.56	336.67	189.36	440.8
917.77	336.48	189.16	442.28
919.98	336.28	188.96	443.77
921.05	336.08	188.76	445.26
922.11	335.88	188.56	446.74
923.18	335.68	188.36	448.23
924.25	335.48	188.15	449.72
925.69	335.48	188.15	450.45
927.13	335.48	188.15	451.17
928.57	335.48	188.15	451.9
930.01	335.48	188.15	452.62
931.45	335.48	188.15	455.07
932.89	335.48	188.15	457.52
934.33	335.48	188.15	459.97
935.77	335.48	188.15	462.42
935.62	336.53	187.41	462.17
935.47	337.57	186.67	461.93
935.32	338.61	185.93	461.69
935.17	339.66	185.19	461.44
935.02	340.7	184.45	461.2
934.87	341.74	183.71	460.96
934.72	342.79	182.97	460.71
934.57	343.83	182.23	460.47
934.27	345.23	182.62	456.45
933.96	346.63	183.01	452.42
933.66	348.02	183.4	448.41
933.35	349.42	183.8	444.39
935.05	348.82	184.19	440.36
936.74	348.21	184.58	436.34
938.44	347.61	184.97	432.32
940.14	347.01	185.36	428.29
939.96	344.68	187.84	427.58
939.78	342.36	190.32	426.87
939.6	340.03	192.8	426.16
939.42	337.71	195.28	425.44
939.24	335.39	195.19	424.72
939.06	333.06	195.09	424.02
938.89	330.74	194.99	423.3
938.71	328.41	194.89	422.59
935.38	320.57	199.12	423.54
932.06	312.73	197.84	424.49
928.73	304.88	196.57	425.46
925.41	297.04	195.29	426.41
925.52	291.77	197.11	427.37
925.62	286.51	198.93	428.32
925.73	281.24	200.75	429.27
925.84	275.97	202.56	430.23
925.09	267.32	204.81	431.4
924.34	258.66	207.06	432.59
923.58	250.01	207.92	433.76
922.83	241.36	208.77	434.94
920.37	237.86	211.53	433.52
917.9	234.35	214.3	432.1
915.43	230.85	212.97	430.68
912.97	227.34	211.63	429.26
908.5	229.63	211.1	421.17
904.03	231.92	206.52	413.08
899.56	234.21	201.94	404.99
895.09	236.5	193.21	396.9
890.62	239.93	181.78	386.52
886.15	243.36	170.35	376.14
881.68	246.79	158.92	365.76
877.21	250.23	152.99	355.37
872.8	256.66	148.4	342.54
868.39	263.1	143.81	329.7
863.99	269.54	143.36	320.26
859.58	275.97	142.92	310.83
855.17	282.41	142.83	303.14
850.76	288.84	142.74	295.46
846.35	295.28	144.05	287.77
841.94	301.71	145.36	280.09
839.78	305.41	146.75	273.44
837.62	309.1	148.13	266.8
835.47	312.8	149.51	260.15
833.31	316.49	150.89	253.51
832.01	316.33	153.69	261.17
830.71	316.16	156.49	268.84
829.41	315.99	159.29	276.51
828.11	315.83	162.09	284.17
827.8	316.44	165.43	288.91
831.6	317.04	164.65	293.66
839.54	317.65	159.74	298.4
847.47	318.26	154.83	303.14
844.3	319.72	161.3	308.91
841.13	321.19	167.77	314.66
837.96	322.66	174.24	320.42
834.79	324.12	180.71	326.18
834.79	325.72	183.33	324.83
834.79	327.32	185.96	323.48
834.79	328.92	188.59	322.13
834.79	330.52	191.21	320.78
836.14	328.68	192.48	320.77
837.5	326.84	193.75	320.76
836.14	325.01	197.74	316.64
834.79	323.17	201.71	312.53
834.64	319.98	204.21	308.77
834.5	316.78	206.7	305.03
834.36	313.59	209.19	301.27
834.22	310.39	211.68	297.52
836.61	308.34	211.94	293.77
839	306.29	212.2	290.02
845.48	304.24	208.37	286.26
851.95	302.19	204.55	282.51
859.97	303.09	200.13	275.78
867.98	303.98	195.72	269.05
876	304.88	191.3	262.32
873.07	305.77	197.83	255.59
864.6	305.23	210.45	248.87
863.4	304.7	215.8	242.13
862.2	304.16	221.15	235.41
861	303.63	226.5	228.67
861.6	304.31	228.28	213.79
861.8	304.99	230.47	212.61
868.15	305.67	226.5	211.38
874.5	306.35	222.54	210.15
875.89	305.31	223.53	210.37
877.28	304.27	224.52	210.58
878.68	303.23	225.51	210.8
880.07	302.2	226.5	211
883.93	300.7	226.97	210.62
887.79	296.4	227.45	213.05
891.64	286.6	227.93	220.98
895.5	271.35	228.4	234.35
896.8	261.07	230.05	244.48
898.1	250.78	231.7	254.62
899.4	240.5	229.25	264.75
900.7	230.21	226.8	274.89
896.55	227.74	228.03	280.86
892.4	225.28	229.25	286.82
888.25	222.81	230.48	292.79
884.1	220.34	231.71	298.76
873.9	211.23	237.56	310.22
863.7	202.12	243.41	321.68
857.58	193.01	245.17	333.14
851.47	183.9	246.93	344.6
848.3	177.2	246.51	354.4
843.7	176.7	247.52	358
846.1	173.1	241.52	364.7
845.6	175.7	238.43	365.2
852.7	177.7	228.6	366.3
859.85	179.7	218.72	367.4
863.53	180.7	212.3	369.5
867.2	177.77	205.9	375.53
869.37	177.41	203.9	378.97
871.55	177.05	201.89	382.4
873.72	176.7	199.89	385.83
875.9	176.34	197.88	389.26
874.63	175.98	200.18	391.55
873.35	175.62	202.49	393.83
872.08	175.27	204.79	396.11
870.8	174.91	207.1	398.39
867.23	173.33	216.84	400.17
863.65	171.74	226.6	401.96
860.08	170.16	236.34	403.74
856.5	168.57	246.09	405.53
856.08	163.84	250.11	408.76
855.65	159.11	254.14	411.99
855.23	154.38	258.16	415.22
854.8	149.64	262.19	418.46
854.45	141.6	263.44	423.48
854.1	133.55	264.68	428.5
853.75	125.51	265.93	433.52
853.4	117.46	267.17	438.54
857.92	109.42	261.81	443.53
862.45	101.38	256.45	448.52
866.97	93.33	254.55	453.52
871.5	85.29	252.64	458.51
874.75	82.25	252.22	460.48
878	79.21	251.8	462.44
879.15	76.17	253.47	464.41
880.3	73.13	255.14	466.37
879.65	70.09	256.9	468.34
879	67.05	258.66	470.3
878.35	64.01	260.42	472.27
877.7	60.97	262.18	474.23
879.83	58.1	263.37	473.95
881.95	55.23	264.58	473.67
884.08	52.36	265.77	473.39
886.2	49.48	266.98	473.12
889.45	48.9	266.48	470.53
892.7	48.32	265.99	467.93
895.95	47.73	265.49	465.35
899.2	47.15	264.99	462.75
903.1	46.1	262.4	463.4
901.47	50.57	261.61	458.53
899.83	55.03	260.82	453.67
898.2	59.5	260.03	448.8
897.38	64.87	255.22	443.58
896.55	70.25	255.94	438.35
895.73	75.62	256.65	433.13
894.9	81	257.37	427.9
893.6	86.95	257.01	422.8
892.3	92.9	256.66	417.7
891	98.2	256.29	413.25
889.7	96.59	255.94	415.71
887.54	90.19	251.98	424.11
885.39	83.79	248.02	432.51
883.23	77.39	244.07	440.91
881.07	70.99	237.33	449.31
879.17	61.36	228.93	460.55
877.26	51.74	220.54	471.78
875.35	42.12	212.15	483.02
873.44	32.5	203.76	494.25
871.53	24.8	205.97	503.56
869.62	19.1	208.18	510.88
867.71	18.59	210.39	513
865.8	18.07	212.6	515.13
863.63	21.29	213.93	512.99
861.45	24.51	215.28	510.84
859.28	27.73	216.61	508.7
857.1	30.94	217.95	506.56
853.8	34.16	220.41	504.42
850.5	37.38	222.88	502.27
847.2	40.6	225.34	500.13
843.9	43.81	227.8	497.99
841.72	49.94	230.11	496.86
839.55	56.07	232.4	495.73
837.38	62.2	234.7	494.6
835.2	65.8	237	500.1
834.16	70.8	238.17	504.2
833.12	73.25	239.33	504.02
832.07	75.69	240.51	503.84
831.03	78.14	241.67	503.66
830.9	77.6	240.19	499.8
828.01	76.33	241.47	495.93
825.11	71.96	242.75	488.64
822.21	67.6	244.04	488.2
820.01	65.95	244.63	483.35
817.8	64.3	245.22	478.5
815.6	66.1	245.81	470.2
813.39	67.9	246.41	461.9
811.52	74.6	248.41	456.15
809.65	81.3	250.4	450.4
807.78	84.55	252.4	450.85
805.9	87.8	254.4	447.9
807.18	92.77	253.25	443.36
808.46	97.75	252.09	438.8
809.73	102.72	250.95	434.26
811.01	107.7	249.79	429.7
817.98	112.86	244.57	425.72
824.96	118.03	239.34	421.73
831.93	119.77	234.12	417.73
838.9	121.5	228.9	413.75
844.44	123.74	223.41	408.91
852.7	126.66	215.2	404.08
856.88	132.67	211.07	399.25
861.07	138.69	206.93	394.41
862.26	145.27	203.51	392.75
863.46	151.86	200.07	391.08
864.66	158.45	196.64	389.41
863.1	166.86	200.49	387.74
857.2	171.62	204.77	385.48
834.8	184.61	210.45	383.23
789.1	185.25	220.9	380.97
732.35	185.88	234.15	378.72
687.7	185.36	245.74	376.54
652.7	184.15	255.91	387.15
641	183.28	255.83	397.73
644.4	183.79	255.75	408.31
662.45	185.89	245.71	410.56
680.51	188	235.67	412.8
698.56	185.99	225.63	415.06
716.62	183.98	215.58	417.32
737	179.12	197.31	419.9
742.3	174.25	197.56	422.5
741.35	169.39	198.9	425.08
740.4	164.53	200.24	427.67
734.51	161.61	200.98	429.38
729.99	160.07	201.72	431.09
731.64	160.58	202.46	432.8
733.3	161.1	203.2	434.5
736.6	163.66	203.76	433.49
739.9	166.22	204.32	432.48
743.2	168.79	204.87	431.46
746.5	171.35	205.43	430.45
743.4	173.91	207.93	429.44
728.9	177.16	215.87	428.43
708.22	179.38	223.81	427.41
687.54	181.6	231.76	426.4
663.22	187.67	241.98	426.13
638.9	193.73	252.2	425.87
611.4	197.05	261.46	425.61
588.8	205.86	265.81	425.34
570.58	215.65	272.33	420.47
563.35	225.43	278.83	415.62
568.47	235.22	281.23	412.78
573.59	245	291.85	405.9
576.4	251.62	302.69	400
587.5	258.23	305.23	394.12
599.95	267.6	306.43	388.22
612.4	271.46	307.62	382.34
625.79	266.64	305.82	385.01
643.3	261.81	300.58	389.79
658.74	256.98	300.5	391.42
674.19	252.16	300.41	393.04
691.19	246.97	300.45	393.73
708.2	241.79	300.48	394.41
720.4	236.61	303.26	395.09
732.6	231.42	306.04	395.78
746.1	230.53	302.25	391.87
751.8	229.63	306.27	387.97
755.42	228.74	312.36	384.06
759.05	227.85	318.45	380.15
763.8	229.1	317.99	375.74
765.8	230.35	320.28	371.32
763.65	231.6	326.71	366.91
761.5	232.85	333.15	362.5
758.98	234.1	339.96	358.09
756.46	235.36	346.76	353.67
753.94	236.61	353.57	349.25
751.42	237.86	360.38	344.84
748.24	238.82	366.09	339.66
745.06	239.79	371.79	334.46
741.88	240.76	377.5	329.27
738.7	241.72	383.2	324.09
736.9	243.26	390.1	318.9
728.71	244.8	403.39	313.71
720.52	246.33	416.68	308.52
712.33	247.87	429.97	303.33
707.06	250.78	438.46	298.27
701.8	253.69	446.95	293.2
698.6	256.59	453.37	288.15
695.4	259.5	459.8	283.08
694.9	263.27	465.52	278.02
702.7	267.04	462.95	272.95
700.84	270.8	470.03	267.9
698.98	274.57	477.12	262.83
702.03	275.85	478.85	260.58
705.09	277.14	480.57	258.31
708.14	278.43	482.3	256.05
711.2	279.71	484.02	253.79
711.12	279.81	484.69	253.59
711.05	279.9	485.35	253.4
710.97	280	482.93	253.2
710.9	274.57	477.12	258.53
709.62	269.18	475.39	262.3
708.35	263.79	473.65	266.06
707.07	258.41	467.82	269.82
705.8	253.02	461.98	273.58
704.21	246.56	457.73	276.42
702.63	240.1	453.47	279.25
701.04	236.36	445.06	279.37
699.46	232.61	436.64	279.49
697.44	230.95	430.51	280.6
695.43	229.28	424.37	281.72
693.42	226.92	420.28	282.84
691.4	225.94	420.37	283.96
689.12	224.27	420.86	285.93
686.85	222.6	421.33	287.9
684.57	220.93	421.82	289.87
682.29	219.26	422.31	291.84
680.95	218.85	423.52	291.54
679.6	218.43	424.75	291.24
678.25	218.01	425.97	290.95
676.9	217.6	427.2	290.65
674.67	217.18	429.3	290.36
672.45	216.76	431.4	290.06
670.22	216.35	433.5	289.76
667.99	215.93	435.61	289.47
667.57	216.04	436.98	288.04
667.15	216.14	438.35	286.61
666.72	216.25	439.73	285.18
666.3	216.36	441.1	283.74
666.72	218.76	441.63	280.29
667.15	221.15	442.15	276.85
667.57	223.55	442.68	273.4
667.99	225.94	443.21	269.96
668.32	229.34	444.91	264.49
668.65	232.74	446.62	259.01
668.97	236.13	448.33	253.55
669.3	239.53	450.03	248.07
669.33	242.93	454.89	241.75
669.36	246.33	459.76	235.42
669.39	249.72	464.62	229.11
669.42	253.12	469.48	222.78
666.32	258.04	473.44	216.81
663.21	262.96	477.4	210.84
660.11	267.89	481.36	204.86
657	272.81	485.32	198.89
653.91	279.2	488.98	190.33
650.82	278.29	492.64	189.06
647.72	277.39	496.31	187.79
644.63	276.48	499.97	186.52
642.2	275.11	502.07	187.62
639.77	273.74	504.16	188.72
637.33	272.37	506.27	189.81
634.9	271	508.36	190.91
634.47	269.03	509.6	193.75
634.04	267.07	510.84	196.59
633.62	265.1	512.07	199.43
633.19	263.13	513.31	202.27
631.65	262.28	512.7	205.02
630.12	261.42	512.08	207.78
628.58	260.56	507.37	210.54
627.04	259.7	502.66	213.3
631.8	256.27	491.4	219.48
636.55	252.84	480.15	225.66
641.31	249.4	465.49	231.85
646.06	245.97	450.84	238.03
643.68	245.19	443.89	237.09
641.29	244.4	436.96	236.15
638.91	246.4	430.01	232.43
636.53	248.4	423.07	228.7
634.14	252.45	414.46	218.15
631.76	256.48	410.34	213.12
629.38	258.5	406.32	215.6
626.99	264.56	402.21	219.44
625.73	267.93	398.52	225.37
624.47	271.3	394.83	231.3
623.2	270.58	391.1	239.22
621.94	269.86	387.36	247.14
622.96	270.32	381.07	254.06
623.99	270.79	374.76	260.96
625.01	271.25	368.47	267.87
626.04	271.72	362.16	274.78
627.85	274.94	353.48	275.96
629.66	278.15	344.79	277.15
631.48	281.37	336.1	278.33
633.29	284.59	327.41	279.51
629.09	288.81	325.01	280.11
624.9	293.03	322.6	280.71
620.7	297.25	320.2	281.31
616.51	301.46	317.79	281.92
612.54	304.88	313.91	282.76
608.57	308.3	310.03	283.59
604.6	308.24	306.15	287.91
600.63	308.19	302.27	292.21
597.81	304.43	298.39	300.5
594.98	300.68	294.52	308.77
592.16	296.93	290.64	317.05
589.33	293.17	286.77	325.33
588.58	285.99	282.72	332.91
587.83	278.8	281.4	340.57
587.08	271.61	280.09	348.22
586.33	264.43	278.77	355.87
586.72	256.95	280.77	363.25
587.12	249.48	282.77	370.62
587.51	242.01	284.77	377.99
587.9	234.54	286.77	385.36
588.2	226.97	291.98	386.66
588.5	219.4	297.19	387.95
588.8	211.83	302.39	389.25
589.1	204.26	307.6	390.54
589.39	196.7	314.51	386.98
592.4	189.13	316.2	383.42
591.34	181.56	323.06	379.87
590.29	173.99	321.61	376.31
584.38	159.87	326.92	373.69
578.48	145.75	321.25	371.06
569.1	129.58	324.55	368.42
558.44	113.4	320.89	365.8
548.08	104.9	320.71	351.68
537.71	96.4	320.54	337.55
528.72	90.62	320.35	320.71
519.73	84.84	320.17	303.86
508.17	82.55	323.67	289.45
496.61	80.26	327.17	280.57
485.06	77.98	330.66	271.69
473.5	75.69	334.16	262.81
458.4	73.68	337.13	253.62
448.35	71.79	337.35	249.51
438.3	69.9	337.56	245.4
429.6	69	336.43	240.3
416.09	69.35	340.36	236.65
403.92	66.43	342.95	233.97
389.7	50.14	347.58	246.76
379.57	33.84	348.13	259.56
367.06	17.1	356.14	270.45
354.54	3.8	362.06	280
342.03	0	371.12	276.9
329.51	0	380.19	270
308.48	0	397.92	260.5
287.44	0	415.66	251
266.4	0	433.4	241.5
240.8	0	455.7	232
210.4	0	476.53	219.92
180	0	497.35	207.85
156.5	0	511.27	195.78
144.06	0	514.14	183.7
141.65	0	503.8	171.33
139.23	0	493.47	158.97
136.81	0	483.14	146.6
134.39	0	472.81	135.2
127.39	0	465.51	127
120.4	0	368.5	121.6
120.3	0	359.35	116.2
106.4	0	364	110.8
90.53	0	369.72	107.1
74.66	0	375.44	103.4
58.78	0	381.17	99.7
42.91	0	386.89	96
19.8	0	396.43	97.2
0	0	402.65	97.3
0	0	393.2	88.8
0	0	375.5	78.9
0	0	344.8	70.3
59.21	0	234.49	64.9
47.37	0	235.43	61.5
41.7	0	230.9	66.4
40.79	0	221.91	63.6
45.05	0	211.38	62.67
49.3	0	200.87	61.73
71.04	0	172.86	60.8
82.36	0	149.64	56.6
110.2	0	111.26	50.31
118.1	0	93.51	47.1
116.33	0	88.17	43.9
117.3	0	81.92	44.76
107.28	0	86.67	46.33
97.27	0	91.41	47.9
87.25	0	96.15	55.6
69.71	0	104.48	64.43
60.4	0	112.82	73.25
51.1	0	121.15	82.08
41.8	0	129.48	90.9
41.14	0	127.86	101.1
42.54	0	127.6	109.47
49.1	0	123.2	119.9
63.89	0	114.71	126.2
16	0	165.4	129.2
27.6	0	160	136.6
30.97	0	360.23	142.3
31.58	0	377.87	149.3
32.94	0	394.76	155.08
34.3	0	400.63	160.85
17.15	0	430.51	166.63
0	0	460.4	172.4
0	0	471.52	179.25
0	0	482.65	186.1
0	0	493.77	192.95
0	0	504.9	199.8
0	0	516.95	209.53
0	0	529	219.25
0	0	536.9	228.98
0	0	544.8	238.7
0	0	552.88	246.18
0	0	560.95	253.65
0	0	569.03	261.13
0	0	577.1	268.6
0	0	582.6	274.35
0	0	588.1	280.1
0	0	593.6	285.85
15.73	0	583.37	291.6
10.49	0	594.08	297.5
5.24	0	604.81	303.4
0	0	615.52	309.3
0	0	621	315.2
0	0	626.47	321.1
0	0	631.95	327
0	3.34	637.42	329.56
0	6.67	642.9	332.13
0	13.49	647.81	329.63
0	20.31	652.73	327.13
0	27.13	657.64	324.63
0	33.94	662.55	322.14
0	39.04	670.04	319.65
0	44.15	677.53	317.14
0	49.25	685.01	314.65
0	54.35	692.5	312.15
0	59.69	700.9	310.56
0	65.02	709.3	308.98
0	70.36	717.7	307.39
0	75.7	726.1	305.8
0	84.19	734.5	301.06
0	89.2	742.9	302.5
0	98.3	751.3	294.45
18.6	111.4	741.1	285.1
54.3	126.6	713.32	272.9
82.3	139.5	693.25	262.99
113.2	149	670.27	256.49
138.9	158.6	652.49	249.89
164.01	168.8	636.74	238.96
190.44	176.73	619.66	230.31
216.87	184.67	602.58	221.65
243.3	192.6	585.5	213
265.7	201.6	571.33	201.52
288.6	210.2	556.65	190.45
307.3	215.4	546.18	182.78
325.95	217.2	535.75	178.5
346.5	218.21	521.4	172.47
362.4	219.21	511.7	166.44
378.33	220.21	501.97	160.42
394.26	221.21	492.24	154.39
404.9	223.1	486.15	149.05
415.9	225.4	479.7	143.3
429.76	226.03	469.24	136.37
434.46	219.78	470.24	142.02
441.93	213.7	462.15	152.1
449.4	207.62	452.89	156.85
456.87	201.54	443.63	161.6
464.34	195.46	437.86	166.34
470.82	188.64	432.76	170.81
477.29	181.81	427.66	175.29
483.76	174.98	422.57	179.77
490.24	168.15	417.46	184.25
495.56	159.6	413.52	188.73
500.89	151.06	409.56	193.19
506.22	142.51	405.61	197.67
511.54	133.96	401.66	202.14
504.58	124.18	410.02	207.07
497.62	114.4	418.38	212
490.66	104.61	426.74	216.94
483.71	94.83	435.09	221.87
473.03	87.33	446.87	231.95
462.35	79.83	458.65	242.02
451.67	72.34	470.43	252.09
440.99	64.84	482.21	262.16
429.67	61.56	494.81	268.89
418.34	58.29	507.41	275.61
407.02	55.01	520.01	282.34
395.7	51.73	532.6	289.07
388.67	51.31	541.46	288.07
381.63	50.9	550.32	287.05
374.6	50.48	559.18	286.05
367.57	50.06	568.03	285.04
362.74	49.81	574.56	278.27
357.92	49.56	581.08	271.49
353.09	49.32	587.61	264.71
348.26	49.07	594.14	257.93
346.3	49.67	597.25	249.45
344.33	50.28	600.37	240.97
342.36	50.89	603.49	232.49
340.4	51.49	606.6	224.01
341.56	50.71	606.89	218.94
342.73	49.92	607.17	213.88
343.9	49.14	607.45	208.81
345.07	48.35	607.73	203.75
343.66	44.13	609.47	205
342.26	39.91	611.19	206.24
340.85	35.69	612.93	207.49
339.44	31.47	614.66	208.73
338.96	24.96	615.54	213.69
338.49	18.45	616.41	218.65
338.01	11.95	617.29	223.6
337.54	5.44	618.16	228.56
337.06	0	620.74	232.45
336.58	0	623.32	230.9
336.1	0	625.9	229.35
335.63	0	628.47	227.8
336.88	0	628.8	226.33
338.13	0	629.12	224.85
339.38	0	629.45	223.38
340.63	0	629.77	221.9
343.89	0	628.39	220.13
347.14	0	627.01	218.35
350.4	0	625.63	216.58
353.65	0	624.25	214.8
361.05	0	619.33	213.65
368.45	0	614.4	212.5
375.85	0	609.48	211.35
383.25	0	604.55	210.2
386.63	0	599.05	208.77
390	0	593.55	207.35
403.4	0	578.03	205.92
410	0	569.3	204.5
417.7	0	559.8	204.35
420.8	0	552.04	204.2
434.21	0	538.26	204.05
447.61	0	524.49	203.9
463.7	0	510.33	205.48
484.41	0	491.54	207.05
505.13	0	472.75	208.63
525.84	0	453.96	210.2
548.2	0	436.97	213.18
568.7	0	421.85	216.15
592	0	403.93	219.12
599.36	0	401.94	222.1
602	0	410.12	224.5
606.2	0	416.75	226.9
593.2	0	440.58	229.3
580.19	0	464.41	231.7
589.06	0	470.89	233.9
597.93	0	477.37	236.1
606.8	0	483.85	238.3
615.66	0	490.34	240.5
630.83	0	492.25	238.42
646	0	494.15	236.35
664.58	0	492.65	234.27
683.17	0	491.13	232.2
701.64	0	487.96	228.03
720.12	0	484.78	223.85
738.59	0	481.61	219.68
757.06	0	478.44	215.5
775.54	0	474.26	209.6
790.58	0	473.52	206
810.77	0	477.08	202.4
830.96	0	480.64	198.8
853.62	0	484.88	193.85
876.29	0	489.11	188.9
898.96	0	493.34	183.95
921.63	0	497.57	179
946.88	0	501.8	176.33
972.12	0	506.03	173.65
997.36	0	510.27	170.98
1022.6	0	514.5	168.3
1047.3	0	517.69	165.1
1070.5	0	522.38	161.9
1083.4	0	537.36	158.7
1089.5	0	559.15	155.5
1097.09	0	581.18	148.58
1104.68	0	603.2	141.65
1112.27	0	625.23	134.73
1119.86	0	640.34	127.8
1130.7	0	597.2	121.4
1141.55	0	604.15	113.9
1152.39	0	609.71	111.55
1163.24	0	630.16	109.2
1174.08	0	648.2	106.8
1186.94	0	664.21	107.1
1199.8	0	680.22	107.4
1206.62	0	702.28	111.1
1213.77	0	706.23	114.15
1224.4	0	695.6	117.2
1229.81	0	690.19	120.25
1235.23	0	684.77	123.3
1242.38	0	677.62	123.48
1249.53	0	670.47	123.65
1256.68	0	663.32	123.83
1263.83	0	656.17	124
1274.1	0	645.9	119.2
1289.5	0	560.1	113.3
1310.85	0	416.35	102.2
1332.2	0	342.3	91.1
1356.44	0	225.56	82.61
1384.7	0	158.7	69.54
1417.23	0	141.67	56.47
1449.76	0	124.64	43.4
1491.2	0	96.93	29.8
1543.1	0	48.79	13.3
1549.61	0	47.38	13.87