371.84	195.48	38.36	62.99
373.37	195.56	38.48	63.31
374.9	195.63	38.6	63.65
375.6	195.71	39.55	63.98
376.25	195.79	40.55	64.31
378.48	196.2	40.02	63.98
380.7	196.62	39.5	63.63
381.1	197.03	40.8	63.3
384.18	197.45	39.42	62.95
385.24	197.54	40.41	62.91
386.3	197.64	41.4	62.86
388.61	197.4	40.79	62.7
390.91	197.17	40.19	62.53
392.59	197.1	39.94	62.43
394.27	197.03	39.68	62.32
395.95	196.96	39.43	62.22
397.64	196.88	39.16	62.12
399.92	196.51	39.73	62.19
402.2	196.13	40.3	62.27
404.48	195.76	40.87	62.34
406.76	195.38	41.44	62.42
409.18	195.55	42.2	62.4
411.59	195.71	42.96	62.39
414.01	195.88	43.72	62.37
416.42	196.04	44.48	62.36
417.49	197.7	45.31	61.75
418.56	197.36	46.14	63.14
419.63	197.03	46.97	64.52
420.7	196.69	47.8	65.91
422.2	197.93	48.32	66.05
423.7	199.17	48.85	66.18
425.2	200.41	49.37	66.32
428.48	201.65	48.12	66.45
431.3	203.6	47.65	65.62
432.8	204.8	48.5	65.55
435.15	206.05	48.5	65.42
437.5	207.3	48.5	65.3
440.22	207.8	48.48	65.45
443.41	208.2	47.99	65.7
446.6	208.6	47.5	65.95
448.39	207.54	48.41	67.66
451.47	207.86	48.42	67.83
454.56	208.17	48.42	68.01
457.64	208.49	48.42	68.17
460.72	208.8	48.43	68.35
463.81	209.12	48.43	68.52
466.89	209.44	48.44	68.69
469.98	209.75	48.43	68.86
473.06	210.07	48.44	69.03
475.48	210.7	49	69
477.9	211.33	49.55	68.97
480.32	211.96	50.11	68.94
482.73	212.59	50.67	68.91
485.15	213.22	51.23	68.88
487.57	213.85	51.78	68.85
489.99	214.48	52.34	68.82
492.41	215.12	52.89	68.78
493.4	215.46	53.83	69.1
495.47	215.81	53.68	69.41
497.53	216.15	53.54	69.74
499.6	216.5	53.4	70.05
501.94	218.8	52.98	68.41
504.27	221.1	52.58	66.77
506.61	223.4	52.16	65.14
508.95	223.9	51.75	65.3
511.24	225.1	52.26	65.46
513.54	226.3	52.76	65.62
515.83	227.5	53.27	65.79
518.12	228.7	53.78	65.95
520.42	229.9	54.28	66.11
522.71	231.1	54.79	66.27
525.01	232.3	55.29	66.44
527.3	233.5	55.8	66.6
529.88	234.2	55.61	67.37
532.45	234.6	55.42	68.45
535.03	237.25	55.23	67.27
537.61	239.9	55.04	66.1
540.13	240	54.91	67.48
542.65	240.1	54.77	68.85
545.18	240.2	54.63	70.23
547.7	240.3	54.5	71.6
549.86	241.21	54.86	71.74
552.03	242.13	55.22	71.87
554.2	243.04	55.57	72.01
556.36	243.95	55.94	72.15
558.53	244.86	56.29	72.29
560.69	245.78	56.66	72.42
562.86	246.69	57.01	72.56
565.02	247.6	57.38	72.7
566.99	248.06	57.41	72.73
568.95	248.52	57.45	72.76
570.91	248.98	57.49	72.78
572.87	249.44	57.53	72.81
574.84	249.9	57.56	72.84
576.8	250.37	57.6	72.86
578.76	250.83	57.64	72.88
580.72	251.29	57.68	72.91
582.51	254.7	58.29	70.45
584.3	255.27	58.9	70.83
586.09	255.83	59.51	71.22
587.87	256.4	60.13	71.6
589.66	259.5	59.44	69.45
591.45	259.57	58.75	70.33
593.24	259.63	58.06	71.22
595.02	259.7	57.38	72.1
597.09	261.27	57.79	71.19
599.16	262.83	58.19	70.3
601.23	264.4	58.6	69.39
603.29	263.4	59.01	71.05
605.36	263.83	58.62	71.28
607.43	264.25	58.22	71.52
609.5	264.67	57.83	71.77
611.56	265.1	57.44	72
613.25	265.9	57.63	71.69
614.93	266.69	57.82	71.38
616.61	267.49	58.01	71.07
618.29	268.29	58.21	70.76
619.98	269.09	58.4	70.45
621.66	269.88	58.59	70.14
623.34	270.68	58.78	69.83
625.02	271.48	58.98	69.52
625.79	271.78	59.18	69.92
626.56	272.09	59.39	70.31
627.33	272.4	59.59	70.7
628.11	272	59.79	71.8
628.88	272.85	60	71.65
629.65	273.7	60.2	71.5
630.42	274.55	60.41	71.35
631.19	275.4	60.61	71.2
631.97	276.73	60.68	70.84
632.74	278.07	60.76	70.48
633.52	279.4	60.83	70.12
634.3	280.35	60.9	70.15
635.41	280.23	61.27	71.05
636.53	280.12	61.62	71.93
637.64	280	61.99	72.83
638.76	279.89	62.34	73.71
640.23	281.15	61.75	73.64
641.7	282.41	61.15	73.57
643.18	283.67	60.55	73.49
644.65	284.93	59.95	73.42
646.12	286.2	60.56	73.34
647.59	287.46	61.16	73.27
649.06	288.72	61.77	73.19
650.54	289.98	62.36	73.12
652.29	291.49	62.67	73.26
654.04	292.99	62.99	73.41
655.8	294.5	63.29	73.55
657.55	296	63.6	73.7
659.3	296.2	63.91	75.15
661.05	302.8	64.23	70.2
662.81	303.12	64.53	71.53
664.56	303.44	64.84	72.86
666.56	305.67	64.84	72.13
668.55	307.9	64.85	71.4
670.55	309.2	64.85	72
672.55	311.69	64.15	72.01
674.55	312	64.33	73.3
676.54	313.2	64.51	74.3
678.54	318.8	64.68	71.95
680.54	321.66	64.86	71.44
682.54	323.38	66.46	72.32
684.54	325.1	67.26	72.83
686.54	326.82	65.91	73.35
688.53	328.53	64.57	73.87
690.53	327.5	65	77
692.53	331.25	65.42	75.35
694.53	335	65.85	73.7
696.52	335.4	66.28	75.4
698.89	337.55	65.95	75.11
701.25	339.7	65.64	74.83
703.62	341.85	65.31	74.54
703.81	344	64.99	74.25
705.63	345.3	67.27	74.81
707.46	345	66.57	76.97
709.28	347.1	65.89	76.74
711.1	349.2	65.2	76.5
712.85	350.69	65.44	76.59
714.61	352.18	65.67	76.67
716.36	353.66	65.9	76.77
718.11	355.15	66.14	76.85
719.86	356.64	66.38	76.94
721.61	358.13	66.62	77.02
723.37	359.61	66.84	77.12
725.12	361.1	67.08	77.2
726.7	364.1	67.32	75.91
728.3	366.8	67.55	74.93
729.86	367.31	67.81	76.13
731.43	367.82	68.07	77.33
732.85	369.6	68.63	77.26
734.26	371.38	69.19	77.2
735.68	373.16	69.75	77.13
737.1	374.94	70.3	77.06
738.72	376.75	70.08	77.24
740.34	378.57	69.86	77.41
741.96	380.38	69.64	77.58
743.59	382.2	69.41	77.75
744.88	382.3	69.52	79.64
746.19	384.87	69.61	79.06
747.49	387.43	69.71	78.48
748.79	390	69.81	77.9
749.89	391.52	69.98	77.92
750.99	393.03	70.16	77.95
752.1	394.55	70.32	77.98
753.2	396.07	70.5	78
754.66	399.2	70.74	76.41
756.12	399.97	70	77.19
757.58	400.73	69.27	77.97
759.04	401.5	68.53	78.74
759.96	402.88	69.02	78.2
760.87	404.25	69.51	77.68
761.78	405.62	70	77.15
762.69	407	70.5	76.62
763.6	407.19	70.99	77.27
764.51	407.37	71.48	77.94
765.42	407.56	71.98	78.59
766.34	407.74	72.46	79.26
767.42	408.3	72.47	79.4
768.51	408.86	72.47	79.54
769.6	409.42	72.46	79.68
770.68	409.98	72.47	79.82
771.77	410.54	72.47	79.96
772.86	411.1	72.47	80.1
773.94	413	72.47	78.9
775.03	410.55	72.47	82.05
775.41	411	72.75	81.91
775.8	411.46	73.01	81.77
776.19	411.91	73.28	81.63
776.57	412.37	73.56	81.48
776.96	412.83	73.83	81.33
777.34	413.28	74.1	81.2
777.73	413.74	74.37	81.05
778.12	414.19	74.58	80.91
778.89	414.23	74.54	80.91
779.66	414.26	74.49	80.91
780.43	414.3	74.45	80.91
781.2	414.33	74.4	80.91
781.97	414.37	74.36	80.91
782.74	414.4	74.31	80.91
783.51	414.44	74.27	80.91
784.29	414.47	74.21	80.91
785.11	414.47	73.95	81.09
785.94	414.47	73.68	81.27
786.77	414.47	73.42	81.44
787.59	414.47	73.16	81.62
788.42	414.47	72.89	81.8
789.25	414.47	72.63	81.98
790.07	414.47	72.37	82.15
790.9	414.47	72.1	82.33
791.05	414.58	72.65	82.5
791.21	414.68	73.19	82.67
791.36	414.79	73.74	82.84
791.52	414.89	74.28	83.01
791.67	415	74.83	83.18
791.83	415.1	75.37	83.35
791.98	415.21	75.92	83.52
792.14	415.31	76.46	83.69
792.4	415.9	76.45	83.49
792.67	416.1	76.43	83.68
792.94	415.8	76.41	84.36
793.2	437.3	76.4	63.25
793.71	438.8	76.14	62.14
794.21	440.3	75.89	61.02
794.72	443.1	75.63	58.61
795.22	445.9	75.38	56.2
794.95	444	75.61	58.35
794.67	443.91	75.86	58.69
794.39	443.83	76.1	59.02
794.11	443.74	76.34	59.36
793.83	443.66	76.58	59.69
793.56	443.57	76.82	60.03
793.28	443.49	77.06	60.36
793	443.4	77.3	60.7
792.47	439.73	77.3	64.37
791.95	436.07	77.3	68.03
791.42	432.4	77.3	71.7
790.9	427.5	77.3	76.6
790.37	425.1	77.3	79
789.85	422.7	77.3	81.4
789.32	420.3	77.3	83.8
788.8	417.9	77.3	86.2
789.11	417.3	77.3	86.55
789.43	416.7	77.29	86.9
789.74	416.1	77.3	87.25
790.06	415.5	77.29	87.6
790.37	415.54	77.29	87.31
790.69	415.58	77.28	87.02
791	415.62	77.29	86.73
791.32	415.66	77.28	86.44
791.92	414.71	77.45	86.97
792.51	413.77	77.64	87.48
793.11	412.82	77.81	88.01
793.7	411.87	78	88.53
794.3	410.93	78.17	89.05
794.89	409.98	78.36	89.57
795.49	409.03	78.53	90.1
796.09	408.09	78.71	90.61
796.96	407.3	79.18	90.25
797.84	407.3	79.63	89.1
798.71	405.03	80.1	90.22
799.59	402.76	80.56	91.34
800.47	401.9	81.02	90.48
801.34	400.41	79.96	90.24
802.22	398.92	81.18	90.01
803.1	397.43	82.4	89.77
803.97	395.75	81.63	89.98
804.85	394.07	80.85	90.18
805.72	392.39	80.08	90.39
806.6	390.71	79.3	90.59
806.92	389.02	79.08	90.81
807.23	387.34	78.87	91.01
807.55	385.66	78.65	91.22
807.86	383.97	78.44	91.43
807.83	383.6	80.77	90.29
807.79	381.44	80.81	90.94
807.76	379.27	80.84	91.59
807.72	377.11	80.88	92.24
807.69	374.75	80.73	93.09
807.65	372.4	80.6	93.93
807.62	371.8	80.46	93.01
807.58	370.2	80.32	93.1
807.72	368.85	80.63	92.97
807.87	367.5	80.93	92.85
808.01	365.3	80.84	93.57
808.15	363.1	80.75	94.3
808.29	361.85	81.24	94.3
808.43	360.6	81.72	94.3
808.57	360.09	82.21	93.56
808.71	359.58	82.69	92.82
808.71	358.74	82.83	93.35
808.71	357.89	82.97	93.89
808.71	357.05	83.1	94.41
808.71	356.2	83.24	94.95
808.71	355	83.38	95.84
808.71	354.85	83.52	95.67
808.71	354.69	83.65	95.52
808.71	354.54	83.79	95.36
808.53	353.93	83.9	95.58
808.36	353.32	83.99	95.8
808.18	352.71	84.1	96.03
808.01	352.1	84.19	96.25
807.83	351.95	84.3	96.01
807.65	351.8	84.4	95.78
807.48	350.6	83.62	96.59
807.3	349.4	84.6	97.4
807.2	348.71	84.44	97.64
807.1	348.02	84.28	97.88
807	347.33	84.11	98.12
806.9	346.64	83.95	98.36
806.8	345.95	83.79	98.6
806.22	345.26	84.11	98.84
805.64	344.57	84.42	99.08
805.06	343.88	84.74	99.32
804.81	343.43	85.79	99.38
804.57	342.97	86.83	99.45
804.32	342.51	87.88	99.53
804.08	342.06	87.52	99.59
803.83	341.6	87.17	99.66
803.59	341.15	86.81	99.72
803.34	340.69	86.46	99.8
803.1	340.24	86.1	99.86
802.25	339.82	86.35	100.14
801.41	339.4	86.59	100.43
800.57	338.98	86.83	100.71
799.73	338.55	87.07	101
798.89	338.13	87.31	101.28
798.05	337.71	87.55	101.57
797.21	337.29	87.79	101.85
796.37	336.87	88.03	102.13
795.91	336.87	87.69	102.31
795.46	336.87	87.34	102.48
795	336.87	87	102.66
794.54	336.87	86.66	102.83
794.09	336.87	86.31	103.01
793.63	336.87	85.97	103.18
793.18	336.87	85.62	103.36
792.72	336.87	85.28	103.53
791.74	336.75	85.99	104.21
790.76	336.64	86.69	104.88
789.78	336.52	87.4	105.57
788.8	336.4	88.1	106.25
787.68	337	87.12	106.21
786.56	341.6	87.91	102.18
785.44	342.4	88.69	101.94
784.31	328.46	89.49	116.44
784.31	328.3	89.14	116.8
784.31	328.13	88.79	117.18
784.31	327.97	88.44	117.54
784.31	327.8	88.09	117.91
784.31	327.85	87.74	117.74
784.31	327.9	87.39	117.57
784.31	327.95	87.04	117.4
784.31	328	86.69	117.23
783.93	328.06	87	117.75
783.54	328.12	87.31	118.27
783.16	328.17	87.62	118.81
782.77	328.23	87.93	119.33
782.39	328.29	88.24	119.86
782	328.35	88.55	120.38
781.62	328.41	88.86	120.91
781.23	328.46	89.17	121.44
781.02	329.1	89.36	121.46
780.81	329.73	89.54	121.5
780.6	330.37	89.73	121.52
780.39	331	89.91	121.55
780.18	333.3	90.49	119.91
779.97	335.6	91.08	118.27
779.76	335.26	91.66	119.28
779.55	334.91	92.25	120.29
779.21	336.21	92.64	120.18
778.88	337.51	93.02	120.07
778.54	338.8	93.41	119.96
778.2	340.1	93.8	119.85
778.26	341.4	93.99	119.79
778.31	342.69	94.19	119.74
778.37	343.99	94.38	119.67
778.43	345.29	94.57	119.61
779.35	346.86	94.12	119.98
780.28	348.44	93.67	120.33
781.2	350.02	93.22	120.69
781.23	351.6	93.67	121.05
781.93	353.17	93.6	121.42
782.63	354.75	93.52	121.78
783.33	356.33	93.45	122.13
784.04	357.9	93.36	122.5
784.53	359.69	93.57	122.71
785.02	361.48	93.78	122.92
785.51	363.27	93.99	123.13
786	365.06	94.2	123.34
786.91	367.5	94.27	122.7
787.82	369.07	94.33	123.2
788.73	370.64	94.4	123.69
789.64	372.21	94.46	124.19
790.78	374.15	94.71	124.2
791.92	376.1	94.96	124.2
793.06	378.05	95.21	124.2
794.2	380	95.46	124.2
795.59	382.8	95.71	123.02
796.97	383.57	95.96	123.88
798.35	384.34	96.22	124.73
799.74	385.11	96.46	125.59
800.93	387.25	96.32	124.8
802.12	389.4	96.18	124
803.31	391.1	97.79	123.65
804.5	391.5	97.6	124.6
805.45	391.79	98.12	125.33
806.4	392.09	98.65	126.06
807.35	392.38	99.17	126.79
808.3	392.68	99.7	127.52
810	392.99	99.19	127.87
811.7	393.31	98.67	128.21
813.4	393.62	98.16	128.57
815.1	393.94	97.65	128.91
815.89	394.25	98.05	129.26
816.67	394.57	98.45	129.6
817.46	394.88	98.85	129.96
818.24	395.2	99.26	130.3
819.31	395.58	99.31	130.44
820.37	395.97	99.38	130.58
821.44	396.35	99.43	130.72
822.5	396.74	99.5	130.86
823.3	396.6	99.7	131.53
824.1	395.6	99.91	133.05
824.9	396.4	102.1	132.78
825.7	398.9	100.31	130.8
827	398.73	100.01	131.49
828.3	398.55	99.71	132.2
829.59	398.38	99.41	132.89
830.89	398.2	99.11	133.6
831.59	398.57	99.08	133.75
832.3	398.94	99.05	133.91
833	399.31	99.02	134.06
833.7	399.69	99	134.21
834.25	399.8	98.97	134.91
834.8	399.92	98.95	135.61
835.35	400.04	98.92	136.3
835.9	400.15	98.9	137
835.62	400.27	99.45	137.69
835.34	400.39	100.01	138.39
835.07	400.51	100.55	139.08
834.79	400.62	101.11	139.78
834.61	400.59	101.4	140.05
834.44	400.56	101.69	140.32
834.26	400.54	101.98	140.57
834.09	400.51	102.26	140.84
833.91	400.48	102.55	141.11
833.74	400.45	102.84	141.38
833.56	400.42	103.13	141.64
833.39	400.39	103.41	141.91
833.15	400.68	103.33	142.34
832.92	400.97	103.23	142.78
832.69	401.26	103.14	143.21
832.45	401.56	103.05	143.64
832.22	401.85	103.26	144.07
831.99	402.14	103.46	144.51
831.75	402.43	103.68	144.94
831.52	402.73	103.88	145.37
831.51	403.77	103.25	145.4
831.5	404.81	102.63	145.44
830.63	405.86	102.86	145.46
829.77	406.9	103.08	145.5
829.12	407.6	103.09	145.87
828.48	407.69	103.1	146.86
827.84	407.78	103.1	147.84
827.2	407.87	103.1	148.83
826.2	408.17	103.31	149.24
825.2	408.46	103.53	149.66
824.2	408.76	103.74	150.07
823.2	409.06	103.95	150.48
821.89	410.1	104.47	149.91
820.58	409.93	105	150.54
819.28	409.77	105.51	151.17
817.97	409.6	106.03	151.8
816.98	410.26	105.71	151.99
815.98	410.92	105.4	152.18
814.99	411.58	105.07	152.37
814	412.24	104.75	152.56
812.36	413.32	105.08	152.33
810.73	414.4	105.39	152.1
809.09	414.64	105.72	152.71
807.46	414.88	106.04	153.32
805.79	415.32	106.46	153.76
804.13	415.76	106.87	154.19
802.46	416.2	107.29	154.63
800.8	416.63	107.7	155.07
799.13	417.07	108.12	155.51
797.47	417.51	108.53	155.94
795.8	417.95	108.95	156.38
794.14	418.39	109.36	156.81
792.78	419.19	109.35	157.06
791.42	419.99	109.33	157.31
790.06	420.8	109.32	157.55
788.7	421.6	109.3	157.8
787.35	422.26	109.28	158.19
786	422.91	109.25	158.59
784.65	423.57	109.23	158.98
783.3	424.23	109.2	159.37
782	424.37	109.3	160.32
780.7	424.51	109.4	161.27
779.4	424.66	109.5	162.2
778.1	424.8	109.6	163.15
776.01	424.7	109.99	164.54
773.91	426.1	110.39	164.43
771.81	427.5	110.79	164.31
769.72	431.47	111.18	161.63
768.48	432.03	111.32	162.31
767.24	432.58	111.46	163.01
766	433.14	111.6	163.69
764.75	433.7	111.75	164.38
763.11	435.3	111.74	164.18
761.46	436.91	111.74	163.98
759.81	438.51	111.74	163.78
758.16	440.12	111.74	163.58
756.9	440.6	108.8	164.7
755.63	441	110.24	165.9
754.37	441.4	111.66	167.1
753.1	444.67	113.1	165.43
752.61	445.93	113.16	166.07
752.12	447.19	113.23	166.71
751.64	448.44	113.28	167.36
751.15	449.7	113.35	168
750.01	451.51	114.99	168.24
748.88	453.32	116.62	168.48
747.74	455.13	118.26	168.72
746.6	456.94	119.9	168.96
746.22	458.87	120.58	169.08
745.4	461.23	121.53	168.77
744.59	463.6	122.47	168.45
744.9	464.7	122.9	169.4
744.15	465.2	124.1	171.15
743.4	467.68	125.3	170.92
742.65	470.16	126.5	170.69
741.9	472.64	127.7	170.46
741.5	473.5	128.87	172.05
741.1	475.88	131.8	172.12
740.71	478.7	132.09	171.75
740.31	480.63	132.39	172.27
739.82	481.8	134.58	174.5
738.94	484	135.93	174.74
738.06	486.19	137.28	175
737.18	488.39	138.63	175.24
736.3	490.59	139.99	175.48
736.33	492.78	140.43	175.73
736.36	494.98	140.87	175.98
736.38	497.18	141.32	176.22
736.24	499.74	141.32	176.29
736.1	502.3	141.32	176.35
735.96	504.16	141.33	177.12
735.82	506.01	141.33	177.89
735.68	507.87	141.33	178.66
735.54	509.73	141.33	179.42
735.4	511.58	141.34	180.2
735.26	513.44	141.34	180.96
734.74	515.7	142.17	181.5
734.21	517.97	143.01	182.03
733.68	520.23	143.86	182.57
733.16	522.5	144.69	183.1
732.18	525.14	145.98	183.26
731.2	527.78	147.27	183.42
731.13	530.42	147.66	183.58
731.06	533.06	148.04	183.74
731.23	535.87	148.26	183.98
731.41	538.67	148.46	184.23
731.58	541.48	148.68	185.05
731.76	544.28	148.89	185.89
731.93	547.08	149.11	186.72
732.11	549.89	149.31	187.54
732.28	552.69	149.53	188.38
732.46	555.5	149.74	189.2
732.91	557.62	151.19	189.6
733.37	559.75	152.63	190
733.83	561.88	153.17	190.39
734.28	564	151.57	190.8
734.74	565.66	152.02	191.56
735.19	567.32	152.48	192.33
735.65	568.98	152.94	193.09
736.1	570.64	153.4	193.86
736.45	572.19	154.1	193.72
736.8	573.75	154.8	193.57
737.15	575.3	155.5	193.43
737.5	575.1	156.2	195.03
737.85	575.53	156.9	195.72
738.21	575.95	157.59	196.42
738.56	576.38	158.29	197.1
738.91	576.8	158.99	197.8
739.61	577.58	159.33	198.32
740.31	578.35	159.67	198.85
741.01	579.12	160	199.38
741.71	579.89	160.34	199.91
742.41	580.66	160.68	200.44
743.11	581.43	161.02	200.97
743.81	582.2	161.35	201.5
744.51	582.97	161.69	202.03
744.69	583.64	162.11	202.7
744.86	584.3	162.54	203.38
745.03	584.97	162.97	204.04
745.2	585.64	163.4	204.71
744.89	586.3	164.31	205.39
744.58	586.97	165.22	206.06
744.26	587.63	166.14	206.73
743.95	588.3	167.05	207.4
743.71	588.58	167.12	207.9
743.46	588.86	167.19	208.4
743.22	589.14	167.26	208.9
742.97	589.42	167.33	209.4
742.73	589.7	167.4	209.9
742.48	589.4	167.47	210.4
742.24	589.1	167.54	210.9
741.99	588.8	167.61	211.4
741.71	589.7	168.1	210.64
741.43	589.1	168.6	211.38
741.15	588.5	169.09	212.11
740.87	587.9	169.58	212.85
740.59	587.3	170.07	213.59
740.31	586.7	170.57	214.33
740.03	586.1	171.06	215.06
739.75	585.5	171.55	215.8
740.73	585.1	171.42	216.32
741.71	584.7	171.29	216.83
742.69	584.3	171.16	217.35
743.67	583.9	171.03	217.86
743.95	582.7	173.35	219.3
744.23	582.7	173.67	219.53
744.51	582.7	173.99	219.77
744.79	582.69	174.31	220.01
744.86	582.65	174.54	220.61
744.93	582.6	174.77	221.22
745.01	582.55	174.99	221.84
745.08	582.5	175.22	222.45
744.8	582.33	175.2	223.07
744.51	582.15	175.19	223.69
744.23	581.98	175.17	224.31
743.95	581.8	175.15	224.93
743.01	580.97	175.4	225.55
742.06	580.13	175.67	226.17
741.11	579.3	175.93	226.78
740.17	578.46	176.18	227.41
739.22	577.63	176.44	228.02
738.28	576.79	176.7	228.64
737.33	575.96	176.96	229.26
736.38	575.12	177.22	229.88
735.41	575.7	177.3	228.92
734.44	574.16	177.39	230.09
733.47	572.63	177.47	231.24
732.5	571.09	177.55	232.41
731.28	570.08	177.88	233.04
730.07	569.07	178.21	233.68
728.85	568.06	178.54	234.32
727.64	567.05	178.86	234.95
726.29	566.08	179.04	235.67
724.94	565.12	179.21	236.38
723.6	564.15	179.38	237.1
722.25	563.18	179.55	237.82
720.91	562.22	179.72	238.53
719.56	561.25	179.89	239.25
718.22	560.28	180.06	239.97
716.87	559.31	180.23	240.69
715.18	558.98	180.63	241.7
713.48	558.64	181.04	242.71
711.79	558.31	181.45	243.72
710.1	557.97	181.85	244.73
708.01	557.63	182.65	245.75
705.91	557.3	183.46	246.75
703.82	556.96	184.27	247.77
701.73	556.62	185.07	248.78
700.5	556.67	186.1	249.33
699.27	556.72	185.71	249.88
698.03	556.78	185.34	250.42
696.8	556.83	184.95	250.97
694.6	556.88	185.89	251.52
692.4	556.93	186.83	252.07
690.2	556.98	187.76	252.62
688	557.03	188.7	253.17
686.49	557.18	189	253.88
684.97	557.33	189.31	254.6
683.46	557.48	189.6	255.31
681.95	557.63	189.9	256.02
680.43	557.79	190.21	256.72
678.92	557.94	190.51	257.44
677.4	558.09	190.81	258.15
675.89	558.24	191.11	258.86
674.88	558.09	191.47	259.61
673.87	557.94	191.83	260.36
672.86	557.79	192.19	261.11
671.85	557.63	192.55	261.87
670.84	557.48	192.91	262.62
669.83	557.33	193.27	263.37
668.82	557.18	193.63	264.12
667.81	557.03	193.99	264.87
667.24	557	194.86	265.45
666.66	556.96	195.74	266.04
666.08	556.93	196.62	266.62
665.5	556.9	197.5	267.2
666.1	556.43	197.55	268.22
666.7	555.96	197.6	269.24
667.3	555.48	197.65	270.27
667.9	555.01	197.7	271.29
668.55	554.66	197.99	271.94
669.19	554.31	198.29	272.59
669.84	553.95	198.57	273.25
670.48	553.6	198.87	273.9
671.13	553.25	199.16	274.55
671.77	552.89	199.46	275.21
672.42	552.54	199.74	275.86
673.07	552.19	200.03	276.51
673.67	551.28	200.69	277.57
674.28	550.37	201.35	278.63
674.88	549.46	202.01	279.69
675.49	548.55	202.66	280.75
676.09	547.64	203.32	281.81
676.7	546.74	203.98	282.86
677.3	545.83	204.64	283.92
677.91	544.92	205.29	284.98
678.47	544.42	206.04	285.68
679.02	543.91	206.81	286.39
679.58	543.41	207.56	287.09
680.13	542.91	208.32	287.79
680.69	542.4	209.07	288.5
681.24	541.9	209.84	289.2
681.8	541.7	210.59	289.6
682.35	539.67	211.35	291.83
682.51	539.8	212.15	292.3
682.68	539.49	212.95	293.22
682.84	539.18	213.75	294.13
683	538.87	214.55	295.04
683.65	538.16	214.86	294.64
684.29	537.45	215.19	295.85
684.94	536.74	215.5	297.06
685.58	536.04	215.82	298.26
685.78	535.18	216.9	299.09
685.98	534.32	217.97	299.91
686.19	533.46	219.04	300.74
686.39	532.6	220.11	301.57
686.59	531.74	220.16	302.56
686.79	530.89	220.21	303.54
686.99	530.03	220.26	304.54
687.2	529.17	220.3	305.53
687.23	528.01	220.81	306.19
687.26	526.85	221.31	306.85
687.3	525.69	221.81	307.51
687.33	524.53	222.32	308.17
686.69	523.37	222.82	308.83
686.05	522.21	223.32	309.49
685.41	521.05	223.83	310.15
684.77	519.88	224.33	310.82
685.13	518.17	224.32	312.21
685.48	516.45	224.33	313.6
685.83	514.74	224.33	314.99
686.19	513.02	224.32	316.38
686.54	511.3	224.33	317.93
686.89	509.59	224.33	319.46
687.25	507.87	224.32	321.01
687.6	506.16	224.33	322.54
688.66	505.75	224.58	323.35
689.72	505.35	224.82	324.15
690.78	504.95	225.07	324.95
691.84	504.54	225.32	325.76
692.9	504.14	225.57	326.56
693.96	503.73	225.82	327.37
695.02	503.33	226.07	328.17
696.08	502.93	226.32	328.97
696.43	501.47	227.08	330.48
696.79	500.01	227.84	331.99
697.14	498.56	228.6	333.49
697.49	497.1	229.36	335
697.85	496.34	229.86	335.81
698.2	495.57	230.38	336.63
698.55	494.81	230.89	337.44
698.9	494.04	231.4	338.26
699.21	493.39	230.77	339.09
699.51	492.73	230.14	339.92
699.81	492.08	229.52	340.75
700.12	491.42	228.88	341.58
700.42	490.76	228.26	343.27
700.72	490.11	227.63	344.94
701.03	489.45	227	346.63
701.33	488.8	226.37	348.3
701.88	488.98	226.57	349.05
702.44	489.17	226.76	349.8
702.99	489.35	226.96	350.55
703.55	489.54	227.15	351.3
704.1	489.56	226.35	352.04
704.66	489.57	225.54	352.8
705.21	489.59	224.74	353.54
705.77	489.6	223.93	354.3
706.78	488.49	223.77	355.06
707.79	487.38	223.61	355.82
708.8	486.27	223.45	356.58
709.81	485.16	223.29	357.34
710.82	484.05	224.66	358.9
711.83	482.94	226.02	360.46
712.84	481.83	227.39	362.02
713.85	480.72	228.75	363.58
714.81	480.72	227.69	363.58
715.76	480.72	226.64	363.58
716.72	480.72	225.58	363.58
717.68	480.72	224.52	363.58
718.64	480.72	223.66	363.58
719.6	480.72	222.8	363.58
720.56	480.72	221.94	363.58
721.52	480.72	221.08	363.58
721.87	479.27	220.48	365.38
722.22	477.81	219.88	367.19
722.58	476.36	219.27	368.99
722.93	474.9	218.67	370.8
722.27	473.02	218.48	373.03
721.62	471.15	218.28	375.25
720.96	469.27	218.09	377.48
720.3	467.4	217.9	379.7
721.11	467.95	217.19	379.25
721.92	468.51	216.48	378.79
722.72	469.06	215.78	378.34
723.53	469.62	215.07	377.88
723.82	470.17	214.48	377.43
724.12	470.73	213.88	376.97
724.41	471.28	213.29	376.52
724.7	471.84	212.7	376.06
724.55	470.18	212.65	378.07
724.4	468.52	212.6	380.08
724.25	466.86	212.55	382.09
724.1	465.2	212.5	384.1
724.77	466.05	211.63	383
725.45	466.9	210.75	381.9
726.12	467.75	209.88	380.8
726.8	468.6	209	379.7
726.6	469.3	209.2	379.86
726.4	470	209.4	380.01
726.2	470.7	209.6	380.17
726	471.4	209.8	380.33
726.19	470.1	209.61	381.07
726.38	468.79	209.42	381.82
726.57	467.49	209.23	382.57
726.77	466.19	209.03	383.31
727.12	465.53	209.03	383.16
727.47	464.87	209.04	383.01
727.82	464.22	209.04	382.86
728.18	463.56	209.03	382.71
728.53	461.9	209.04	382.55
728.88	460.23	209.04	382.4
729.24	458.57	209.03	382.25
729.59	456.9	209.04	382.1
730.3	455.64	209.24	381.14
731	454.38	209.44	380.17
731.71	453.12	209.64	379.21
732.42	451.86	209.84	378.24
733.12	450.59	210.05	377.29
733.83	449.33	210.25	376.32
734.54	448.07	210.45	375.36
735.24	446.81	210.66	374.39
736.76	443.33	210.85	376.21
738.27	439.85	211.06	378.03
739.79	436.38	211.25	379.83
741.3	432.9	211.45	381.65
742.81	440.5	211.65	372.39
744.33	440.58	211.85	370.65
745.84	440.67	212.05	368.89
747.36	440.75	212.24	367.15
749.32	438.99	212.41	368.15
751.28	437.22	212.57	369.16
753.24	435.45	212.74	370.16
755.2	433.69	212.9	371.16
757.38	432.01	212.85	372.08
759.55	430.34	212.8	372.98
761.73	428.67	212.74	373.89
763.9	427	212.7	374.8
765.42	425.74	212.64	375.81
766.93	424.48	212.59	376.82
768.45	423.22	212.54	377.83
769.96	421.97	212.49	378.83
771.48	420.71	212.43	379.84
772.99	419.45	212.38	380.85
774.51	418.19	212.33	381.86
776.02	416.93	212.28	382.87
776.88	415.27	212.48	383.77
777.74	413.62	212.68	384.66
778.6	411.96	212.89	385.55
779.46	410.3	213.09	386.45
779.72	409.43	213.89	386.56
779.98	408.57	214.69	386.66
780.24	407.7	215.5	386.76
780.5	406.84	216.3	386.86
781.1	406.28	216.56	386.66
781.7	405.72	216.82	386.45
782.3	405.16	217.09	386.25
782.9	404.6	217.35	386.05
782.9	404.86	218.21	385.03
782.89	405.11	219.08	384.01
782.89	405.37	219.95	382.99
782.89	405.63	220.81	381.97
783.09	404.92	222.07	382.28
783.29	404.21	223.33	382.59
783.49	403.51	224.6	382.89
783.7	402.8	225.85	383.2
783.9	401.9	227.01	383.7
784.1	401	228.17	384.2
784.3	400.1	229.34	384.7
784.5	399.2	230.5	385.2
785.27	399.25	230.79	385.96
786.03	399.3	231.09	386.72
786.79	399.35	231.4	387.49
787.55	399.4	231.7	388.25
788.31	399.45	232	389.01
789.08	399.5	232.3	389.77
789.84	399.55	232.6	390.54
790.6	399.6	232.9	391.3
791.81	398.49	233	393.67
793.01	397.38	233.11	396.05
794.22	396.27	233.22	398.42
795.43	395.16	233.32	400.79
796.63	394.05	233.43	403.16
797.84	392.94	233.54	405.54
799.05	391.83	233.64	407.91
800.25	390.72	233.75	410.28
800.46	390.56	234.7	410.64
800.68	390.41	235.64	410.99
800.89	390.26	236.6	411.34
801.1	390.11	237.55	411.69
802.1	392.6	237.71	409.4
803.1	391.57	237.87	410.63
804.1	390.54	238.04	411.86
805.1	389.5	238.2	413.1
805.86	391.38	238.45	411.88
806.61	393.25	238.71	410.68
807.37	395.13	238.97	409.46
808.13	397	239.22	408.25
808.88	396.84	239.48	409.07
809.64	396.68	239.73	409.9
810.4	396.53	239.99	410.71
811.16	396.37	240.24	411.53
813	397.3	239	410.9
813.08	397.79	237.62	410.71
813.17	398.28	238.45	410.52
813.25	398.77	239.28	410.33
813.33	399.26	240.12	410.14
813.42	399.75	240.95	409.95
813.5	400.24	241.78	409.76
813.58	400.73	242.62	409.57
815.34	400.31	241.77	409.57
817.1	399.88	240.93	409.57
818.85	399.46	240.09	409.57
820.61	399.03	239.24	409.57
822.36	398.61	238.4	409.57
824.12	398.19	237.56	409.56
825.88	397.76	236.71	409.57
827.63	397.34	235.87	409.56
828.97	396.37	236.41	410.34
830.3	395.4	236.95	411.13
831.63	394.43	237.49	411.91
832.96	393.46	238.04	412.69
834.3	392.49	238.58	413.47
835.63	391.53	239.12	414.25
836.96	390.56	239.66	415.03
838.29	389.59	240.21	415.81
840.47	389.1	239.46	415.5
842.65	388.62	238.7	415.18
844.83	388.13	237.95	414.87
847.01	387.65	237.19	414.55
848.49	387.16	236.71	415.24
849.96	386.68	236.24	415.92
851.43	386.2	235.77	416.6
852.9	385.71	235.3	417.29
855	390.9	234.41	413.55
857.1	391.92	233.53	413.98
859.2	392.93	232.64	414.42
861.3	393.95	231.75	414.85
863.48	396.01	230.78	414.24
865.65	398.07	229.83	413.63
867.83	400.13	228.86	413.02
870	402.19	227.9	412.41
872.6	404.06	226.32	412.42
875.2	405.94	224.75	412.41
877.8	407.82	223.17	412.41
880.4	409.7	221.6	412.4
882.9	411.57	220.12	412.41
885.4	413.45	218.65	412.4
887.9	415.33	217.17	412.4
890.4	417.21	215.7	412.39
892.79	416.53	213.8	413.43
895.18	415.85	211.89	414.48
897.57	415.18	209.99	415.51
899.96	414.5	208.09	416.55
902.35	413.83	206.19	417.58
904.74	413.15	204.28	418.63
907.13	412.48	202.38	419.66
909.52	411.8	200.48	420.7
911.64	410.55	199.51	422.01
913.76	409.3	198.54	423.32
915.88	408.05	197.57	424.64
918	406.8	196.6	425.95
920.12	406.13	195.63	426.68
922.24	405.45	194.66	427.42
924.36	404.78	193.69	428.16
926.48	404.1	192.72	428.9
928.41	404.1	189.24	428.78
930.35	404.11	185.75	428.64
932.29	404.11	184.54	428.52
934.23	404.12	183.32	428.38
936.17	404.12	182.11	428.26
938.1	404.12	180.9	428.13
940.04	404.13	179.66	428
941.98	404.13	178.42	427.87
944.4	403.89	176.94	428.23
946.82	403.65	175.45	428.58
949.25	403.4	173.96	428.95
951.67	403.16	172.48	429.31
954.09	402.92	171	429.66
956.51	402.67	169.51	430.03
958.94	402.43	166.26	431.87
961.36	402.19	166.54	435.61
963.78	406.24	165.33	432.77
966.2	410.29	164.12	429.94
968.63	414.35	162.91	427.09
971.05	418.4	161.7	424.25
973.47	415.68	160.49	428.18
975.89	412.96	159.28	432.12
978.32	410.24	158.07	436.05
980.74	407.52	156.86	439.98
982.61	409.51	155.97	437.8
984.47	411.51	155.08	435.62
986.34	413.5	154.19	433.44
988.2	415.5	153.3	431.25
990.83	416.18	151.65	430.38
993.45	416.85	150	429.53
996.08	417.53	148.35	428.66
998.7	418.2	146.7	427.8
993.48	416.38	150.94	429.02
988.25	414.56	155.2	430.24
983.03	412.74	159.44	431.46
977.8	410.92	163.7	432.68
973.33	409.1	167.19	433.9
968.85	407.28	170.7	435.12
964.38	405.46	174.19	436.34
959.9	403.64	177.7	437.56
958.88	401.04	178.06	439.56
957.85	398.44	178.42	441.56
956.83	395.83	178.78	443.57
955.8	393.23	179.15	445.57
956.73	390.63	177.56	447.57
957.65	388.02	175.97	449.58
958.58	385.42	174.38	451.58
959.5	382.81	172.8	453.59
958.7	380.63	172.87	454.26
957.91	378.45	172.94	454.93
957.11	376.27	173.01	455.59
956.31	374.09	173.09	456.26
955.51	371.91	173.16	456.93
954.72	369.73	173.23	457.6
953.92	367.55	173.3	458.26
953.12	365.37	173.38	458.93
953.12	364.16	172.71	458.93
953.12	362.95	172.03	458.93
953.12	361.74	171.36	458.92
953.12	360.53	170.68	458.92
953.12	359.31	168.33	458.93
953.12	358.1	165.98	458.93
953.12	356.89	163.63	458.92
953.12	355.68	161.28	458.92
953.3	355.19	161.76	459.36
953.49	354.71	162.23	459.79
953.67	354.22	162.72	460.23
953.85	353.74	163.2	460.66
954.03	353.26	163.81	458.89
954.21	352.77	164.41	457.13
954.4	352.29	165.01	455.36
954.58	351.8	165.62	453.6
955.91	351.32	165.25	452.69
957.24	350.83	164.89	451.8
958.57	350.35	164.52	450.89
959.9	349.86	164.15	449.99
961.72	349.38	163.29	449.08
963.54	348.89	162.44	448.19
965.36	348.41	161.58	447.28
967.18	347.92	160.72	446.38
968.03	347.62	160.47	445.59
968.89	347.32	160.21	444.81
969.74	347.02	159.96	444.02
970.6	346.71	159.7	443.24
972.41	346.41	158.49	442.45
974.22	346.11	157.28	441.67
976.03	345.8	156.07	440.89
977.83	345.5	154.87	440.1
977.47	345.5	156.26	439.25
977.11	345.5	157.64	438.4
976.74	345.5	159.04	437.55
976.38	345.5	160.42	436.7
976.02	345.5	161.81	435.85
975.66	345.5	163.19	435
975.29	345.5	164.59	434.15
974.93	345.5	165.97	433.3
974.75	347.14	166.09	431.24
974.57	348.77	166.21	429.18
974.38	350.41	166.33	427.12
974.2	352.04	166.45	425.06
974.02	353.68	166.57	423
973.84	355.31	166.69	420.94
973.66	356.95	166.8	418.88
973.48	358.58	166.92	416.82
971.23	360.89	169.42	413.85
968.99	363.19	171.91	410.88
966.74	365.5	174.41	407.91
964.5	367.8	176.9	404.95
961.78	368.4	179.87	403.69
959.06	369.01	182.84	402.41
956.33	369.61	185.82	401.15
953.61	370.21	188.79	399.89
950.7	370.36	191.15	398.71
947.8	370.5	193.5	397.55
944.89	370.6	195.86	396.42
941.98	374.33	198.22	391.67
939.08	375.36	201.07	389.61
936.17	376.39	203.93	387.56
933.26	377.42	206.79	385.5
930.36	378.45	209.64	383.45
927.57	379.54	212.26	381.02
924.78	380.63	214.87	378.6
922	381.72	217.48	376.17
919.21	382.81	220.09	373.74
916.43	383.9	223.17	371.31
913.64	384.99	226.26	368.89
910.85	386.08	229.35	366.46
908.07	387.17	232.43	364.03
905.77	388.2	235.09	361.19
903.47	389.23	237.76	358.35
901.16	390.26	240.43	355.5
898.86	391.29	243.09	352.66
896.56	392.32	245.75	349.82
894.26	393.35	248.42	346.98
891.96	394.38	251.08	344.13
889.66	395.41	253.74	341.29
887.72	395.53	255.87	339
885.78	395.65	258	336.7
883.84	395.77	260.12	334.41
881.9	395.89	262.25	332.11
880.93	396.01	263.41	329.82
879.96	396.13	264.57	327.52
879	396.26	265.71	325.22
878.03	396.38	266.87	322.92
877	396.26	268.2	321.17
875.97	396.14	269.53	319.41
874.94	396.02	270.86	317.66
873.91	395.9	272.19	315.9
872.88	396.5	273.52	313.43
871.85	397.11	274.85	310.94
870.82	397.71	276.18	308.47
869.79	398.31	277.51	305.99
868.76	398.56	278.54	303.93
867.73	398.81	279.57	301.87
866.71	399.05	280.59	299.81
865.68	399.3	281.62	297.75
864.65	400.27	282.65	294.97
863.62	401.23	283.68	292.2
862.59	402.2	284.71	289.41
861.56	403.16	285.74	286.64
860.7	403.55	285.74	286.5
859.84	403.93	285.74	286.37
858.98	404.32	285.73	286.23
858.13	404.7	285.72	286.1
857.27	404.82	285.72	286.23
856.41	404.94	285.72	286.36
855.55	405.06	285.71	286.49
854.7	405.18	285.7	286.62
853.27	404.48	285.97	288.12
851.85	403.77	286.23	289.63
850.43	403.06	286.48	291.14
849	402.36	286.75	292.64
846.59	401.65	288	293.65
844.18	400.94	289.25	294.66
841.77	400.24	290.49	295.66
839.35	399.53	291.75	296.67
836.42	398.67	292.5	298.49
833.48	397.82	293.27	300.31
830.54	396.96	294.03	302.13
827.6	396.1	294.8	303.95
827.11	395.24	293.11	305.77
826.61	394.38	291.44	307.6
826.12	393.53	289.75	309.41
825.63	392.67	288.07	311.23
824.21	391.98	286.91	312.73
822.8	391.28	285.75	314.24
821.39	390.59	284.58	315.75
819.97	389.9	283.43	317.25
818.56	390.89	282.26	317.07
817.15	391.89	281.1	316.88
815.74	392.88	279.93	316.71
814.32	393.88	278.78	316.52
812.2	394.2	277.72	317.01
810.08	394.51	276.67	317.52
807.97	394.83	275.6	318.01
805.85	395.15	274.55	318.5
803.73	395.47	273.49	318.99
801.61	395.78	272.44	319.5
799.49	396.1	271.38	319.99
797.37	393.88	270.33	323.02
796.11	394.74	268.15	323.02
794.84	395.59	265.99	323.04
793.58	396.45	263.81	323.04
792.32	397.31	261.63	323.04
791.06	398.17	259.45	323.04
789.8	399.03	257.28	323.05
788.54	399.88	255.1	323.06
787.27	400.74	252.93	323.06
785.31	401.65	251.4	322.4
783.34	402.56	249.89	321.74
781.37	403.47	248.37	321.08
779.4	404.38	246.85	320.42
777.43	405.28	245.33	319.77
775.46	406.19	243.82	319.11
773.5	407.1	242.29	318.45
771.53	408.01	240.77	317.79
769.51	407.86	239.3	317.84
767.49	407.71	237.84	317.89
765.47	407.55	236.37	317.95
763.45	407.4	234.9	318
761.43	407.25	233.43	318.05
759.42	407.1	231.96	318.1
757.4	406.95	230.49	318.15
755.38	406.8	229.02	318.2
755.92	408.01	230.01	318.15
756.46	409.22	230.99	318.1
757	410.43	231.98	318.06
755.87	411.64	234.63	318.01
754.74	412.85	237.29	317.96
753.61	414.06	239.94	317.91
752.47	415.27	242.61	317.87
751.34	416.49	245.26	317.81
750.87	419.87	245.38	316.35
750.41	423.25	245.49	314.89
749.94	426.63	245.61	313.43
749.47	430.01	245.73	311.97
749	433.39	245.85	310.51
747.09	436.77	247.41	310.26
745.18	440.16	248.97	310.01
743.27	443.54	250.53	309.76
742.16	447.52	248.61	308.08
741.05	451.51	246.7	307.98
739.94	455.5	244.78	307.87
738.83	459.48	242.87	307.78
737.72	463.47	240.95	307.67
736.61	467.46	239.04	307.57
735.5	471.44	237.12	307.47
734.38	475.43	235.22	307.37
730.85	480.5	235.48	307.08
727.32	485.57	235.73	306.78
723.79	490.63	235.99	306.5
720.25	495.7	236.25	306.2
716.72	501.74	236.51	305.89
713.19	507.77	236.76	305.58
709.66	513.81	237.02	305.27
706.12	519.84	237.28	304.96
702.64	524.89	237.84	304.96
699.16	529.94	238.39	304.96
695.68	534.99	238.95	304.96
692.2	540.03	239.5	304.97
691.88	545.08	236.9	304.97
691.55	550.13	234.3	304.97
691.23	555.18	231.7	304.97
690.9	560.22	229.1	304.98
688.11	563	227.8	306.34
685.32	565.77	226.51	307.71
682.53	568.55	225.21	309.06
679.74	571.33	223.91	310.42
676.95	574.1	222.61	311.79
674.16	576.88	221.32	313.15
671.37	579.65	220.02	314.51
668.58	582.43	218.72	315.87
666.31	584.8	218.17	317.69
664.03	587.17	217.62	319.51
661.76	589.55	217.07	321.31
659.49	591.92	216.51	323.13
657.22	594.29	215.96	324.95
654.95	596.66	215.4	326.77
652.68	599.03	214.85	328.58
650.41	601.41	214.29	330.39
643.18	605.39	213.84	332.16
635.95	609.38	213.4	333.92
628.73	613.37	212.94	335.68
621.5	617.35	212.5	337.45
618.33	621.34	207.99	339.21
615.15	625.33	203.5	340.97
611.98	629.32	198.99	342.73
608.8	633.3	194.5	344.5
602.24	638.2	194.8	344.45
595.68	643.09	195.1	344.41
589.12	647.99	195.39	346.44
582.56	652.88	195.69	348.49
576	657.78	195.99	350.52
569.44	662.67	196.29	352.56
562.88	667.57	196.58	354.6
556.32	672.46	196.88	356.64
551.35	677.82	197.31	359.26
546.38	683.18	197.75	361.87
541.42	688.54	198.17	364.49
536.45	693.9	198.6	367.1
531.49	698.23	199.02	366.07
526.52	702.55	199.45	365.05
521.55	706.88	199.89	364.02
516.59	711.2	200.31	363
511.93	716.05	199.33	358.87
507.26	720.9	198.36	354.75
502.6	725.75	197.39	350.62
497.94	730.59	196.41	346.51
493.27	735.44	195.44	342.38
488.61	740.29	194.46	338.26
483.95	745.14	193.49	334.13
479.29	749.99	192.51	330.01
473.11	758.16	192.22	321.84
466.93	766.34	191.92	313.66
460.75	774.52	191.63	305.48
454.58	782.69	191.32	297.31
448.4	790.87	191.03	289.13
442.22	799.05	190.73	280.95
436.04	807.22	190.44	272.78
429.87	815.4	190.13	264.6
421.08	822.97	192.87	257.03
412.28	830.54	195.62	249.46
403.49	838.11	198.36	241.89
394.7	845.68	201.1	234.32
396.1	853.25	193.65	226.75
397.51	860.82	186.19	219.18
398.91	868.39	178.74	211.61
400.31	875.96	171.29	204.04
397.3	888.4	162.34	191.6
394.28	900.83	153.41	179.17
391.27	913.27	144.46	166.73
388.26	925.7	135.52	154.3
385.24	938.14	126.58	141.86
382.23	950.57	117.64	129.43
379.21	963.01	108.7	116.99
376.2	975.44	99.76	104.56
373.18	987.88	90.82	92.12
