957.8	274.4	342.1	529.4
958.78	269.1	341.36	532.87
959.76	263.8	340.62	536.34
960.74	258.5	339.88	539.81
961.72	256.23	339.14	540.25
962.7	253.96	338.4	540.69
963.68	251.69	337.66	541.13
964.66	249.41	336.92	541.58
965.64	247.14	336.18	542.02
966.62	244.87	335.44	542.46
967.6	242.6	334.7	542.9
969.01	239.79	335.83	544.83
970.42	236.98	336.96	546.76
971.83	234.17	338.09	548.69
973.24	231.36	339.22	550.62
974.65	228.55	340.35	552.55
976.06	225.74	336.4	554.48
977.47	222.93	332.45	556.41
978.88	220.12	328.5	558.34
980.29	217.31	324.55	560.27
981.7	214.5	320.6	562.2
981.5	210.1	321.53	565.68
981.3	205.7	322.46	569.16
990.67	201.3	313.82	572.64
993.66	200.91	311.54	572.11
994.02	200.53	311.91	571.57
994.38	200.14	312.29	571.04
994.74	199.76	312.66	570.5
995.1	199.37	313.03	569.97
1003.35	198.99	305.52	569.43
1011.6	198.6	298	568.9
1016	195.17	295.07	572.33
1020.4	191.73	292.14	575.77
1024.8	188.3	289.21	579.2
1029.2	188.9	292.61	578.6
1033.6	189.5	296.01	578
1038	190.1	299.4	577.4
1042.4	190.7	302.8	576.8
1046.8	191.3	306.2	576.2
1051.2	191.9	287.45	575.6
1055.6	192.5	268.7	575
1059.08	182.4	239.12	584.68
1066.8	178.93	234.3	591.97
1070.05	167	236.21	603.24
1073.29	164.55	238.13	605.04
1076.52	162.1	240.06	606.83
1079.76	159.65	241.98	608.63
1083	157.2	243.91	610.42
1086.25	158.5	237.35	608.47
1089.51	153.6	237.49	612.71
1092.76	148.7	237.64	616.96
1096.02	143.8	237.78	621.2
1099.27	138.9	237.93	625.44
1102.52	134	238.08	629.69
1105.78	129.1	238.22	633.93
1111.1	122.8	256	639.58
1113.94	121.54	258.56	640.18
1116.78	120.28	273.72	640.79
1119.62	119.02	272.05	641.39
1122.46	117.76	270.37	642
1125.3	116.5	268.7	642.6
1125.94	110.8	246.96	649.14
1126.57	111.77	234.73	649.02
1127.21	106.4	216.89	655.23
1127.84	107.74	214.96	654.74
1128.47	109.08	220.91	654.24
1129.11	110.42	226.85	653.75
1129.74	111.76	232.8	653.25
1130.38	113.11	238.74	652.75
1131.01	114.45	244.69	652.25
1135.86	117.92	241.5	649.63
1140.7	121.4	238.33	647
1131.27	122.27	249.42	646.97
1121.83	123.13	260.52	646.95
1112.4	124	271.62	646.93
1114.6	124.87	271.08	646.9
1112.9	125.73	287.1	646.89
1119.17	126.6	292.03	646.86
1125.45	127.47	288.45	646.84
1131.72	128.33	276.48	646.83
1138	129.2	256	646.8
1134.62	130.36	244.08	647.44
1131.25	131.52	239.25	648.07
1127.88	132.68	222.22	648.71
1124.5	133.84	219.1	649.34
1121.12	135	218.68	649.98
1121.96	136.16	214.44	650.61
1122.8	137.32	243.9	651.25
1118.78	138.48	244.14	651.88
1114.75	139.64	244.39	652.52
1110.73	140.8	244.63	653.15
1106.71	141.96	244.87	653.79
1102.68	143.12	245.12	654.42
1098.66	144.28	258.89	655.06
1094.64	145.44	272.66	655.69
1090.62	146.6	279.36	656.33
1086.59	147.76	286.08	656.96
1082.57	148.92	292.78	657.6
1078.55	150.08	299.48	658.23
1074.52	151.24	306.2	658.87
1070.5	152.4	312.9	659.5
1065.2	152.4	319.26	660.98
1059.9	152.4	325.62	662.46
1058.59	155.93	330.09	660.41
1057.28	159.47	334.56	658.35
1055.96	163	339.04	656.3
1054.65	160.8	340.15	659.98
1053.34	158.7	348.66	663.56
1052.03	156.6	357.17	667.14
1050.71	154.5	350.89	670.72
1049.4	152.4	344.6	674.3
1047.5	152.33	333.1	675.99
1045.6	145.9	330.37	684.04
1043.7	141.8	315	689.76
1041.8	138.95	312.73	694.23
1039.9	136.1	310.47	698.7
1038	136.67	306.51	699.75
1036.1	137.24	302.56	700.8
1034.2	137.8	298.61	701.86
1032.3	138.37	294.65	702.91
1030.4	138.94	290.7	703.96
1028.5	135.3	288.85	709.22
1026.6	131.9	287.01	714.24
1026.47	132.92	284.45	714.84
1026.33	133.94	281.91	715.44
1026.2	134.96	279.35	716.04
1026.07	135.99	276.8	716.63
1025.93	137.01	274.25	717.23
1025.8	138.03	271.7	717.83
1023.02	139.05	264.58	718.43
1020.23	140.07	257.47	719.03
1017.45	141.09	250.35	719.63
1014.67	142.12	247.93	720.22
1011.88	143.14	245.52	720.82
1009.1	144.16	243.1	721.42
995.75	145.18	249.1	722.02
982.4	146.2	255.1	722.62
984.9	147.22	247.4	723.22
987.4	148.25	239.7	723.81
989.9	149.27	246.75	724.41
992.4	150.29	253.8	725.01
988.39	150.6	241.36	726.18
984.38	150.92	228.92	727.34
980.37	151.24	219.28	731.69
976.36	151.55	209.64	736.05
978.7	151.87	210.27	736.81
976.8	152.18	215.14	737.58
976.4	152.5	218.51	738.34
976	152.81	221.88	739.11
975.6	153.13	225.24	739.88
975.2	153.44	228.61	740.65
968.9	153.76	237.88	741.41
962.6	154.07	247.15	742.18
956.3	154.39	256.42	742.94
950	154.7	265.69	743.71
943.7	155.02	267.59	744.47
937.4	155.33	269.5	745.25
931.1	155.65	274.5	746.01
924.8	155.97	290.1	746.77
918.5	156.28	305.7	747.54
912.2	156.6	321.3	748.3
905.66	155.33	335.34	752.82
899.11	154.07	349.39	757.33
898.91	158.08	354.84	750.73
898.7	162.1	360.3	744.12
891.37	160.17	366.43	743.46
884.03	158.25	370.17	742.79
876.69	156.32	373.91	742.14
866.2	154.39	377.67	741.48
855.7	152.47	381.43	740.81
845.2	150.54	385.2	740.15
834.7	148.61	374.9	739.49
828.77	146.69	385.13	738.82
822.84	144.76	379.56	738.16
816.91	142.83	381.19	737.5
810.98	140.9	382.82	736.84
805.05	138.98	384.45	736.18
799.12	137.05	386.08	735.52
793.19	135.12	387.71	734.86
787.26	133.2	389.34	734.19
781.33	131.27	390.97	733.53
778.27	129.69	389.48	731.31
775.21	128.1	387.99	729.1
775.31	126.52	384.34	726.88
775.41	124.94	380.69	724.66
775.5	123.35	377.05	722.45
775.6	121.77	373.4	720.23
776.8	120.19	371.3	718.01
777.9	118.6	371.58	715.8
773.08	117.02	373.54	713.58
768.27	115.44	375.49	711.36
763.45	113.85	377.45	709.15
758.63	112.27	382.97	706.93
753.82	110.68	388.48	704.72
749	109.1	396.69	699.85
744.18	107.52	404.89	694.98
739.37	105.93	413.09	690.12
734.55	104.35	421.29	685.25
729.73	102.77	429.5	686.56
724.92	101.18	437.69	687.89
720.1	99.6	445.9	689.2
716.3	98.2	455.33	691.24
712.5	96.8	464.77	693.27
708.7	95.4	474.2	695.31
704.9	95.65	485.4	695.69
701.1	95.89	498.2	696.09
697.3	89.8	499.78	702.81
693.5	90.5	516.1	694.3
689.7	87	521.8	699.08
685.9	83.5	527.5	703.87
682.1	84.96	529.8	703.69
678.3	86.43	532.1	703.51
674.5	87.89	534.4	703.33
670.7	89.35	530.03	703.16
666.9	90.82	525.67	702.97
663.1	92.28	521.3	702.8
659.3	93.74	519.3	702.62
655.5	95.21	517.3	702.44
651.7	96.67	515.3	702.26
647.9	98.14	513.3	702.08
644.1	99.6	521.9	701.9
644.84	103.19	518.16	700.21
645.58	106.78	523.12	698.52
646.32	110.37	528.08	696.83
642.88	113.96	531.11	695.14
639.45	117.55	534.13	693.45
636.01	121.14	537.16	691.76
632.58	124.73	540.18	690.07
629.14	128.32	543.2	688.38
625.71	131.91	546.22	686.69
622.27	135.5	549.25	685
618.84	139.09	552.27	683.31
615.4	142.68	555.3	681.62
628.4	146.27	543.3	679.93
628.55	149.86	545.15	678.24
628.7	153.45	547.1	676.55
634.74	157.04	542.06	674.86
640.78	160.63	539.64	673.17
646.82	164.22	537.23	671.48
652.86	167.81	534.81	669.79
658.9	171.4	532.4	668.1
668.93	174.46	524.27	666.2
678.95	177.52	516.15	664.3
688.98	180.58	508.02	662.4
699	183.64	499.9	660.5
701.11	186.7	503.89	658.6
715.9	189.76	490.72	656.7
707.27	192.82	500.97	654.8
698.63	195.88	511.23	652.9
690	198.94	521.48	651
690.9	202	522.2	649.1
698.2	205.06	516.52	647.2
688.6	208.12	527.74	652.38
694.12	211.18	523.84	649.6
699.65	214.24	519.93	646.81
705.17	217.3	516.03	644.03
710.7	220.36	512.12	641.24
716.22	223.42	508.22	638.46
721.75	226.48	504.31	635.67
727.27	229.54	500.41	632.89
732.8	232.6	496.5	630.1
731.64	236.79	493.67	627.39
730.48	240.97	490.85	624.68
729.32	245.16	488.02	621.97
728.16	249.34	485.2	619.26
727	253.53	482.37	616.55
725.84	257.71	479.55	613.84
724.68	261.9	476.72	611.13
723.52	261.92	471.58	612.58
722.36	261.93	466.44	614.05
721.2	261.95	461.3	615.5
720.04	261.96	456.16	616.97
718.88	261.98	451.02	618.42
717.72	261.99	445.88	619.89
716.56	262.01	440.74	621.34
715.4	262.02	435.6	622.81
714.24	262.04	430.46	624.26
713.08	262.05	425.32	625.73
711.92	262.07	420.18	627.18
710.76	262.08	415.04	628.65
709.6	262.1	409.9	630.1
707.49	261.25	416.41	631.05
705.38	260.41	422.92	632
703.27	259.56	429.43	632.95
679	258.72	454.79	633.9
671.6	257.87	463.28	634.85
667.1	257.03	468.86	635.8
662.6	256.18	474.45	636.75
662.97	261.7	475.17	631.34
660.18	260.33	479.05	632.82
657.38	258.95	482.94	634.3
654.59	257.58	486.82	635.78
651.8	256.2	490.7	637.26
653.75	254.83	489.83	638.74
655.7	253.45	488.97	640.22
657.65	252.08	488.11	641.7
659.6	250.7	487.25	643.18
661.55	249.33	486.39	644.66
663.5	247.95	485.52	646.14
665.45	246.58	484.66	647.62
667.4	245.2	483.8	649.1
671.83	243.73	479.57	650.77
676.25	242.25	475.35	652.45
680.67	240.77	471.13	654.13
685.1	239.3	466.9	655.8
693.2	237.82	460.99	659.47
701.3	236.35	455.09	663.14
709.4	234.88	449.18	666.8
714.93	230.23	443.21	670.48
720.47	225.59	437.22	674.15
726	220.95	431.25	677.81
720.3	216.31	436.5	681.48
720.76	216.24	439.41	685.15
721.21	216.17	442.32	688.82
721.67	216.11	445.23	692.48
722.12	216.04	448.15	696.15
722.58	215.97	451.05	699.83
723.03	215.9	453.97	703.5
723.49	215.84	456.88	707.16
723.94	215.77	459.79	710.83
724.4	215.7	462.7	714.5
721.87	213.8	464.08	719.25
719.33	211.9	465.47	724
716.8	210	466.83	728.75
714.26	208.1	468.21	733.5
711.73	206.2	469.57	738.25
709.19	204.3	470.94	743
706.66	202.4	472.31	747.75
704.12	200.5	473.68	752.5
701.59	198.6	477.21	756.3
699.05	196.7	480.75	760.1
696.52	194.8	484.28	763.9
693.98	192.9	487.82	767.7
691.45	191	475.95	771.5
688.91	189.1	474.96	772.4
686.38	187.2	473.96	773.3
683.84	185.3	472.97	774.2
681.31	183.4	471.98	775.1
678.77	181.5	470.99	776
676.24	179.6	469.99	776.9
673.7	177.7	469	777.8
672.54	175.57	478.56	775.92
671.38	173.43	488.12	774.05
670.22	171.3	491.36	772.17
669.06	169.17	494.6	770.29
667.9	167.03	497.84	768.42
666.74	164.9	501.08	766.54
665.58	162.77	504.32	764.66
664.42	160.63	507.56	762.79
663.26	158.5	510.8	760.91
662.1	156.37	514.04	759.03
660.94	154.23	517.28	757.15
659.78	152.1	520.52	755.27
658.62	149.97	519.13	753.39
657.46	147.83	517.74	751.52
656.3	145.7	519.4	749.64
655.14	143.57	518.66	747.76
653.98	141.43	507.42	745.89
652.82	139.3	504.98	744.01
651.66	128.95	495.04	750.35
650.5	118.6	495.7	756.69
648.5	117.01	491.3	752.92
646.49	115.43	486.91	749.15
644.49	113.84	491.24	745.38
642.48	112.26	495.57	741.6
640.48	110.67	499.9	737.83
638.47	109.09	504.23	734.06
636.47	107.5	508.56	730.29
634.46	105.92	512.89	726.51
632.46	104.33	517.22	722.74
630.45	102.75	521.55	718.97
628.45	101.17	522.55	715.19
626.44	99.58	523.56	711.42
624.44	98	516.64	706.62
622.43	96.41	509.72	701.84
620.43	94.83	502.8	697.05
618.42	93.24	495.88	692.26
616.42	91.66	500.38	689.14
614.41	90.07	516.59	688.46
612.41	88.49	509.99	687.78
610.4	86.9	510.4	680.1
611.15	87.32	519.65	681.07
611.9	87.74	511.4	682.03
612.65	88.17	513.65	679.49
613.4	88.59	510.6	676.96
612.16	90.99	519.64	670.91
610.91	93.39	523.39	664.86
609.67	95.79	527.03	658.81
608.43	98.19	528.35	655.79
607.18	100.59	529.68	652.77
605.94	102.99	531	649.75
604.69	105.39	532.33	646.73
603.45	107.79	533.65	643.71
602.21	110.19	534.19	644.36
600.96	112.6	527.84	645
599.72	115	536.68	639
598.47	117.4	540.23	633
597.23	119.8	540.17	627
595.99	122.2	539.01	637.7
594.74	124.6	539.66	628.6
593.5	127	544.9	636.4
591.18	129.64	555.92	629.86
588.86	132.28	544.34	635.7
586.54	134.92	547.16	634.54
584.22	137.56	549.98	633.39
581.9	140.2	555.2	632.23
579.58	142.84	543.22	631.07
577.26	145.48	531.24	629.91
574.94	148.12	519.26	628.75
572.62	150.76	507.28	627.59
570.3	153.4	495.3	626.44
567.98	156.04	490.02	625.28
565.66	158.68	493.44	624.12
563.34	161.32	495.23	622.05
561.02	163.96	497.01	619.97
558.7	166.6	498.8	617.9
556.38	169.24	499.62	609.96
554.06	171.88	506.09	604.72
551.74	174.52	512.56	599.48
549.42	177.16	508.68	598.94
547.1	179.8	504.8	598.4
546.36	178.96	504.74	603.44
545.62	178.11	506.88	604.19
544.88	177.26	504.72	607.04
544.14	176.42	505.09	608.26
543.4	175.57	505.46	609.49
542.66	174.73	505.83	610.72
541.92	173.88	506.21	611.95
541.18	173.04	506.58	613.17
540.44	172.19	506.95	614.4
539.7	171.35	507.32	615.63
538.96	170.5	507.69	616.86
538.22	169.66	508.06	618.08
537.48	168.81	508.43	619.31
536.74	167.97	508.8	620.54
536	167.12	509.18	621.77
535.26	166.28	509.55	622.99
534.52	165.44	509.92	624.21
533.78	164.59	510.29	625.45
533.04	163.75	510.66	626.67
532.3	162.9	513.3	627.9
541.73	160.33	505.46	634.97
551.17	157.77	497.6	642.03
560.6	155.2	489.76	649.1
570.03	152.63	481.91	656.17
579.47	150.07	474.06	663.23
588.9	147.5	466.21	670.3
588.4	145.02	470.93	674.54
587.9	142.54	475.66	678.78
587.4	140.06	480.38	683.02
586.9	137.58	485.1	687.26
573.22	135.1	498.28	691.5
570.08	133.27	505.12	693.11
566.95	131.43	508.51	694.73
563.81	129.6	511.91	696.33
560.68	127.77	515.31	697.94
557.54	125.93	518.71	699.56
554.41	124.1	522.1	701.17
551.27	122.27	525.5	702.77
548.14	120.43	528.9	704.39
545	118.6	532.3	706
541.63	117.01	534.63	707.59
538.27	115.43	536.94	709.17
534.9	113.84	539.27	710.76
531.53	112.26	541.59	712.34
528.17	110.67	543.91	713.93
524.8	109.09	546.23	715.51
521.43	107.5	548.56	717.1
518.07	105.92	550.87	718.68
514.7	104.33	553.2	720.27
513.05	102.75	551.68	721.85
511.39	101.17	550.16	723.43
509.74	99.58	548.64	725.02
508.08	98	547.13	726.6
506.43	96.41	545.61	728.19
504.77	94.83	544.09	729.77
503.12	93.24	542.57	731.36
501.46	91.66	541.06	732.94
499.81	90.07	539.54	734.53
498.15	88.49	538.02	736.11
496.5	86.9	536.5	737.7
499.32	86.2	529.81	738.4
502.13	85.5	523.14	739.1
504.95	84.8	516.45	739.8
507.77	84.1	509.76	740.5
510.58	83.4	503.09	741.2
513.4	82.7	496.4	741.9
516.22	82	489.71	742.6
519.03	81.3	483.04	743.3
521.85	80.6	476.35	744
524.67	79.9	469.66	744.7
527.48	79.2	462.99	745.4
530.3	78.5	456.3	746.1
