982.31	378.16	48.39	37.24
982.85	378.47	48.3	37.67
984.66	379.73	48.54	37.77
988.17	381.41	48.41	36.69
991.68	383.09	48.28	35.61
992.1	383.6	48.1	34
993.45	385.6	47.31	32.83
995.97	388.7	47.9	31.6
998.54	390.1	44.26	33.4
999.68	389.5	44.5	34.12
999.13	389.2	44.1	34.7
1000.92	391.3	43.83	30.3
1000.63	391.97	45.28	29.43
1003.7	392.06	41.95	28.24
1006.5	391.6	40.6	29.5
1006.2	390.6	40.01	29.2
1006.75	390.35	40.25	28.65
1003.49	388.79	41.09	27.11
1006.5	388.94	37.18	27.21
1013.08	387.41	29.12	28.96
1012.3	387.65	29.03	29.01
1014.92	387.03	28.37	29.06
1020.2	387.56	25.8	29.12
1017.55	389.54	27.35	29.17
1012.1	389.2	34.49	29.42
1012.14	389.7	34.38	29.47
1008.95	390.7	38.57	26.43
1006.61	389.47	39.85	26.6
1005.7	388.6	39.11	25.06
1005.84	389.5	40.47	24.43
1003	388.9	41.83	22.7
1000.15	390.1	43.19	21.4
998.7	390.36	43.15	21.88
995.78	391.5	46.32	21.48
994.56	390.3	47.66	22
993.81	391.5	50.42	20.8
990.91	391.39	51.81	21.44
988.01	391.28	53.2	22.09
985.12	391.17	54.59	22.74
982.22	391.06	55.98	23.39
978.93	390.3	57.17	24.04
975.65	390.8	57.75	24.67
971.23	390.15	59	25.32
967.23	390.5	60.26	25.97
965.92	390.32	61.5	26.61
962.75	390.99	62.31	27.26
959.59	391.66	63.11	27.91
956.8	390.8	64	30.3
957.5	390.6	62.8	30.9
952.08	391.2	65.9	31.97
946.1	394.2	69.3	30.65
944.06	399	67.94	27.17
939.76	400.22	69	29.27
939.3	400	67.71	29.4
937.4	401.3	67.9	29.41
935.6	401.9	66.79	30.13
928.8	404.5	70.68	28.84
923.9	406.24	70.83	27.69
923.7	408.2	66.29	26.32
918.4	409.4	66.84	25.71
914.6	411.45	64.9	24.25
911.41	413.3	63.99	23.71
906.7	415.4	65.13	24.43
903.7	415	67.5	25.95
900.71	416.4	67.39	24.7
896.8	416.76	66.4	25.62
894.4	417.11	66.64	26.55
894.1	417.47	65.5	27.46
890.31	416.6	66.89	29.61
885.5	417.57	69.3	29.92
882.72	418.53	69.68	30.23
880.85	419.08	68.05	30.83
878.09	420.39	66.85	31.43
875.33	421.7	65.64	32.03
872.7	422.67	68.6	32.62
869.9	423.91	68.9	33.22
868.72	423.93	66.48	33.83
868.4	423.96	63.3	34.42
866.93	423.99	60.97	35.02
865.8	424.6	58.75	35.03
864	424.04	55.9	36.21
861	423.5	51.5	38.56
861.1	423.8	51.4	38.2
858.9	423.7	49.1	40.34
856.57	425.59	40.73	40.86
856.06	427.6	37.44	41.4
854.87	428.43	35.13	41.97
851.75	429.89	34.25	42.49
849.5	431.35	31.7	43.35
845.95	432.8	27.15	45
842.4	434.26	29.2	45.34
842.5	435.29	29	45.3
839	432.9	31.1	47.9
836.15	434.35	34.01	47.54
833.3	435.8	36.93	47.17
830.1	437.5	40.19	46.56
829.85	436.75	39.95	46.85
826.91	438.69	42.79	46.38
823.97	440.62	45.63	45.93
820.3	442.56	49.8	45.46
818.1	444.5	52.5	44.1
817.69	445.95	52.71	42.55
816	447	54.1	42.9
815.75	448.5	53.45	42.2
812.5	450.7	59.2	44.5
809.4	456.5	64.41	47.1
810.24	457.5	63.77	47.67
811.07	458.5	63.13	48.23
811.9	459.5	62.5	48.8
812.98	459.26	60.72	51.84
813.9	458.7	59.9	52.6
810.6	458.21	61	53.5
806.5	456.92	64.3	55.28
808.3	455.4	63.36	57.45
809.8	456.29	61.01	61.61
811.3	457.19	59.3	59.61
811.1	455.2	60.2	64.5
811.5	455.1	60.8	65.5
816.8	455.91	59	63.28
816.09	453.91	60.21	62.29
816.09	454.5	61.6	62.9
812.4	458.5	60.3	56
808.03	461.13	66.37	52.96
800.16	459.05	68.94	53.15
792	463.11	74.4	49.65
792	463.09	73.9	50.22
788.2	466.91	78.4	48.49
787.9	467.85	80.1	46.65
782.94	473.22	81.86	42.13
777.99	478.6	83.61	37.6
772.6	480.9	82.8	35.4
767.7	485.5	84.7	31.2
767.6	484.7	83.19	32.59
761.1	487.7	88.08	29.6
759	488.8	86.8	27.1
753.4	487.71	88.2	30.29
751	487.6	89.4	32.6
751.5	487.2	88.28	33.46
751.22	481	87.28	41.3
750.6	480.3	87.6	41.87
750.67	478.3	86.63	43.74
750.23	476.55	85.17	44.52
749.8	474.8	83.7	45.3
747.1	469.2	85.9	49.26
743.8	465.47	89.37	51.36
743	463	90.34	53.9
742.2	464	91.32	52.2
741.35	459.9	91.85	54
739.6	454.3	93.93	57.3
739.2	450.9	97.1	58.4
739.9	443.1	94.3	63.9
739.86	442.6	95.04	60.7
742.2	436.48	92.4	62.22
741.86	428.94	92.43	66.17
741.53	421.4	92.46	70.13
741.19	415.76	92.49	69.54
740.85	414.7	91.85	67.54
740.7	407.91	91.87	72.79
739.45	402	92.98	76.65
738.2	396.1	94.1	80.5
739.5	387.53	94.9	82.47
741.08	387.3	93.82	80.04
742.66	377.4	93.78	87.28
744.24	368.1	94.36	92.7
745.2	361.42	96.74	94.06
745.8	361.18	95.7	95.43
749.9	358.12	95.25	96.8
754.4	352.62	94.8	98.16
754.86	346.91	94.35	99.52
755.31	341.19	93.9	100.89
755.3	341.15	93.45	102.25
755.35	336.92	93.85	102.68
759.66	332.7	94.26	104.4
761.77	329.73	94.66	104.67
764.11	321.55	95.06	107.75
763.77	321.87	95.47	107.54
764.37	312.55	95.87	110.75
766.16	304.1	95.64	114.73
767.94	303.6	96.26	109.2
770.99	298.7	98.11	109.77
771.52	298.9	97.48	106.5
775.6	299.41	99.6	105.89
780.11	296.49	101.04	101.46
787.19	293.96	102.47	97.03
792.28	292.1	103.91	92.61
790.8	292.72	105.63	90.08
792.9	289.93	109.5	85.27
793.78	287.14	110.25	79.86
795.6	281.21	111	72.09
793.2	279.99	113.63	69.06
795.46	277.2	112.54	64.45
797.29	274.77	114.64	60.83
798.9	270.3	113.9	57.3
799.53	264.8	116.77	56.2
799.22	262.33	117.42	55.96
800.01	258.4	118.07	54.4
804.57	253.8	118.74	52.6
804.42	250.03	119.38	50.57
804.26	244.05	120.64	50.65
804.1	242.6	120.7	52.6
803.95	238.72	121.35	54.48
803.79	234.33	120.71	55.15
805.5	230.9	121.7	54.9
802.8	229.4	123.9	57
800.1	229.4	126.1	59
800.5	227.7	124.8	58
794.9	224.4	129.44	62
796.66	223.8	126.04	62.83
794.3	223.7	127.67	60.05
792.5	221.7	128.73	59.17
802.22	218.1	117.98	60.5
799.16	215.79	121.34	61.21
800.17	214.09	120.43	61.71
797.41	212.1	123.59	62.5
797.25	209.45	125.05	65.95
797.09	206.8	125.61	69.3
799.5	204.15	122.06	71.51
800.3	199.9	120.12	75.32
799.1	195.6	120.18	79.18
797.9	191.3	120.24	83.04
796.9	194.5	120.1	79.4
797.95	193.55	119.1	81.4
799	192.6	118.1	83.4
798.79	192.4	118.11	84
798.57	191.4	120.23	84.36
801.5	186.67	118.7	87.81
800	182.7	120.02	86.86
799.95	182.18	120.65	87.62
799.06	177.04	119.34	89.96
796.6	172.3	116.75	91.8
797.28	166.77	111.02	105.13
796.8	167.4	109.7	113.8
795.7	166.7	111.3	114.9
798.72	171.64	107.88	120.76
801.74	176.59	104.46	126.61
802.8	179.9	103.71	136.6
806.77	184.29	100.14	145.8
808.1	182.5	97.69	145.71
814.7	190.3	92.22	148
820.9	194	83.76	151.55
823.4	192.4	79	160.4
820.3	195.5	77.38	166.12
818.9	194.3	77.41	167.7
818.18	202.56	77.9	173.95
816.82	212.15	78.39	180.19
823.8	217.16	69.77	186.45
825.7	216.96	66.24	192.69
818.99	218.7	70.01	198.3
817.3	226.55	68.5	206.49
810.7	234.4	72.3	211.42
804.1	242.25	76.1	216.35
803.6	241.87	76.08	216.44
797.25	257.89	78.69	214.56
790.9	273.9	81.3	212.7
784.54	290.5	83.66	215.3
778.19	311.6	88.11	213
771.84	314.6	93.56	208.6
767.37	319.99	96.73	215.41
760.39	324.7	98.64	225.47
753.41	343.59	100.56	221.34
746.44	362.47	102.46	217.23
747.7	361.37	102.4	215.99
740.63	379.8	106.49	219.4
728.9	398.8	113.4	221.4
719.68	418.2	117.09	221.9
721.27	418.98	116.03	222.82
713.84	435.54	115.96	219.26
703.6	451.2	119.9	220.3
692.4	468.1	127.3	216.1
683.55	500.94	138.85	205.76
684.1	501.81	139.2	204.89
673.82	523.94	144.08	200.76
667.3	540.3	150.1	203.6
653	555.2	164.5	211.7
646.4	580.8	165	205.4
644	579.4	166.3	206.5
645.6	596.9	164	201.5
646	616.2	161	193.8
652.63	620.5	148.87	202.7
664	638	124.1	195.1
666.8	640.4	123.8	190.3
664.9	680.7	115.1	156.58
690.8	712.44	77.66	132.35
703.5	733	55.3	117.42
